1 0.55625 0.328125 0.5625 0.3296875 0.571875 0.325 0.5921875 0.325 0.5984375 0.328125 0.6109375 0.3421875 0.61875 0.34375 0.625 0.3546875 0.625 0.371875 0.6203125 0.390625 0.6109375 0.390625 0.6078125 0.3859375 0.5921875 0.3875 0.5859375 0.39375 0.5859375 0.3984375 0.5828125 0.403125 0.575 0.403125 0.56875 0.3953125 0.5578125 0.3953125 0.5453125 0.378125 0.5453125 0.3734375 0.5390625 0.3640625 0.5390625 0.35 0.54375 0.3328125 0.546875 0.3296875 0.5546875 0.3296875
1 0.8234375 0.365625 0.8359375 0.36875 0.8421875 0.375 0.8484375 0.3953125 0.8484375 0.43125 0.84375 0.4375 0.834375 0.4328125 0.8296875 0.4359375 0.8203125 0.4546875 0.8171875 0.4546875 0.8109375 0.4484375 0.7875 0.4453125 0.7796875 0.4515625 0.7765625 0.4515625 0.7734375 0.44375 0.7734375 0.421875 0.7765625 0.4125 0.784375 0.4015625 0.784375 0.39375 0.7890625 0.390625 0.79375 0.3796875 0.7984375 0.375 0.8171875 0.365625 0.821875 0.365625
1 0.953125 0.3625 0.9484375 0.3609375 0.9421875 0.371875 0.9375 0.3671875 0.925 0.3625 0.9234375 0.3640625 0.9109375 0.3625 0.9046875 0.3703125 0.9 0.36875 0.8984375 0.3640625 0.9 0.340625 0.9125 0.3140625 0.91875 0.3078125 0.93125 0.303125 0.9453125 0.303125 0.9546875 0.309375 0.9578125 0.3234375 0.9578125 0.35 0.9546875 0.3609375
1 0.565625 0.509375 0.58125 0.5140625 0.621875 0.534375 0.6265625 0.55 0.628125 0.58125 0.61875 0.6046875 0.6171875 0.61875 0.6125 0.6265625 0.6078125 0.628125 0.6 0.6203125 0.596875 0.6203125 0.5765625 0.6359375 0.5546875 0.6484375 0.546875 0.6578125 0.5421875 0.678125 0.5359375 0.6828125 0.5296875 0.68125 0.525 0.675 0.496875 0.6734375 0.4765625 0.665625 0.4640625 0.646875 0.4640625 0.6140625 0.4734375 0.590625 0.4859375 0.5765625 0.4921875 0.565625 0.490625 0.55625 0.4921875 0.5546875 0.496875 0.55625 0.509375 0.5390625 0.5265625 0.521875 0.5359375 0.515625 0.55 0.509375 0.5640625 0.509375
1 0.1453125 0.4453125 0.165625 0.45 0.1796875 0.4625 0.190625 0.4671875 0.190625 0.4703125 0.16875 0.484375 0.15625 0.5109375 0.1546875 0.534375 0.146875 0.540625 0.1375 0.5421875 0.1328125 0.546875 0.1328125 0.553125 0.128125 0.5609375 0.1171875 0.5671875 0.109375 0.565625 0.1015625 0.5546875 0.0703125 0.5515625 0.0578125 0.5421875 0.0546875 0.5328125 0.0546875 0.5234375 0.059375 0.515625 0.0578125 0.5015625 0.0640625 0.4640625 0.06875 0.459375 0.103125 0.4484375 0.1234375 0.446875 0.13125 0.44375 0.14375 0.4453125
1 0.296875 0.303125 0.31875 0.3359375 0.31875 0.3515625 0.3140625 0.35625 0.2890625 0.35625 0.2875 0.3578125 0.2828125 0.3578125 0.278125 0.3484375 0.275 0.346875 0.26875 0.3484375 0.265625 0.3453125 0.265625 0.3171875 0.26875 0.3109375 0.278125 0.303125 0.2953125 0.303125
1 0.78125 0.2921875 0.790625 0.296875 0.7984375 0.3125 0.8 0.340625 0.796875 0.34375 0.7859375 0.3453125 0.7765625 0.353125 0.76875 0.346875 0.7578125 0.346875 0.7484375 0.3515625 0.74375 0.340625 0.74375 0.3296875 0.7484375 0.2984375 0.7546875 0.29375 0.7796875 0.2921875
1 0.2421875 0.465625 0.253125 0.46875 0.275 0.4875 0.290625 0.4890625 0.3078125 0.5 0.3125 0.51875 0.3109375 0.5359375 0.3046875 0.55 0.2984375 0.55625 0.29375 0.5578125 0.2890625 0.55625 0.2828125 0.5484375 0.278125 0.5484375 0.275 0.5515625 0.2703125 0.5515625 0.2625 0.55625 0.25 0.5578125 0.24375 0.5625 0.2296875 0.5671875 0.2203125 0.575 0.2203125 0.58125 0.2171875 0.5875 0.20625 0.5953125 0.2 0.5953125 0.1921875 0.58125 0.165625 0.571875 0.159375 0.565625 0.15625 0.5578125 0.1546875 0.51875 0.1640625 0.496875 0.178125 0.478125 0.190625 0.4734375 0.1984375 0.4671875 0.240625 0.465625
1 0.86875 0.3046875 0.871875 0.3078125 0.875 0.31875 0.8734375 0.35625 0.8609375 0.3578125 0.8546875 0.3671875 0.8484375 0.3640625 0.8171875 0.3609375 0.8171875 0.3421875 0.8296875 0.3171875 0.8375 0.309375 0.8421875 0.3078125 0.8671875 0.30625
2 0.50234375 0.40546875 0.1140625 0.10234375
3 0.8515625 0.4390625 0.8625 0.446875 0.8734375 0.4453125 0.865625 0.45 0.8671875 0.45625 0.865625 0.459375 0.8703125 0.4640625 0.86875 0.4921875 0.865625 0.4921875 0.8625 0.4875 0.8515625 0.50625 0.8484375 0.5015625 0.8484375 0.484375 0.8546875 0.4515625 0.8546875 0.4453125 0.8515625 0.440625
3 0.1671875 0.2625 0.171875 0.2703125 0.171875 0.290625 0.165625 0.3015625 0.1609375 0.3015625 0.159375 0.296875 0.159375 0.26875 0.1609375 0.2640625 0.165625 0.2625
4 0.4703125 0.6375 0.4734375 0.6375 0.4796875 0.64375 0.4875 0.646875 0.490625 0.6546875 0.484375 0.65625 0.475 0.6515625 0.4703125 0.646875 0.4703125 0.6390625
4 0.55 0.3625 0.5546875 0.3640625 0.5546875 0.3703125 0.553125 0.371875 0.546875 0.3703125 0.5484375 0.3640625
4 0.9984375 0.30625 0.9984375 0.3109375 0.990625 0.3109375 0.9921875 0.30625 0.996875 0.30625
4 0.921875 0.3484375 0.9234375 0.35 0.921875 0.3546875 0.9109375 0.353125 0.9125 0.3484375 0.9203125 0.3484375
4 0.0671875 0.5125 0.06875 0.5140625 0.0671875 0.5234375 0.0640625 0.5234375 0.0625 0.5203125 0.0625 0.5140625 0.065625 0.5125
4 0.334375 0.321875 0.34375 0.321875 0.3421875 0.3265625 0.3359375 0.3265625 0.334375 0.3234375
4 0.4609375 0.4265625 0.4671875 0.428125 0.465625 0.4375 0.4609375 0.4375 0.4609375 0.428125
4 0.83125 0.35 0.8375 0.353125 0.8359375 0.359375 0.825 0.35625 0.825 0.353125 0.8296875 0.35
4 0.85703125 0.45625 0.0078125 0.01328125
4 0.7859375 0.4328125 0.8 0.4359375 0.7984375 0.440625 0.790625 0.440625 0.784375 0.4359375 0.7859375 0.434375
4 0.759375 0.321875 0.7609375 0.328125 0.7578125 0.3296875 0.7546875 0.328125 0.7546875 0.3234375 0.7578125 0.321875
4 0.1609375 0.5328125 0.1671875 0.5359375 0.1671875 0.546875 0.1625 0.5484375 0.159375 0.5421875 0.1609375 0.534375
4 0.825 0.35 0.8328125 0.35 0.8375 0.353125 0.834375 0.3578125 0.83125 0.3578125 0.825 0.35625 0.8234375 0.3546875 0.825 0.3515625