1 0.98125 0.2875 0.9875 0.2921875 0.9890625 0.3109375 0.984375 0.3140625 0.9703125 0.3171875 0.9609375 0.325 0.959375 0.3296875 0.953125 0.3140625 0.9453125 0.3078125 0.940625 0.3078125 0.9390625 0.3046875 0.946875 0.2984375 0.953125 0.2890625 0.9796875 0.2875
1 0.18125 0.2265625 0.1859375 0.2296875 0.1921875 0.240625 0.1921875 0.2609375 0.190625 0.2625 0.171875 0.2625 0.1640625 0.2546875 0.1671875 0.228125 0.1734375 0.225 0.1796875 0.2265625
1 0.2328125 0.2484375 0.24375 0.246875 0.2546875 0.25 0.265625 0.26875 0.265625 0.28125 0.2609375 0.2890625 0.2546875 0.2859375 0.2515625 0.2875 0.2484375 0.275 0.2453125 0.271875 0.240625 0.275 0.2375 0.2859375 0.2328125 0.2890625 0.228125 0.278125 0.228125 0.26875 0.2328125 0.25
1 0.28046875 0.3265625 0.04296875 0.05625
1 0.43125 0.3 0.440625 0.2984375 0.4765625 0.3 0.4921875 0.31875 0.50625 0.321875 0.5125 0.334375 0.5125 0.3484375 0.496875 0.3671875 0.4875 0.365625 0.4859375 0.3609375 0.4796875 0.35625 0.45625 0.3546875 0.4515625 0.35625 0.446875 0.3625 0.4359375 0.3625 0.43125 0.3546875 0.43125 0.35 0.425 0.3453125 0.4234375 0.340625 0.425 0.3171875 0.428125 0.3046875 0.43125 0.3015625
1 0.7375 0.6453125 0.7390625 0.646875 0.7734375 0.646875 0.7890625 0.65 0.80625 0.65 0.8140625 0.653125 0.828125 0.653125 0.8890625 0.66875 0.9078125 0.678125 0.9234375 0.6921875 0.928125 0.69375 0.9640625 0.728125 0.9921875 0.74375 0.996875 0.7484375 0.9984375 0.7515625 0.996875 0.753125 0.9984375 0.7578125 0.9984375 0.9578125 0.9921875 0.9515625 0.984375 0.9359375 0.9859375 0.9328125 0.984375 0.9296875 0.975 0.921875 0.9671875 0.9203125 0.9640625 0.9171875 0.9546875 0.9171875 0.93125 0.9109375 0.928125 0.9078125 0.915625 0.90625 0.9078125 0.9015625 0.8984375 0.9015625 0.89375 0.8984375 0.85625 0.890625 0.853125 0.8875 0.8375 0.8859375 0.8328125 0.8828125 0.81875 0.88125 0.79375 0.8734375 0.778125 0.8953125 0.771875 0.8984375 0.7578125 0.896875 0.746875 0.8875 0.7421875 0.8796875 0.7359375 0.8546875 0.7015625 0.8375 0.6953125 0.8171875 0.696875 0.753125 0.7015625 0.70625 0.709375 0.690625 0.7203125 0.65 0.728125 0.6453125 0.7359375 0.6453125
1 0.1609375 0.2546875 0.1546875 0.2515625 0.153125 0.2421875 0.1546875 0.2296875 0.1609375 0.2265625 0.1671875 0.228125 0.1640625 0.234375 0.1640625 0.253125 0.1625 0.253125
1 0.9984375 0.3171875 0.9984375 0.365625 0.996875 0.3671875 0.9984375 0.4015625 0.9859375 0.3953125 0.953125 0.3921875 0.95 0.396875 0.9453125 0.396875 0.9421875 0.3921875 0.9421875 0.3734375 0.9453125 0.3671875 0.9453125 0.3609375 0.95625 0.34375 0.959375 0.3296875 0.971875 0.31875 0.996875 0.3171875
1 0.2765625 0.603125 0.2828125 0.6046875 0.296875 0.61875 0.3078125 0.634375 0.321875 0.646875 0.3671875 0.65 0.3734375 0.6453125 0.3734375 0.6421875 0.3734375 0.6515625 0.3875 0.6640625 0.403125 0.709375 0.4046875 0.7515625 0.4 0.765625 0.3890625 0.78125 0.3828125 0.8109375 0.375 0.821875 0.365625 0.8265625 0.35625 0.8265625 0.3484375 0.8234375 0.3421875 0.815625 0.3390625 0.8046875 0.3359375 0.8015625 0.3140625 0.803125 0.30625 0.80625 0.2609375 0.8125 0.253125 0.815625 0.2078125 0.8234375 0.2015625 0.8296875 0.19375 0.85625 0.18125 0.865625 0.1703125 0.86875 0.1609375 0.86875 0.153125 0.865625 0.146875 0.85625 0.1375 0.83125 0.1203125 0.8265625 0.1046875 0.8265625 0.096875 0.8234375 0.0921875 0.81875 0.0859375 0.8015625 0.0875 0.784375 0.0796875 0.778125 0.0734375 0.765625 0.071875 0.7375 0.078125 0.7078125 0.078125 0.6984375 0.0875 0.6890625 0.096875 0.6875 0.1 0.684375 0.1015625 0.675 0.096875 0.6625 0.096875 0.6515625 0.1015625 0.6359375 0.1046875 0.628125 0.1125 0.6203125 0.1328125 0.6171875 0.1390625 0.6140625 0.1625 0.6125 0.18125 0.6078125 0.196875 0.6078125 0.2046875 0.6046875 0.275 0.603125
1 0.321875 0.284375 0.3421875 0.2828125 0.353125 0.2875 0.3640625 0.3 0.3734375 0.321875 0.3734375 0.3359375 0.36875 0.346875 0.3609375 0.3421875 0.3546875 0.3421875 0.3375 0.3484375 0.334375 0.3390625 0.3296875 0.334375 0.3203125 0.3375 0.3171875 0.3203125 0.3171875 0.3015625 0.321875 0.2859375
1 0.89375 0.309375 0.896875 0.3078125 0.90625 0.309375 0.928125 0.3078125 0.93125 0.309375 0.9359375 0.325 0.9359375 0.35 0.9375 0.3515625 0.9328125 0.3828125 0.928125 0.384375 0.921875 0.378125 0.915625 0.3953125 0.909375 0.3953125 0.90625 0.3890625 0.9 0.384375 0.8828125 0.38125 0.8765625 0.384375 0.8734375 0.3921875 0.86875 0.3921875 0.8671875 0.3890625 0.86875 0.353125 0.88125 0.325 0.89375 0.3109375
1 0.1953125 0.271875 0.19375 0.234375 0.2015625 0.225 0.2078125 0.2296875 0.2203125 0.2296875 0.2265625 0.2328125 0.23125 0.240625 0.23125 0.2515625 0.225 0.2734375 0.209375 0.278125 0.196875 0.271875
1 0.271875 0.2640625 0.2890625 0.2625 0.3078125 0.271875 0.3140625 0.2828125 0.3171875 0.296875 0.3125 0.321875 0.30625 0.321875 0.2875 0.2984375 0.2671875 0.296875 0.265625 0.29375 0.2703125 0.2890625 0.26875 0.275 0.271875 0.265625
1 0.9984375 0.2796875 0.9984375 0.3109375 0.9953125 0.3140625 0.990625 0.3125 0.990625 0.3 0.9875 0.2921875 0.98125 0.2875 0.98125 0.284375 0.9859375 0.2796875 0.996875 0.2796875
1 0.9328125 0.309375 0.946875 0.3109375 0.95625 0.325 0.95625 0.3359375 0.953125 0.3453125 0.946875 0.353125 0.9421875 0.3671875 0.9390625 0.3703125 0.9375 0.36875 0.9390625 0.3390625 0.9328125 0.3109375
3 0.9625 0.2578125 0.9640625 0.271875 0.959375 0.28125 0.95625 0.278125 0.95625 0.2625 0.9609375 0.2578125
3 0.8421875 0.3234375 0.846875 0.3296875 0.846875 0.3359375 0.85 0.3421875 0.8484375 0.3578125 0.8453125 0.3640625 0.840625 0.3625 0.834375 0.3671875 0.8375 0.328125 0.840625 0.325
4 0.9625 0.378125 0.9703125 0.378125 0.9703125 0.3875 0.9640625 0.3875 0.9625 0.3796875
4 0.8796875 0.36875 0.89375 0.3703125 0.89375 0.375 0.8828125 0.375 0.8796875 0.3734375 0.8796875 0.3703125