2 0.534375 0.43203125 0.13046875 0.1
1 0.8296875 0.2265625 0.834375 0.234375 0.8359375 0.25 0.834375 0.2578125 0.83125 0.2609375 0.8125 0.2609375 0.8078125 0.2515625 0.8078125 0.2421875 0.8125 0.23125 0.821875 0.225 0.828125 0.2265625
1 0.7125 0.26875 0.715625 0.284375 0.715625 0.3 0.709375 0.315625 0.703125 0.315625 0.7 0.31875 0.6984375 0.3265625 0.6953125 0.3265625 0.6921875 0.321875 0.6671875 0.3203125 0.665625 0.315625 0.6671875 0.2984375 0.675 0.2828125 0.684375 0.271875 0.690625 0.26875 0.7109375 0.26875
1 0.121875 0.2578125 0.1265625 0.2703125 0.11875 0.271875 0.1125 0.278125 0.1078125 0.2953125 0.1046875 0.296875 0.1015625 0.29375 0.0953125 0.2953125 0.09375 0.29375 0.090625 0.284375 0.090625 0.2734375 0.1 0.2578125 0.1078125 0.25625 0.1203125 0.2578125
1 0.765625 0.2859375 0.765625 0.278125 0.7609375 0.271875 0.75625 0.278125 0.75625 0.2859375 0.753125 0.2875 0.7515625 0.2828125 0.753125 0.25 0.759375 0.24375 0.765625 0.2421875 0.7765625 0.2421875 0.78125 0.2515625 0.78125 0.2671875 0.778125 0.2765625 0.7734375 0.284375 0.7671875 0.2859375
1 0.0796875 0.30625 0.08125 0.3078125 0.1 0.3078125 0.1125 0.31875 0.121875 0.334375 0.121875 0.340625 0.128125 0.35 0.13125 0.3625 0.13125 0.3875 0.128125 0.3921875 0.121875 0.3890625 0.11875 0.38125 0.1046875 0.38125 0.096875 0.3828125 0.0875 0.3953125 0.0828125 0.3953125 0.0796875 0.390625 0.0796875 0.3828125 0.0765625 0.378125 0.0734375 0.378125 0.071875 0.3828125 0.065625 0.3828125 0.0625 0.3703125 0.0609375 0.34375 0.0640625 0.3171875 0.0703125 0.30625 0.078125 0.30625
1 0.559375 0.2984375 0.5703125 0.3 0.5765625 0.325 0.5765625 0.3421875 0.5703125 0.35 0.5671875 0.359375 0.5640625 0.3625 0.5546875 0.3625 0.546875 0.3546875 0.534375 0.3546875 0.521875 0.35625 0.5109375 0.3640625 0.5015625 0.3625 0.4875 0.3515625 0.4859375 0.3390625 0.4890625 0.325 0.4953125 0.3203125 0.5078125 0.31875 0.5171875 0.3046875 0.5234375 0.3 0.5578125 0.2984375
1 0.834375 0.228125 0.8375 0.2265625 0.84375 0.228125 0.8453125 0.234375 0.84375 0.253125 0.8375 0.2546875 0.8359375 0.253125 0.8359375 0.2359375 0.8328125 0.228125
1 0.0234375 0.2828125 0.034375 0.296875 0.0375 0.315625 0.0296875 0.3328125 0.0109375 0.3328125 0.00625 0.3359375 0 0.3359375 0 0.28125 0.0015625 0.2796875 0.01875 0.2796875 0.021875 0.2828125
1 0.7921875 0.3171875 0.80625 0.33125 0.80625 0.359375 0.803125 0.3625 0.7984375 0.3625 0.7921875 0.3734375 0.784375 0.3734375 0.771875 0.3671875 0.7625 0.3671875 0.75625 0.371875 0.753125 0.3625 0.753125 0.35 0.75625 0.3359375 0.765625 0.31875 0.771875 0.315625 0.790625 0.3171875
1 0.8859375 0.415625 0.9140625 0.421875 0.9296875 0.4296875 0.934375 0.434375 0.9453125 0.4703125 0.9453125 0.5109375 0.9421875 0.51875 0.928125 0.5265625 0.9203125 0.5359375 0.9046875 0.5328125 0.89375 0.534375 0.884375 0.5328125 0.871875 0.54375 0.8609375 0.540625 0.8546875 0.5296875 0.853125 0.521875 0.8484375 0.5171875 0.815625 0.5015625 0.80625 0.5015625 0.7984375 0.5046875 0.79375 0.503125 0.7890625 0.4953125 0.7875 0.484375 0.7828125 0.4734375 0.7828125 0.45625 0.7875 0.44375 0.7921875 0.4390625 0.8140625 0.4359375 0.8203125 0.4328125 0.8265625 0.425 0.8375 0.41875 0.884375 0.415625
1 0.725 0.29375 0.7484375 0.2921875 0.7515625 0.29375 0.7546875 0.303125 0.7546875 0.33125 0.753125 0.3328125 0.746875 0.3359375 0.74375 0.340625 0.7359375 0.3375 0.7140625 0.3390625 0.7125 0.3375 0.7125 0.3109375 0.715625 0.303125 0.725 0.2953125
1 0.0359375 0.35625 0.034375 0.325 0.040625 0.3078125 0.0453125 0.3046875 0.0625 0.3046875 0.065625 0.3078125 0.059375 0.334375 0.059375 0.3609375 0.0484375 0.3640625 0.04375 0.35625 0.0375 0.35625
1 0.0453125 0.2609375 0.05 0.2640625 0.04375 0.275 0.04375 0.2828125 0.0296875 0.2828125 0.0265625 0.278125 0.028125 0.2671875 0.03125 0.2625 0.04375 0.2609375
1 0.1265625 0.271875 0.140625 0.275 0.1453125 0.290625 0.1453125 0.3078125 0.1390625 0.30625 0.121875 0.3078125 0.1125 0.3046875 0.109375 0.29375 0.1109375 0.2859375 0.115625 0.275 0.125 0.2734375
1 0.9984375 0.6828125 0.9984375 0.865625 0.9515625 0.8515625 0.9453125 0.8609375 0.934375 0.8703125 0.9234375 0.8703125 0.9078125 0.8625 0.9 0.8546875 0.89375 0.8359375 0.871875 0.821875 0.8578125 0.80625 0.8546875 0.796875 0.8546875 0.771875 0.853125 0.7703125 0.8546875 0.7484375 0.8703125 0.71875 0.8796875 0.709375 0.8921875 0.703125 0.9109375 0.6984375 0.94375 0.696875 0.9625 0.6921875 0.965625 0.6890625 0.9734375 0.6890625 0.996875 0.6828125
1 0.065625 0.2609375 0.0703125 0.2625 0.0734375 0.2671875 0.075 0.2765625 0.0734375 0.2921875 0.0484375 0.290625 0.0453125 0.2859375 0.0453125 0.2734375 0.05 0.265625 0.053125 0.2625 0.0640625 0.2609375
5 0.8015625 0.225 0.80625 0.23125 0.80625 0.2703125 0.796875 0.271875 0.7921875 0.275 0.784375 0.271875 0.78125 0.246875 0.7734375 0.2375 0.778125 0.2296875 0.790625 0.2296875 0.8 0.225
4 0.1375 0.2984375 0.1390625 0.303125 0.1328125 0.303125 0.1328125 0.3 0.1359375 0.2984375
4 0.5875 0.4390625 0.5875 0.446875 0.584375 0.453125 0.578125 0.4546875 0.575 0.453125 0.575 0.4421875 0.5859375 0.4390625
4 0.00703125 0.50390625 0.009375 0.0140625
4 0.91875 0.4875 0.9296875 0.4890625 0.9296875 0.4953125 0.9234375 0.5015625 0.9203125 0.5015625 0.91875 0.4984375 0.91875 0.4890625
4 0.775 0.3453125 0.7765625 0.346875 0.775 0.35 0.7640625 0.3484375 0.765625 0.3453125 0.7734375 0.3453125
4 0.7265625 0.3234375 0.728125 0.325 0.7265625 0.33125 0.71875 0.3296875 0.71875 0.325 0.725 0.3234375
4 0.1125 0.371875 0.01640625 0.00859375