1 0.859375 0.290625 0.859375 0.2671875 0.865625 0.2546875 0.8828125 0.2546875 0.8875 0.259375 0.890625 0.2671875 0.890625 0.2828125 0.8875 0.290625 0.871875 0.290625 0.8703125 0.2890625 0.8609375 0.290625
1 0.8171875 0.3734375 0.8203125 0.375 0.825 0.3859375 0.83125 0.409375 0.83125 0.428125 0.828125 0.4484375 0.8234375 0.4546875 0.8125 0.453125 0.8046875 0.4578125 0.7984375 0.4640625 0.7984375 0.46875 0.79375 0.4765625 0.7890625 0.4765625 0.7828125 0.471875 0.7640625 0.4703125 0.75625 0.4671875 0.74375 0.4671875 0.740625 0.4703125 0.7375 0.4609375 0.7375 0.44375 0.740625 0.428125 0.753125 0.4109375 0.7578125 0.4 0.7765625 0.3796875 0.796875 0.3734375 0.809375 0.375 0.815625 0.3734375
1 0.240625 0.275 0.253125 0.275 0.2609375 0.278125 0.271875 0.2921875 0.275 0.3 0.265625 0.3125 0.2609375 0.3265625 0.24375 0.328125 0.240625 0.3234375 0.234375 0.3203125 0.2296875 0.3109375 0.2328125 0.2875 0.2359375 0.2796875 0.240625 0.2765625
1 0.33125 0.2796875 0.3375 0.284375 0.3421875 0.2984375 0.35 0.3109375 0.35 0.3234375 0.3453125 0.334375 0.3375 0.33125 0.321875 0.3375 0.3 0.3015625 0.3 0.2921875 0.3046875 0.278125 0.3296875 0.2796875
1 0.271875 0.2578125 0.28125 0.275 0.2734375 0.2828125 0.271875 0.2890625 0.2609375 0.2765625 0.2453125 0.271875 0.2453125 0.259375 0.2484375 0.2546875 0.2625 0.253125 0.2703125 0.2578125
1 0.2265625 0.2640625 0.2328125 0.2671875 0.2390625 0.275 0.23125 0.2890625 0.2296875 0.3109375 0.2171875 0.3078125 0.2125 0.2984375 0.2125 0.2875 0.215625 0.275 0.21875 0.26875 0.225 0.265625
1 0.2015625 0.234375 0.2140625 0.234375 0.2234375 0.2375 0.228125 0.2421875 0.2265625 0.2578125 0.2203125 0.265625 0.2125 0.2484375 0.2 0.2421875 0.2015625 0.2359375
1 0.925 0.35625 0.9484375 0.334375 0.9640625 0.3296875 0.9734375 0.33125 0.9953125 0.328125 0.9984375 0.3296875 0.9984375 0.4125 0.9921875 0.415625 0.9734375 0.4171875 0.9671875 0.4234375 0.9609375 0.4359375 0.95625 0.4359375 0.953125 0.4328125 0.9515625 0.4234375 0.946875 0.4203125 0.921875 0.41875 0.915625 0.428125 0.9109375 0.428125 0.9078125 0.4234375 0.9078125 0.4109375 0.9046875 0.403125 0.9078125 0.3796875 0.9109375 0.375 0.9234375 0.36875 0.925 0.3578125
1 0.1546875 0.703125 0.1625 0.709375 0.1734375 0.7234375 0.1921875 0.7640625 0.1984375 0.784375 0.1984375 0.80625 0.203125 0.8203125 0.203125 0.8609375 0.19375 0.88125 0.19375 0.8953125 0.1890625 0.90625 0.1734375 0.921875 0.1609375 0.928125 0.153125 0.928125 0.146875 0.9203125 0.1453125 0.9125 0.14375 0.9109375 0.1390625 0.9125 0.0875 0.946875 0.04375 0.98125 0.0328125 0.9859375 0.021875 0.9953125 0.00625 0.9984375 0 0.996875 0 0.7609375 0.015625 0.75 0.025 0.746875 0.0265625 0.74375 0.034375 0.7421875 0.0515625 0.7296875 0.05625 0.7296875 0.0625 0.725 0.0859375 0.7171875 0.0890625 0.7140625 0.13125 0.7015625 0.1515625 0.7015625 0.153125 0.703125
1 0.2765625 0.2796875 0.2796875 0.278125 0.3015625 0.2796875 0.3 0.29375 0.2953125 0.3015625 0.2828125 0.3 0.2796875 0.3015625 0.2765625 0.2984375 0.2734375 0.290625 0.2734375 0.284375 0.2765625 0.28125
1 0.171875 0.234375 0.1828125 0.23125 0.190625 0.2359375 0.1890625 0.240625 0.1859375 0.2390625 0.18125 0.240625 0.178125 0.2453125 0.1796875 0.25 0.1765625 0.2578125 0.178125 0.278125 0.171875 0.2765625 0.16875 0.271875 0.16875 0.2421875 0.171875 0.2359375
1 0.3109375 0.3234375 0.31875 0.334375 0.3171875 0.35625 0.29375 0.35625 0.2875 0.359375 0.2828125 0.3578125 0.278125 0.3484375 0.271875 0.3484375 0.265625 0.3453125 0.265625 0.3171875 0.26875 0.3109375 0.2765625 0.303125 0.296875 0.303125 0.309375 0.3234375
1 0.1734375 0.275 0.178125 0.2421875 0.18125 0.2390625 0.1921875 0.2390625 0.19375 0.2453125 0.1875 0.25 0.1859375 0.2828125 0.1796875 0.2828125 0.175 0.2765625
1 0.225 0.3140625 0.2328125 0.3203125 0.2421875 0.3375 0.24375 0.3703125 0.240625 0.375 0.2375 0.375 0.2328125 0.3703125 0.209375 0.3734375 0.20625 0.3796875 0.2 0.3765625 0.2 0.3734375 0.19375 0.365625 0.1875 0.3671875 0.184375 0.365625 0.1828125 0.3578125 0.184375 0.334375 0.196875 0.3171875 0.203125 0.3140625 0.2234375 0.3140625
1 0.203125 0.24375 0.209375 0.246875 0.215625 0.2546875 0.2171875 0.2703125 0.2140625 0.275 0.2109375 0.290625 0.203125 0.2921875 0.2 0.2953125 0.1921875 0.290625 0.1859375 0.28125 0.1859375 0.2671875 0.1890625 0.2484375 0.19375 0.24375 0.2015625 0.24375
1 0.9421875 0.2921875 0.9484375 0.2984375 0.9484375 0.3078125 0.9515625 0.3171875 0.95 0.33125 0.9421875 0.3359375 0.928125 0.353125 0.9234375 0.3546875 0.9203125 0.3625 0.9140625 0.3609375 0.89375 0.365625 0.890625 0.3578125 0.890625 0.3421875 0.8953125 0.3171875 0.9 0.3140625 0.9078125 0.3 0.9171875 0.29375 0.940625 0.2921875
1 0.25 0.25 0.2453125 0.2578125 0.2421875 0.2734375 0.2265625 0.2625 0.228125 0.25 0.2296875 0.2484375 0.246875 0.2484375 0.2484375 0.25
1 0.5859375 0.490625 0.5984375 0.4953125 0.603125 0.5 0.6171875 0.528125 0.621875 0.5640625 0.6171875 0.6015625 0.6125 0.60625 0.6046875 0.60625 0.6015625 0.603125 0.571875 0.6234375 0.5640625 0.63125 0.5609375 0.63125 0.55625 0.6375 0.5515625 0.653125 0.54375 0.6578125 0.5390625 0.6578125 0.525 0.6484375 0.5109375 0.6484375 0.5 0.6453125 0.4828125 0.6359375 0.4765625 0.6234375 0.4765625 0.6015625 0.4796875 0.5828125 0.5 0.55625 0.5046875 0.5390625 0.5078125 0.5390625 0.5140625 0.5328125 0.5328125 0.5046875 0.540625 0.5 0.553125 0.496875 0.55625 0.49375 0.56875 0.4921875 0.575 0.4890625 0.584375 0.490625
2 0.59609375 0.45 0.13046875 0.13515625
5 0.8859375 0.30625 0.890625 0.3125 0.8859375 0.3765625 0.8796875 0.384375 0.8765625 0.403125 0.8734375 0.40625 0.865625 0.4015625 0.859375 0.403125 0.853125 0.409375 0.8453125 0.4234375 0.834375 0.421875 0.83125 0.4 0.825 0.3828125 0.81875 0.3765625 0.8125 0.3765625 0.80625 0.3734375 0.80625 0.36875 0.8109375 0.3625 0.809375 0.353125 0.8140625 0.35 0.825 0.328125 0.828125 0.3140625 0.8515625 0.303125 0.859375 0.3015625 0.8703125 0.3015625 0.884375 0.30625
5 0.984375 0.28359375 0.03125 0.084375
5 0.16875 0.2203125 0.178125 0.225 0.178125 0.23125 0.175 0.23125 0.16875 0.2375 0.165625 0.25625 0.1625 0.25625 0.1546875 0.2484375 0.1546875 0.2296875 0.159375 0.228125 0.1625 0.2203125 0.1671875 0.2203125
4 0.49375 0.6203125 0.5046875 0.625 0.5046875 0.6328125 0.496875 0.6328125 0.4875 0.628125 0.4828125 0.61875 0.4859375 0.6171875 0.4921875 0.6203125
4 0.9265625 0.4046875 0.93125 0.4078125 0.93125 0.4125 0.9171875 0.4109375 0.915625 0.4078125 0.9171875 0.4046875 0.925 0.4046875
4 0.753125 0.45 0.7640625 0.453125 0.7640625 0.4578125 0.7609375 0.459375 0.75 0.4578125 0.746875 0.453125 0.7515625 0.45
4 0.2171875 0.3484375 0.2203125 0.3453125 0.234375 0.3453125 0.234375 0.3484375 0.228125 0.3515625 0.21875 0.35
4 0.9015625 0.3484375 0.9125 0.35 0.9125 0.353125 0.9015625 0.353125 0.9 0.3515625 0.9015625 0.35