1 0.959375 0.275 0.959375 0.26875 0.9640625 0.2640625 0.984375 0.2640625 0.9890625 0.2734375 0.9890625 0.2796875 0.9875 0.28125 0.96875 0.28125 0.965625 0.2765625 0.9609375 0.275
1 0.1796875 0.2265625 0.184375 0.2328125 0.1859375 0.240625 0.1859375 0.2546875 0.1828125 0.2609375 0.1671875 0.2609375 0.1625 0.2546875 0.165625 0.2296875 0.171875 0.225 0.178125 0.2265625
1 0.265625 0.3515625 0.271875 0.3546875 0.2796875 0.3703125 0.284375 0.3875 0.284375 0.403125 0.2859375 0.4046875 0.284375 0.409375 0.2859375 0.4109375 0.2828125 0.4171875 0.2765625 0.4140625 0.265625 0.4140625 0.2515625 0.4171875 0.2453125 0.4234375 0.2421875 0.421875 0.240625 0.415625 0.2328125 0.4078125 0.2296875 0.4078125 0.2265625 0.403125 0.225 0.396875 0.2265625 0.36875 0.2328125 0.359375 0.240625 0.353125 0.2640625 0.3515625
1 0.996875 0.3296875 0.9984375 0.33125 0.9984375 0.3796875 0.9953125 0.40625 0.9921875 0.40625 0.9828125 0.3984375 0.9546875 0.3984375 0.953125 0.4015625 0.9484375 0.403125 0.9453125 0.4015625 0.946875 0.3703125 0.9625 0.334375 0.975 0.3296875 0.9953125 0.3296875
1 0.925 0.2921875 0.928125 0.29375 0.9328125 0.303125 0.93125 0.3078125 0.925 0.3109375 0.909375 0.3125 0.9046875 0.3125 0.9 0.296875 0.9015625 0.29375 0.9234375 0.2921875
1 0.2265625 0.2421875 0.2390625 0.24375 0.2453125 0.25 0.246875 0.2828125 0.2421875 0.2859375 0.2296875 0.2875 0.225 0.2828125 0.21875 0.28125 0.2171875 0.25 0.2203125 0.24375 0.225 0.24375
1 0.9296875 0.3109375 0.940625 0.3140625 0.946875 0.31875 0.9484375 0.3234375 0.9484375 0.3390625 0.946875 0.340625 0.9484375 0.346875 0.9453125 0.35625 0.9453125 0.3671875 0.94375 0.3703125 0.9390625 0.3703125 0.934375 0.375 0.93125 0.3828125 0.928125 0.3828125 0.925 0.378125 0.909375 0.375 0.9015625 0.375 0.890625 0.38125 0.8859375 0.3765625 0.8875 0.3515625 0.890625 0.3421875 0.896875 0.3359375 0.9046875 0.31875 0.9078125 0.3140625 0.928125 0.3109375
1 0.9578125 0.303125 0.965625 0.309375 0.9703125 0.31875 0.9703125 0.328125 0.95625 0.3390625 0.9484375 0.359375 0.9515625 0.3265625 0.9484375 0.3171875 0.94375 0.3125 0.9359375 0.3109375 0.9359375 0.309375 0.9453125 0.3046875 0.95625 0.303125
1 0.1546875 0.225 0.1640625 0.2265625 0.1609375 0.2515625 0.1546875 0.2515625 0.153125 0.2484375 0.153125 0.228125 0.1546875 0.2265625
1 0.26875 0.290625 0.28125 0.3 0.2859375 0.309375 0.2859375 0.325 0.2875 0.3265625 0.2859375 0.3375 0.284375 0.3390625 0.265625 0.3375 0.2546875 0.340625 0.2421875 0.328125 0.2421875 0.309375 0.246875 0.29375 0.2484375 0.2921875 0.2671875 0.2921875
1 0.9984375 0.2546875 0.9984375 0.278125 0.9953125 0.2796875 0.9890625 0.271875 0.984375 0.2609375 0.9890625 0.2546875 0.996875 0.2546875
1 0.2875 0.26875 0.3078125 0.26875 0.3140625 0.271875 0.3234375 0.2828125 0.33125 0.2984375 0.33125 0.31875 0.3296875 0.3203125 0.3109375 0.3203125 0.3046875 0.321875 0.3 0.328125 0.2953125 0.3265625 0.2890625 0.3203125 0.2890625 0.3140625 0.2828125 0.2984375 0.284375 0.275 0.2875 0.2703125
1 0.1890625 0.225 0.196875 0.2234375 0.209375 0.2265625 0.2171875 0.2296875 0.2203125 0.234375 0.2203125 0.240625 0.215625 0.2484375 0.2140625 0.2703125 0.2125 0.271875 0.1953125 0.271875 0.1890625 0.26875 0.1859375 0.2625 0.1875 0.2546875 0.1859375 0.2296875 0.1890625 0.2265625
1 0.2671875 0.253125 0.28125 0.259375 0.2859375 0.2640625 0.28125 0.296875 0.26875 0.2890625 0.2484375 0.290625 0.25 0.2578125 0.2515625 0.2546875 0.265625 0.253125
1 0.1953125 0.29375 0.2015625 0.3 0.2046875 0.3078125 0.20625 0.3375 0.2046875 0.3390625 0.18125 0.3375 0.178125 0.340625 0.175 0.340625 0.171875 0.3359375 0.165625 0.3328125 0.1625 0.3078125 0.165625 0.3 0.171875 0.29375 0.18125 0.2921875 0.19375 0.29375
1 0.9609375 0.275 0.9671875 0.2796875 0.9671875 0.2828125 0.95625 0.3 0.9453125 0.278125 0.9484375 0.275 0.959375 0.275
1 0.9859375 0.2828125 0.990625 0.284375 0.9984375 0.303125 0.9984375 0.3109375 0.990625 0.3265625 0.9734375 0.325 0.96875 0.3109375 0.959375 0.3015625 0.9625 0.2921875 0.9703125 0.2828125 0.984375 0.2828125
1 0.45 0.2984375 0.4640625 0.31875 0.475 0.31875 0.484375 0.325 0.4875 0.3375 0.4875 0.35625 0.4796875 0.35625 0.465625 0.365625 0.459375 0.3625 0.4546875 0.35625 0.440625 0.3515625 0.4328125 0.353125 0.428125 0.3515625 0.41875 0.3609375 0.4109375 0.3609375 0.4046875 0.3484375 0.3984375 0.3421875 0.396875 0.3359375 0.3984375 0.334375 0.3984375 0.31875 0.4046875 0.2984375 0.4140625 0.296875 0.4484375 0.2984375
1 0.88125 0.3171875 0.8875 0.3296875 0.8859375 0.35625 0.8828125 0.3609375 0.871875 0.3609375 0.8671875 0.3703125 0.8625 0.3703125 0.859375 0.3671875 0.83125 0.36875 0.828125 0.3640625 0.828125 0.35 0.834375 0.3359375 0.834375 0.328125 0.8375 0.328125 0.84375 0.31875 0.85 0.3140625 0.8765625 0.3140625 0.8796875 0.3171875
1 0.91875 0.290625 0.9203125 0.2859375 0.9296875 0.2796875 0.94375 0.2796875 0.9484375 0.2859375 0.95 0.2984375 0.9375 0.30625 0.9328125 0.30625 0.928125 0.29375 0.9203125 0.290625
1 0.896875 0.296875 0.9015625 0.3015625 0.903125 0.3171875 0.89375 0.3359375 0.890625 0.3375 0.8890625 0.3375 0.8875 0.325 0.8828125 0.3171875 0.865625 0.3109375 0.875 0.2984375 0.8953125 0.296875
3 0.428125 0.4046875 0.43125 0.4046875 0.43125 0.4109375 0.434375 0.415625 0.434375 0.4296875 0.4390625 0.434375 0.440625 0.4421875 0.4390625 0.459375 0.4328125 0.4625 0.4296875 0.4578125 0.4265625 0.4578125 0.4171875 0.465625 0.4125 0.4734375 0.4078125 0.4734375 0.403125 0.453125 0.403125 0.434375 0.4046875 0.4328125 0.41875 0.434375 0.421875 0.4453125 0.425 0.4484375 0.428125 0.4453125 0.428125 0.425 0.425 0.4203125 0.428125 0.40625
3 0.5203125 0.328125 0.525 0.3328125 0.5328125 0.328125 0.5359375 0.321875 0.540625 0.321875 0.540625 0.3265625 0.54375 0.3328125 0.546875 0.334375 0.5484375 0.34375 0.546875 0.359375 0.540625 0.35625 0.5375 0.3484375 0.5234375 0.3578125 0.51875 0.359375 0.515625 0.35625 0.5125 0.3296875 0.51875 0.328125
3 0.35 0.303125 0.353125 0.3125 0.353125 0.3328125 0.35 0.3328125 0.34375 0.315625 0.34375 0.3046875 0.3484375 0.303125
4 0.4046875 0.44375 0.4078125 0.4453125 0.4078125 0.453125 0.403125 0.453125 0.403125 0.4453125
4 0.26875 0.3859375 0.2703125 0.3875 0.26875 0.3953125 0.2625 0.3921875 0.2625 0.3875 0.2671875 0.3859375
4 0.959375 0.38125 0.975 0.3828125 0.975 0.3875 0.9640625 0.3875 0.959375 0.3859375 0.959375 0.3828125
4 0.8984375 0.3625 0.9109375 0.3640625 0.9109375 0.3671875 0.9078125 0.36875 0.8984375 0.3671875 0.8984375 0.3640625
4 0.8359375 0.35625 0.8484375 0.3578125 0.846875 0.3625 0.8375 0.3625 0.8359375 0.3578125