1 0.353125 0.396875 0.35625 0.4 0.359375 0.4171875 0.365625 0.434375 0.3671875 0.509375 0.3609375 0.521875 0.3546875 0.5578125 0.3515625 0.559375 0.3390625 0.5578125 0.325 0.5609375 0.2953125 0.559375 0.290625 0.553125 0.2875 0.540625 0.2875 0.4984375 0.2921875 0.478125 0.2859375 0.4703125 0.2859375 0.4671875 0.2953125 0.4609375 0.303125 0.428125 0.3171875 0.4015625 0.325 0.396875 0.340625 0.3984375 0.3484375 0.3953125 0.3515625 0.396875
1 0.8265625 0.359375 0.83125 0.35625 0.83125 0.3515625 0.8390625 0.3390625 0.8484375 0.3296875 0.8578125 0.325 0.88125 0.3234375 0.8890625 0.325 0.89375 0.3296875 0.9 0.3671875 0.8921875 0.40625 0.8859375 0.4078125 0.8828125 0.4015625 0.8765625 0.403125 0.8734375 0.4078125 0.871875 0.4171875 0.8671875 0.4234375 0.8625 0.421875 0.8578125 0.4125 0.8375 0.409375 0.83125 0.409375 0.8234375 0.4203125 0.8171875 0.4203125 0.8140625 0.3828125 0.81875 0.36875 0.8265625 0.3609375
1 0.5953125 0.3015625 0.615625 0.3046875 0.628125 0.321875 0.6359375 0.321875 0.653125 0.328125 0.65625 0.3390625 0.65625 0.35 0.6515625 0.3546875 0.65 0.365625 0.640625 0.3703125 0.6359375 0.3703125 0.628125 0.3609375 0.5953125 0.3609375 0.5875 0.371875 0.578125 0.371875 0.571875 0.3609375 0.5609375 0.35 0.559375 0.3453125 0.5609375 0.321875 0.56875 0.303125 0.59375 0.3015625
1 0.153125 0.228125 0.1578125 0.2296875 0.1625 0.246875 0.1625 0.2546875 0.1546875 0.25625 0.1515625 0.24375 0.153125 0.2296875
1 0.9921875 0.3203125 0.9984375 0.325 0.9984375 0.353125 0.996875 0.3546875 0.9984375 0.378125 0.9953125 0.390625 0.9875 0.3921875 0.984375 0.396875 0.9734375 0.39375 0.96875 0.3984375 0.946875 0.3984375 0.9453125 0.396875 0.9390625 0.4015625 0.934375 0.4015625 0.9328125 0.3890625 0.9390625 0.3625 0.94375 0.353125 0.9453125 0.3375 0.9484375 0.3296875 0.9515625 0.325 0.959375 0.321875 0.990625 0.3203125
1 0.3734375 0.3328125 0.384375 0.3421875 0.39375 0.3578125 0.396875 0.3703125 0.40625 0.375 0.40625 0.38125 0.409375 0.3875 0.4078125 0.3921875 0.409375 0.403125 0.4078125 0.446875 0.403125 0.446875 0.4 0.440625 0.3921875 0.4390625 0.3703125 0.440625 0.3609375 0.4171875 0.3578125 0.4 0.3515625 0.3921875 0.3484375 0.3921875 0.346875 0.375 0.3515625 0.346875 0.359375 0.334375 0.371875 0.334375
1 0.9296875 0.321875 0.9359375 0.325 0.9421875 0.334375 0.9421875 0.353125 0.934375 0.375 0.9234375 0.384375 0.9140625 0.3796875 0.9015625 0.38125 0.9015625 0.35625 0.896875 0.3421875 0.896875 0.3296875 0.9078125 0.321875 0.928125 0.321875
1 0.24375 0.54375 0.25 0.5421875 0.278125 0.54375 0.2890625 0.553125 0.29375 0.5640625 0.303125 0.5734375 0.3109375 0.60625 0.3109375 0.6375 0.3125 0.6390625 0.3109375 0.65625 0.303125 0.665625 0.296875 0.665625 0.2890625 0.6703125 0.284375 0.675 0.278125 0.6890625 0.2609375 0.703125 0.253125 0.7125 0.2484375 0.7359375 0.24375 0.7453125 0.2375 0.7515625 0.2296875 0.7515625 0.2203125 0.746875 0.2078125 0.7515625 0.1875 0.7515625 0.1859375 0.75 0.175 0.7515625 0.1484375 0.74375 0.14375 0.73125 0.1453125 0.684375 0.15 0.6703125 0.16875 0.6421875 0.1703125 0.621875 0.1796875 0.615625 0.2078125 0.56875 0.2171875 0.559375 0.24375 0.5453125
1 0.3296875 0.309375 0.3359375 0.3140625 0.3421875 0.3234375 0.35 0.3484375 0.3453125 0.3671875 0.3453125 0.390625 0.34375 0.3875 0.33125 0.3859375 0.321875 0.3859375 0.31875 0.390625 0.315625 0.390625 0.3109375 0.38125 0.296875 0.3703125 0.2953125 0.31875 0.2984375 0.3109375 0.3015625 0.3078125 0.3171875 0.30625 0.328125 0.309375
1 0.2 0.2296875 0.20625 0.2390625 0.2015625 0.2609375 0.1984375 0.265625 0.1890625 0.2671875 0.1796875 0.2625 0.178125 0.259375 0.178125 0.2359375 0.1828125 0.228125 0.1984375 0.2296875
1 0.2578125 0.2921875 0.271875 0.29375 0.2796875 0.3 0.2875 0.3125 0.290625 0.328125 0.2890625 0.334375 0.284375 0.3375 0.2640625 0.3375 0.2625 0.3390625 0.25625 0.3328125 0.2484375 0.33125 0.2484375 0.303125 0.2515625 0.29375 0.25625 0.2921875
1 0.8796875 0.2546875 0.890625 0.2625 0.8921875 0.2703125 0.8984375 0.278125 0.8984375 0.290625 0.8828125 0.303125 0.8765625 0.3 0.875 0.3015625 0.859375 0.3 0.8578125 0.2828125 0.8609375 0.265625 0.8671875 0.25625 0.878125 0.25625
1 0.9984375 0.25625 0.9984375 0.2859375 0.9890625 0.28125 0.9859375 0.284375 0.984375 0.2953125 0.9796875 0.2953125 0.978125 0.290625 0.978125 0.2578125 0.98125 0.2546875 0.996875 0.25625
1 0.278125 0.2703125 0.2859375 0.2765625 0.2921875 0.2890625 0.29375 0.3078125 0.290625 0.3109375 0.284375 0.30625 0.278125 0.2953125 0.271875 0.2921875 0.2546875 0.290625 0.2546875 0.2765625 0.2609375 0.26875 0.2765625 0.2703125
1 0.871875 0.3078125 0.8734375 0.321875 0.859375 0.321875 0.846875 0.328125 0.8359375 0.3390625 0.828125 0.35625 0.8203125 0.3625 0.8171875 0.3609375 0.8171875 0.3421875 0.8203125 0.334375 0.8234375 0.3328125 0.825 0.321875 0.8296875 0.3203125 0.8359375 0.309375 0.846875 0.3046875 0.8671875 0.3046875 0.8703125 0.3078125
1 0.91875 0.29375 0.928125 0.3046875 0.9296875 0.309375 0.928125 0.31875 0.9265625 0.3203125 0.915625 0.31875 0.909375 0.3203125 0.9015625 0.3234375 0.8984375 0.328125 0.8875 0.321875 0.8796875 0.3203125 0.8859375 0.3046875 0.896875 0.29375 0.9171875 0.29375
3 0.9859375 0.3 0.990625 0.3015625 0.99375 0.3 0.99375 0.3171875 0.9828125 0.315625 0.9859375 0.3015625
3 0.8125 0.2828125 0.815625 0.284375 0.8171875 0.29375 0.815625 0.303125 0.80625 0.303125 0.8078125 0.284375 0.8109375 0.2828125
5 0.9703125 0.234375 0.975 0.2375 0.9765625 0.2421875 0.9765625 0.2734375 0.975 0.275 0.9765625 0.296875 0.9734375 0.3 0.9734375 0.2890625 0.9703125 0.2859375 0.9671875 0.2890625 0.965625 0.3140625 0.946875 0.3234375 0.9421875 0.3234375 0.9328125 0.3171875 0.928125 0.3015625 0.9203125 0.29375 0.9125 0.290625 0.9125 0.2796875 0.91875 0.2640625 0.91875 0.2515625 0.921875 0.24375 0.928125 0.2390625 0.9375 0.2390625 0.9484375 0.234375 0.96875 0.234375
5 0.228125 0.2375 0.2359375 0.259375 0.2359375 0.271875 0.23125 0.2796875 0.225 0.2765625 0.2203125 0.2765625 0.2171875 0.2796875 0.209375 0.2734375 0.20625 0.2765625 0.203125 0.2625 0.2046875 0.2484375 0.2109375 0.2390625 0.2265625 0.2375
4 0.3921875 0.421875 0.390625 0.428125 0.378125 0.4265625 0.3796875 0.421875 0.390625 0.421875
4 0.946875 0.384375 0.9578125 0.3859375 0.95625 0.3921875 0.9453125 0.390625 0.946875 0.3859375
4 0.3078125 0.5390625 0.328125 0.5390625 0.3296875 0.540625 0.3296875 0.546875 0.325 0.5484375 0.3078125 0.546875 0.30625 0.5453125 0.3078125 0.540625
4 0.1578125 0.7234375 0.1859375 0.7265625 0.1859375 0.7375 0.18125 0.7390625 0.1609375 0.7359375 0.1578125 0.73125 0.1578125 0.725
4 0.8359375 0.39375 0.8421875 0.396875 0.840625 0.4015625 0.83125 0.4015625 0.828125 0.3984375 0.8296875 0.39375 0.834375 0.39375
4 0.91484375 0.36328125 0.01328125 0.009375