1 0.059375 0.275 0.06875 0.2796875 0.075 0.2875 0.0796875 0.3 0.0796875 0.3078125 0.0703125 0.3109375 0.0625 0.3109375 0.0578125 0.303125 0.0390625 0.296875 0.040625 0.278125 0.046875 0.275 0.0578125 0.275
1 0.125 0.27265625 0.03515625 0.0359375
1 0.828125 0.2328125 0.83125 0.240625 0.83125 0.265625 0.828125 0.271875 0.825 0.2671875 0.825 0.25625 0.8203125 0.2421875 0.815625 0.2375 0.809375 0.2375 0.81875 0.2296875 0.8234375 0.2296875 0.8265625 0.2328125
1 0.146875 0.35 0.153125 0.3609375 0.1625 0.36875 0.171875 0.384375 0.1734375 0.41875 0.1703125 0.421875 0.165625 0.421875 0.1625 0.4171875 0.1359375 0.4171875 0.125 0.4265625 0.1203125 0.421875 0.11875 0.4140625 0.115625 0.4109375 0.1078125 0.40625 0.1 0.4078125 0.096875 0.403125 0.0953125 0.3640625 0.1078125 0.3484375 0.14375 0.3484375 0.1453125 0.35
1 0.7578125 0.275 0.7625 0.2796875 0.765625 0.2875 0.76875 0.3125 0.765625 0.3203125 0.759375 0.321875 0.753125 0.33125 0.7359375 0.325 0.734375 0.315625 0.725 0.303125 0.725 0.296875 0.7265625 0.2921875 0.7328125 0.2859375 0.734375 0.2796875 0.7421875 0.275 0.75625 0.275
1 0.6890625 0.275 0.6953125 0.278125 0.6984375 0.290625 0.6984375 0.303125 0.675 0.3390625 0.665625 0.3359375 0.6484375 0.3375 0.646875 0.31875 0.6515625 0.3046875 0.6625 0.284375 0.6734375 0.2765625 0.6875 0.275
1 0.784375 0.25 0.0296875 0.03125
1 0.03125 0.3 0.0453125 0.3 0.05 0.303125 0.0546875 0.303125 0.0578125 0.3046875 0.0609375 0.3109375 0.0609375 0.315625 0.053125 0.334375 0.053125 0.3484375 0.0359375 0.353125 0.0296875 0.346875 0.025 0.3453125 0.021875 0.3265625 0.028125 0.303125 0.03125 0.3015625
1 0.803125 0.2453125 0.80625 0.2390625 0.8171875 0.2390625 0.821875 0.24375 0.8265625 0.2625 0.8265625 0.2734375 0.8203125 0.28125 0.8125 0.2796875 0.8140625 0.265625 0.8125 0.253125 0.8046875 0.2453125
1 0.746875 0.253125 0.7515625 0.25625 0.753125 0.271875 0.740625 0.2734375 0.7265625 0.2875 0.7234375 0.2796875 0.7171875 0.275 0.721875 0.2640625 0.73125 0.2546875 0.7453125 0.253125
1 0.8046875 0.2453125 0.809375 0.2484375 0.8109375 0.253125 0.8109375 0.2828125 0.80625 0.290625 0.8015625 0.29375 0.7875 0.2890625 0.784375 0.2734375 0.78125 0.2703125 0.78125 0.2609375 0.7890625 0.2484375 0.7953125 0.2453125 0.803125 0.2453125
1 0.7671875 0.2453125 0.771875 0.253125 0.7703125 0.265625 0.7640625 0.2671875 0.759375 0.271875 0.7546875 0.271875 0.7546875 0.2625 0.7484375 0.2515625 0.75 0.2484375 0.765625 0.246875
1 0.003125 0.284375 0.0203125 0.2875 0.028125 0.2984375 0.025 0.3109375 0.021875 0.3140625 0.0203125 0.328125 0.003125 0.3296875 0 0.3234375 0 0.2890625 0.003125 0.2859375
1 0.084375 0.3125 0.0921875 0.3140625 0.0984375 0.31875 0.1140625 0.3453125 0.10625 0.3484375 0.0953125 0.3609375 0.09375 0.378125 0.0828125 0.378125 0.0734375 0.3859375 0.0703125 0.3859375 0.0640625 0.3734375 0.0609375 0.375 0.05625 0.3734375 0.0546875 0.3390625 0.059375 0.31875 0.0625 0.315625 0.0734375 0.3125 0.0765625 0.3140625 0.0828125 0.3125
1 0.6984375 0.2796875 0.71875 0.278125 0.725 0.2859375 0.7203125 0.3015625 0.703125 0.3015625 0.7015625 0.303125 0.6984375 0.2921875 0.6984375 0.28125
1 0.7296875 0.309375 0.7328125 0.3171875 0.7328125 0.3453125 0.73125 0.346875 0.7234375 0.3453125 0.7203125 0.3390625 0.715625 0.3359375 0.7125 0.3421875 0.7125 0.3546875 0.709375 0.3578125 0.68125 0.35625 0.6796875 0.334375 0.7015625 0.303125 0.721875 0.303125 0.728125 0.309375
1 0.81875 0.2328125 0.81875 0.225 0.821875 0.221875 0.834375 0.2234375 0.840625 0.2421875 0.840625 0.246875 0.8359375 0.25625 0.83125 0.2546875 0.8296875 0.2390625 0.8234375 0.2328125 0.8203125 0.2328125
1 0.7765625 0.2671875 0.7796875 0.26875 0.784375 0.278125 0.7859375 0.2984375 0.784375 0.303125 0.775 0.3125 0.7703125 0.3109375 0.7671875 0.2875 0.7640625 0.2796875 0.759375 0.275 0.7640625 0.26875 0.775 0.2671875
3 0 0.8078125 0.0109375 0.828125 0.0109375 0.85625 0.00625 0.8734375 0 0.8828125 0 0.809375
3 0.7921875 0.44375 0.79375 0.4734375 0.796875 0.4765625 0.8015625 0.4734375 0.8125 0.4765625 0.8125 0.48125 0.815625 0.484375 0.8203125 0.4875 0.8296875 0.4875 0.83125 0.490625 0.8296875 0.50625 0.825 0.515625 0.8234375 0.5171875 0.815625 0.515625 0.8109375 0.5109375 0.8078125 0.503125 0.7921875 0.4953125 0.7875 0.4953125 0.784375 0.5015625 0.775 0.5015625 0.7703125 0.4953125 0.771875 0.475 0.778125 0.46875 0.7828125 0.4671875 0.784375 0.45 0.790625 0.4453125
4 0.6546875 0.321875 0.6625 0.321875 0.6609375 0.3265625 0.65625 0.3265625 0.6546875 0.3234375