1 0.0421875 0.253125 0.0625 0.2546875 0.0671875 0.271875 0.065625 0.2859375 0.059375 0.2859375 0.0546875 0.2828125 0.05 0.2828125 0.046875 0.2859375 0.0390625 0.284375 0.0375 0.2828125 0.0375 0.265625 0.0421875 0.2546875
1 0.75 0.2921875 0.7546875 0.3015625 0.75625 0.3265625 0.7546875 0.33125 0.75 0.3359375 0.746875 0.3359375 0.74375 0.340625 0.7296875 0.3375 0.721875 0.3375 0.715625 0.340625 0.7125 0.3375 0.7125 0.309375 0.728125 0.2921875 0.7484375 0.2921875
1 0.5625 0.2984375 0.5703125 0.3 0.571875 0.303125 0.578125 0.33125 0.578125 0.3421875 0.5703125 0.35 0.5671875 0.359375 0.5640625 0.3625 0.553125 0.3625 0.546875 0.35625 0.53125 0.35625 0.5203125 0.3578125 0.5109375 0.3671875 0.5015625 0.365625 0.4859375 0.3484375 0.4859375 0.3390625 0.490625 0.3234375 0.5078125 0.31875 0.5171875 0.30625 0.525 0.3 0.5609375 0.2984375
1 0.8265625 0.225 0.83125 0.228125 0.834375 0.2390625 0.834375 0.25625 0.8296875 0.2609375 0.8109375 0.2609375 0.8078125 0.25 0.809375 0.2375 0.8125 0.23125 0.8171875 0.2265625 0.825 0.225
1 0.840625 0.2265625 0.84375 0.228125 0.8453125 0.2328125 0.8453125 0.2453125 0.84375 0.2515625 0.8375 0.25625 0.834375 0.253125 0.834375 0.2359375 0.83125 0.228125 0.8390625 0.2265625
1 0.065625 0.3 0.0765625 0.3046875 0.084375 0.31875 0.090625 0.321875 0.090625 0.334375 0.09375 0.3421875 0.09375 0.3640625 0.090625 0.365625 0.084375 0.3609375 0.065625 0.359375 0.0578125 0.365625 0.0546875 0.365625 0.05 0.35625 0.04375 0.35625 0.0421875 0.3171875 0.0453125 0.3046875 0.0546875 0.3015625 0.0640625 0.3015625
1 0.6609375 0.4328125 0.6890625 0.4484375 0.7 0.46875 0.703125 0.4828125 0.7015625 0.521875 0.696875 0.528125 0.684375 0.5265625 0.675 0.53125 0.6625 0.5453125 0.6515625 0.5390625 0.646875 0.525 0.6421875 0.521875 0.628125 0.5203125 0.6078125 0.5125 0.596875 0.5140625 0.5875 0.5125 0.5796875 0.490625 0.5796875 0.4734375 0.5828125 0.465625 0.590625 0.4578125 0.5984375 0.453125 0.6140625 0.4484375 0.6390625 0.434375 0.659375 0.4328125
1 0.9796875 0.57265625 0.03984375 0.08984375
1 0.7703125 0.2390625 0.7765625 0.2421875 0.78125 0.25 0.78125 0.2671875 0.778125 0.2734375 0.775 0.275 0.76875 0.2671875 0.7640625 0.275 0.7640625 0.284375 0.7609375 0.2875 0.7515625 0.2859375 0.753125 0.25 0.759375 0.24375 0.76875 0.240625
1 0.7390625 0.253125 0.7484375 0.25625 0.75 0.290625 0.728125 0.290625 0.71875 0.2984375 0.7125 0.2640625 0.725 0.2546875 0.7375 0.253125
1 0.8046875 0.2390625 0.803125 0.2375 0.8 0.2421875 0.8015625 0.246875 0.8 0.2515625 0.80625 0.2546875 0.80625 0.2671875 0.8046875 0.2703125 0.7984375 0.271875 0.79375 0.2765625 0.7875 0.2765625 0.7828125 0.265625 0.78125 0.246875 0.7734375 0.234375 0.778125 0.2296875 0.7984375 0.2296875 0.8 0.23125 0.803125 0.2296875 0.80625 0.2375
1 0.7234375 0.4015625 0.7484375 0.409375 0.7625 0.41875 0.765625 0.434375 0.7703125 0.4421875 0.771875 0.478125 0.76875 0.4859375 0.7640625 0.490625 0.7578125 0.4921875 0.75625 0.4953125 0.75 0.4984375 0.7328125 0.4984375 0.721875 0.5109375 0.7125 0.5109375 0.709375 0.5078125 0.70625 0.4984375 0.7046875 0.475 0.6921875 0.45 0.6875 0.4453125 0.66875 0.4359375 0.6671875 0.4328125 0.6578125 0.4296875 0.6359375 0.4328125 0.640625 0.425 0.665625 0.41875 0.6875 0.403125 0.703125 0.4 0.721875 0.4015625
1 0.3859375 0.403125 0.378125 0.3984375 0.3546875 0.40625 0.346875 0.3953125 0.3390625 0.3921875 0.3328125 0.3921875 0.3265625 0.3953125 0.3234375 0.3921875 0.321875 0.384375 0.3234375 0.3625 0.3453125 0.3421875 0.3671875 0.3390625 0.371875 0.34375 0.375 0.34375 0.3828125 0.3515625 0.390625 0.3703125 0.390625 0.3984375 0.3875 0.4015625
1 0.6953125 0.3265625 0.6921875 0.321875 0.66875 0.3203125 0.665625 0.315625 0.6671875 0.3 0.6734375 0.2859375 0.678125 0.278125 0.690625 0.26875 0.7109375 0.26875 0.715625 0.2859375 0.715625 0.3 0.7109375 0.3109375 0.7078125 0.315625 0.7015625 0.3171875 0.696875 0.3265625
1 0.1484375 0.278125 0.15625 0.2796875 0.159375 0.284375 0.1640625 0.303125 0.1640625 0.3171875 0.15625 0.315625 0.1390625 0.3171875 0.128125 0.3140625 0.128125 0.290625 0.13125 0.284375 0.1359375 0.2796875 0.146875 0.278125
3 0.8 0.321875 0.8046875 0.321875 0.8109375 0.3375 0.809375 0.3578125 0.80625 0.3640625 0.8015625 0.3671875 0.7953125 0.3671875 0.7953125 0.334375 0.8 0.3234375
4 0.69375 0.509375 0.6984375 0.509375 0.6984375 0.5203125 0.6953125 0.5234375 0.6921875 0.5234375 0.690625 0.5203125 0.69375 0.5109375
4 0.15625 0.3078125 0.15625 0.3109375 0.153125 0.3125 0.15 0.3109375 0.15 0.3078125 0.1515625 0.30625 0.1546875 0.3078125
4 0.0703125 0.3484375 0.08125 0.3484375 0.0796875 0.353125 0.071875 0.353125 0.0703125 0.35
4 0.3796875 0.3859375 0.38125 0.3875 0.3796875 0.3953125 0.3734375 0.3921875 0.3734375 0.3875 0.378125 0.3859375
4 0.8 0.34921875 0.00546875 0.009375
4 0.76171875 0.46328125 0.01015625 0.015625