1 0.859375 0.290625 0.859375 0.2671875 0.865625 0.2546875 0.8828125 0.2546875 0.8875 0.259375 0.890625 0.2671875 0.890625 0.284375 0.8859375 0.290625 0.871875 0.2890625 0.8609375 0.290625
1 0.9859375 0.2546875 0.990625 0.253125 0.9984375 0.2546875 0.9984375 0.278125 0.996875 0.2796875 0.9828125 0.28125 0.9796875 0.2796875 0.9796875 0.26875 0.9859375 0.25625
1 0.9140625 0.284375 0.921875 0.2859375 0.925 0.2890625 0.925 0.303125 0.9125 0.3140625 0.9078125 0.328125 0.890625 0.3265625 0.8859375 0.3 0.8921875 0.2890625 0.9015625 0.284375 0.9125 0.284375
1 0.9125 0.3296875 0.91875 0.3359375 0.9234375 0.346875 0.9234375 0.3703125 0.921875 0.38125 0.9125 0.3828125 0.9078125 0.3875 0.9046875 0.3953125 0.9 0.390625 0.884375 0.390625 0.8828125 0.3890625 0.871875 0.3890625 0.865625 0.3953125 0.8625 0.39375 0.8609375 0.3671875 0.8734375 0.3421875 0.8796875 0.334375 0.8875 0.3328125 0.890625 0.3296875 0.9109375 0.3296875
1 0.9625 0.334375 0.9734375 0.328125 0.9890625 0.3265625 0.9984375 0.3296875 0.9984375 0.3921875 0.99375 0.4015625 0.9875 0.396875 0.9625 0.3953125 0.9578125 0.3921875 0.95 0.3984375 0.946875 0.396875 0.9453125 0.3796875 0.9484375 0.3671875 0.9578125 0.3421875 0.9625 0.3359375
1 0.296875 0.303125 0.3 0.3046875 0.3046875 0.315625 0.3171875 0.3328125 0.31875 0.3515625 0.3109375 0.35625 0.290625 0.35625 0.2859375 0.359375 0.2796875 0.3484375 0.265625 0.3453125 0.265625 0.3171875 0.2671875 0.3125 0.275 0.3046875 0.2953125 0.303125
1 0.940625 0.3078125 0.95 0.309375 0.953125 0.3375 0.9484375 0.35 0.946875 0.3625 0.9390625 0.371875 0.9296875 0.3671875 0.925 0.36875 0.925 0.346875 0.91875 0.334375 0.9109375 0.328125 0.9125 0.3203125 0.91875 0.3109375 0.925 0.3078125 0.9390625 0.3078125
1 0.2484375 0.2546875 0.2578125 0.253125 0.26875 0.2546875 0.2765625 0.2609375 0.2796875 0.2671875 0.2796875 0.2765625 0.2734375 0.2828125 0.2703125 0.2921875 0.2671875 0.2921875 0.2609375 0.2796875 0.2453125 0.2671875 0.2484375 0.25625
1 0.2421875 0.2703125 0.253125 0.275 0.2578125 0.2796875 0.265625 0.2953125 0.2625 0.315625 0.25 0.3203125 0.24375 0.3203125 0.2390625 0.3234375 0.23125 0.315625 0.2265625 0.315625 0.2234375 0.3078125 0.2234375 0.2828125 0.2296875 0.2734375 0.240625 0.271875
1 0.3 0.278125 0.2984375 0.2984375 0.2953125 0.3015625 0.278125 0.3015625 0.2765625 0.303125 0.26875 0.3015625 0.2703125 0.290625 0.2765625 0.2796875 0.2828125 0.2765625 0.2984375 0.278125
1 0.840625 0.3140625 0.8484375 0.31875 0.853125 0.328125 0.85625 0.3484375 0.8546875 0.35 0.8546875 0.365625 0.8515625 0.3734375 0.84375 0.371875 0.8359375 0.3734375 0.828125 0.3859375 0.81875 0.378125 0.80625 0.378125 0.7953125 0.3828125 0.7890625 0.3828125 0.7859375 0.3765625 0.7859375 0.3546875 0.7875 0.3484375 0.809375 0.3171875 0.815625 0.3140625 0.8390625 0.3140625
1 0.228125 0.24375 0.234375 0.246875 0.2359375 0.2453125 0.2421875 0.246875 0.246875 0.25625 0.24375 0.2671875 0.240625 0.2703125 0.228125 0.2734375 0.2234375 0.28125 0.21875 0.2796875 0.2171875 0.2546875 0.21875 0.246875 0.221875 0.24375 0.2265625 0.24375
1 0.18984375 0.26484375 0.03125 0.0390625
1 0.975 0.296875 0.984375 0.3 0.9875 0.3046875 0.990625 0.321875 0.9875 0.325 0.9703125 0.3265625 0.95625 0.3375 0.9515625 0.3046875 0.9578125 0.2984375 0.9734375 0.296875
1 0.9984375 0.28125 0.9984375 0.3140625 0.9953125 0.321875 0.990625 0.321875 0.990625 0.3125 0.9875 0.303125 0.9828125 0.2984375 0.975 0.296875 0.975 0.2921875 0.9796875 0.2828125 0.996875 0.28125
1 0.634375 0.421875 0.64375 0.43125 0.6484375 0.440625 0.65625 0.446875 0.6578125 0.45625 0.6625 0.459375 0.66875 0.46875 0.671875 0.4765625 0.6734375 0.4921875 0.6609375 0.5171875 0.646875 0.521875 0.628125 0.521875 0.6234375 0.5265625 0.61875 0.5265625 0.6125 0.5171875 0.6109375 0.509375 0.5953125 0.4984375 0.584375 0.49375 0.5765625 0.496875 0.5703125 0.4953125 0.565625 0.478125 0.565625 0.4546875 0.5765625 0.421875 0.5890625 0.4140625 0.6125 0.4140625 0.6296875 0.41875 0.6328125 0.421875
1 0.17578125 0.23828125 0.03046875 0.0359375
1 0.7109375 0.4796875 0.7171875 0.4828125 0.7359375 0.484375 0.746875 0.4890625 0.759375 0.4984375 0.796875 0.5453125 0.8109375 0.5578125 0.815625 0.56875 0.8171875 0.6015625 0.8140625 0.6125 0.8046875 0.6203125 0.7953125 0.621875 0.78125 0.628125 0.7625 0.6265625 0.7578125 0.6328125 0.753125 0.634375 0.7421875 0.6296875 0.7390625 0.6125 0.734375 0.60625 0.7109375 0.5953125 0.6890625 0.58125 0.68125 0.5796875 0.675 0.5859375 0.66875 0.5859375 0.6625 0.58125 0.659375 0.571875 0.6578125 0.5578125 0.659375 0.534375 0.6640625 0.5171875 0.678125 0.4890625 0.68125 0.484375 0.6921875 0.4796875 0.709375 0.4796875
1 0.3171875 0.275 0.33125 0.2796875 0.3453125 0.3 0.35 0.3125 0.35 0.328125 0.3515625 0.3296875 0.35 0.3375 0.3421875 0.3359375 0.3421875 0.325 0.3390625 0.31875 0.33125 0.315625 0.328125 0.3109375 0.3203125 0.3125 0.3171875 0.3171875 0.3171875 0.321875 0.3125 0.321875 0.303125 0.3078125 0.3 0.3 0.3015625 0.2796875 0.3078125 0.275 0.315625 0.275
1 0.8828125 0.3 0.8875 0.325 0.871875 0.3390625 0.865625 0.3515625 0.859375 0.3546875 0.85625 0.35 0.8546875 0.328125 0.85 0.31875 0.8421875 0.3140625 0.8421875 0.309375 0.846875 0.303125 0.85625 0.2984375 0.88125 0.3
1 0.93125 0.275 0.9578125 0.2734375 0.9640625 0.2796875 0.965625 0.2875 0.9640625 0.2953125 0.9546875 0.296875 0.9484375 0.30625 0.928125 0.3046875 0.925 0.2859375 0.93125 0.2765625
3 0.1890625 0.346875 0.01484375 0.0296875
3 0.1921875 0.3296875 0.1953125 0.3609375 0.184375 0.3609375 0.18125 0.3515625 0.1796875 0.31875 0.1828125 0.3171875 0.1828125 0.328125 0.1890625 0.3328125 0.190625 0.33125
3 0.321875 0.3140625 0.3265625 0.3125 0.3390625 0.31875 0.3421875 0.3484375 0.3421875 0.35625 0.3390625 0.359375 0.3359375 0.35625 0.33125 0.35625 0.3265625 0.3453125 0.3203125 0.3421875 0.3203125 0.3234375 0.3234375 0.3171875 0.321875 0.315625
3 0.4328125 0.4109375 0.4390625 0.4078125 0.4390625 0.415625 0.4453125 0.4234375 0.44375 0.4421875 0.446875 0.446875 0.4515625 0.4453125 0.45625 0.421875 0.459375 0.4203125 0.4640625 0.421875 0.4625 0.459375 0.453125 0.465625 0.4359375 0.4625 0.4328125 0.46875 0.421875 0.4765625 0.4203125 0.4734375 0.421875 0.4578125 0.428125 0.440625 0.428125 0.4296875 0.4328125 0.4203125 0.43125 0.4140625 0.4328125 0.4125
4 0.8765625 0.2765625 0.8765625 0.28125 0.8671875 0.2828125 0.8640625 0.2796875 0.865625 0.275 0.875 0.2765625
4 0.8625 0.275 0.871875 0.2765625 0.865625 0.28125 0.8625 0.2796875 0.8625 0.2765625
4 0.8125 0.596875 0.8140625 0.5984375 0.8125 0.6046875 0.8 0.6125 0.796875 0.6125 0.796875 0.603125 0.803125 0.5984375 0.8109375 0.596875
4 0.96875 0.38125 0.975 0.3828125 0.9765625 0.3875 0.959375 0.3875 0.9578125 0.3828125 0.9671875 0.38125
4 0.6515625 0.4984375 0.6640625 0.4953125 0.6640625 0.5046875 0.6609375 0.50625 0.6515625 0.50625 0.6515625 0.5
4 0.95625 0.38125 0.9671875 0.3828125 0.9671875 0.3875 0.9625 0.3890625 0.95625 0.3875 0.9546875 0.3859375 0.95625 0.3828125
4 0.7953125 0.3671875 0.8015625 0.3671875 0.8078125 0.3703125 0.80625 0.3734375 0.796875 0.3734375 0.7953125 0.36875
4 0.8625 0.2765625 0.8671875 0.271875 0.8734375 0.2734375 0.875 0.2765625 0.8703125 0.278125 0.8640625 0.2765625
4 0.890625 0.31875 0.8984375 0.31875 0.9 0.321875 0.890625 0.3234375 0.890625 0.3203125
4 0.259375 0.3125 0.2609375 0.3140625 0.259375 0.3171875 0.2515625 0.315625 0.253125 0.3125 0.2578125 0.3125
4 0.8703125 0.378125 0.878125 0.3765625 0.8859375 0.3796875 0.8859375 0.3828125 0.871875 0.3828125 0.8703125 0.3796875