1 0.8265625 0.225 0.83125 0.228125 0.834375 0.234375 0.834375 0.25625 0.83125 0.2609375 0.8109375 0.2609375 0.809375 0.25625 0.809375 0.2375 0.8171875 0.2265625 0.825 0.225
1 0.2109375 0.3765625 0.2203125 0.3796875 0.2296875 0.390625 0.234375 0.4015625 0.240625 0.40625 0.2453125 0.425 0.25 0.43125 0.2515625 0.453125 0.246875 0.465625 0.240625 0.4625 0.23125 0.4625 0.2234375 0.465625 0.2078125 0.465625 0.2015625 0.471875 0.1953125 0.4703125 0.19375 0.4625 0.1875 0.453125 0.1796875 0.4484375 0.175 0.4515625 0.16875 0.4515625 0.165625 0.440625 0.165625 0.415625 0.16875 0.39375 0.178125 0.378125 0.184375 0.375 0.2078125 0.375 0.209375 0.3765625
1 0.778125 0.2421875 0.78125 0.2484375 0.7828125 0.2640625 0.78125 0.278125 0.778125 0.2828125 0.7734375 0.2828125 0.76875 0.2875 0.7515625 0.2828125 0.7515625 0.2546875 0.7578125 0.24375 0.7671875 0.24375 0.7703125 0.240625 0.7765625 0.2421875
1 0.75 0.2921875 0.7546875 0.3078125 0.7546875 0.3234375 0.7515625 0.3328125 0.7421875 0.340625 0.7375 0.3375 0.7171875 0.334375 0.7171875 0.303125 0.728125 0.2921875 0.7484375 0.2921875
1 0 0.284375 0.003125 0.2828125 0.0140625 0.284375 0.025 0.296875 0.0265625 0.3046875 0.0265625 0.3234375 0 0.321875 0 0.2859375
1 0.584375 0.296875 0.5953125 0.3 0.6015625 0.334375 0.6 0.34375 0.59375 0.35 0.590625 0.3578125 0.5875 0.3609375 0.5796875 0.3609375 0.5734375 0.353125 0.55 0.353125 0.534375 0.365625 0.53125 0.365625 0.51875 0.35625 0.5109375 0.353125 0.5109375 0.33125 0.5140625 0.3234375 0.521875 0.31875 0.5328125 0.3171875 0.5453125 0.3 0.5625 0.296875 0.5828125 0.296875
1 0.6671875 0.3203125 0.665625 0.309375 0.671875 0.2890625 0.678125 0.278125 0.690625 0.26875 0.7109375 0.26875 0.7125 0.2703125 0.715625 0.296875 0.7078125 0.303125 0.70625 0.3125 0.6984375 0.3265625 0.6921875 0.321875 0.66875 0.3203125
3 0.6140625 0.3421875 0.6171875 0.3421875 0.6203125 0.3484375 0.6203125 0.35625 0.6234375 0.3578125 0.6265625 0.353125 0.625 0.3515625 0.6265625 0.3390625 0.6328125 0.3375 0.6328125 0.3453125 0.628125 0.3625 0.628125 0.378125 0.625 0.3796875 0.61875 0.3765625 0.615625 0.3828125 0.6109375 0.38125 0.6109375 0.3640625 0.6140625 0.34375
3 0.1125 0.3421875 0.1140625 0.3484375 0.11875 0.353125 0.1265625 0.353125 0.13125 0.346875 0.1296875 0.340625 0.1359375 0.3390625 0.140625 0.3453125 0.140625 0.3515625 0.1484375 0.3609375 0.146875 0.378125 0.140625 0.378125 0.1359375 0.3703125 0.128125 0.3734375 0.1203125 0.3828125 0.1140625 0.38125 0.109375 0.3671875 0.10625 0.346875 0.1109375 0.3421875
3 0.2546875 0.321875 0.2609375 0.325 0.2640625 0.321875 0.26875 0.3234375 0.2671875 0.33125 0.2703125 0.3390625 0.2703125 0.3484375 0.2640625 0.35 0.259375 0.3453125 0.2546875 0.346875 0.253125 0.3453125 0.253125 0.325 0.2546875 0.3234375
3 0.065625 0.2734375 0.0671875 0.2875 0.0609375 0.2859375 0.059375 0.2765625 0.0640625 0.2734375
3 0.3578125 0.3265625 0.359375 0.340625 0.3625 0.346875 0.3671875 0.3453125 0.371875 0.33125 0.3765625 0.334375 0.378125 0.346875 0.375 0.359375 0.3609375 0.3609375 0.3546875 0.35625 0.3484375 0.3625 0.340625 0.3625 0.3390625 0.359375 0.3375 0.353125 0.3390625 0.340625 0.340625 0.3375 0.346875 0.3375 0.35 0.3296875 0.35625 0.3265625
5 0.784375 0.2703125 0.7828125 0.25 0.775 0.2375 0.775 0.2328125 0.778125 0.2296875 0.7890625 0.2296875 0.796875 0.225 0.8015625 0.225 0.80625 0.2296875 0.8078125 0.2359375 0.80625 0.2703125 0.803125 0.271875 0.8 0.26875 0.7984375 0.259375 0.7953125 0.25625 0.79375 0.2625 0.7859375 0.2703125
2 0.73203125 0.275 0.03671875 0.04140625
4 0.371875 0.334375 0.3765625 0.334375 0.378125 0.3375 0.378125 0.3453125 0.371875 0.3453125 0.3703125 0.3421875 0.371875 0.3359375
4 0.2390625 0.446875 0.2390625 0.453125 0.23125 0.45625 0.225 0.45625 0.2234375 0.453125 0.225 0.4484375 0.2375 0.446875
4 0.72578125 0.328125 0.0125 0.009375
4 0.5109375 0.3484375 0.5140625 0.35 0.5140625 0.35625 0.5109375 0.35625 0.5109375 0.35
4 0.1390625 0.353125 0.140625 0.3546875 0.1390625 0.3625 0.1359375 0.3625 0.1375 0.3546875
4 0.109375 0.359375 0.1125 0.359375 0.1109375 0.3671875 0.109375 0.3609375