1 0.940625 0.2546875 0.946875 0.259375 0.9515625 0.26875 0.9546875 0.2828125 0.95 0.290625 0.94375 0.2921875 0.9171875 0.290625 0.9171875 0.271875 0.921875 0.2578125 0.925 0.2546875 0.9390625 0.2546875
1 0.9046875 0.2625 0.9125 0.26875 0.915625 0.2765625 0.9140625 0.2921875 0.9046875 0.29375 0.884375 0.2921875 0.884375 0.2734375 0.8890625 0.2640625 0.903125 0.2625
1 0.1859375 0.24375 0.1984375 0.2484375 0.1953125 0.2578125 0.196875 0.2875 0.190625 0.290625 0.1828125 0.2859375 0.1796875 0.278125 0.1796875 0.2609375 0.1828125 0.2484375 0.1859375 0.2453125
1 0.234375 0.2390625 0.2375 0.24375 0.2375 0.2484375 0.2328125 0.2484375 0.2265625 0.253125 0.2109375 0.2484375 0.2125 0.2390625 0.2140625 0.2375 0.2328125 0.2390625
1 0.3234375 0.2875 0.3296875 0.2921875 0.340625 0.3109375 0.3421875 0.3265625 0.3375 0.33125 0.315625 0.3296875 0.3 0.3234375 0.2984375 0.3203125 0.3 0.2984375 0.303125 0.2921875 0.3078125 0.2875 0.321875 0.2875
1 0.909375 0.328125 0.9171875 0.334375 0.91875 0.3421875 0.9234375 0.35 0.9234375 0.3703125 0.921875 0.3796875 0.91875 0.3828125 0.9125 0.3828125 0.9078125 0.3875 0.9046875 0.3953125 0.8984375 0.390625 0.8765625 0.390625 0.875 0.3890625 0.86875 0.390625 0.8671875 0.39375 0.8625 0.39375 0.8609375 0.3671875 0.8734375 0.3421875 0.8796875 0.334375 0.890625 0.328125 0.9078125 0.328125
1 0.2703125 0.2625 0.2734375 0.26875 0.26875 0.2796875 0.26875 0.30625 0.2625 0.3078125 0.2609375 0.2984375 0.2546875 0.290625 0.2546875 0.2875 0.2515625 0.2859375 0.2484375 0.278125 0.2484375 0.271875 0.2515625 0.2640625 0.2546875 0.2625 0.26875 0.2625
1 0.171875 0.2390625 0.1828125 0.2375 0.1859375 0.24375 0.1796875 0.2578125 0.178125 0.2703125 0.171875 0.2703125 0.16875 0.265625 0.16875 0.2453125 0.171875 0.240625
1 0.97265625 0.3640625 0.0546875 0.07578125
1 0.134375 0.2703125 0.1375 0.271875 0.1375 0.2890625 0.14375 0.29375 0.1546875 0.290625 0.15625 0.271875 0.1609375 0.2734375 0.16875 0.2890625 0.16875 0.315625 0.15 0.3203125 0.1515625 0.30625 0.1484375 0.303125 0.1453125 0.30625 0.1421875 0.31875 0.1328125 0.315625 0.128125 0.3046875 0.128125 0.2828125 0.1328125 0.271875
1 0.2390625 0.25 0.2546875 0.25625 0.2546875 0.2609375 0.246875 0.2734375 0.240625 0.2734375 0.234375 0.2703125 0.2296875 0.253125 0.2328125 0.25 0.2375 0.25
1 0.9703125 0.26875 0.971875 0.259375 0.975 0.2546875 0.9890625 0.2546875 0.9953125 0.2640625 0.9953125 0.2765625 0.9734375 0.278125 0.971875 0.2703125
1 0.2203125 0.2515625 0.228125 0.2546875 0.23125 0.271875 0.225 0.2734375 0.2203125 0.278125 0.2203125 0.2875 0.215625 0.303125 0.209375 0.303125 0.20625 0.2984375 0.1984375 0.2953125 0.1984375 0.2796875 0.1953125 0.265625 0.196875 0.2546875 0.2 0.25 0.21875 0.2515625
1 0.2234375 0.275 0.2328125 0.2734375 0.24375 0.275 0.25625 0.296875 0.25625 0.3171875 0.2546875 0.31875 0.253125 0.3171875 0.2359375 0.3171875 0.23125 0.3203125 0.21875 0.309375 0.21875 0.29375 0.2234375 0.2765625
1 0.83125 0.3125 0.84375 0.3140625 0.85 0.3203125 0.8546875 0.334375 0.85625 0.3484375 0.853125 0.371875 0.8484375 0.375 0.8421875 0.371875 0.8375 0.3734375 0.828125 0.384375 0.8140625 0.3828125 0.8125 0.378125 0.8125 0.3484375 0.8140625 0.346875 0.8109375 0.340625 0.8046875 0.3421875 0.8 0.340625 0.796875 0.34375 0.79375 0.3546875 0.79375 0.3703125 0.790625 0.371875 0.790625 0.3765625 0.7859375 0.375 0.7875 0.35 0.8 0.3328125 0.803125 0.325 0.8140625 0.3140625 0.8296875 0.3140625
1 0.29375 0.2671875 0.3 0.271875 0.30625 0.2859375 0.3 0.29375 0.296875 0.3125 0.2890625 0.315625 0.2828125 0.315625 0.2796875 0.3109375 0.271875 0.309375 0.26875 0.29375 0.2734375 0.26875 0.275 0.2671875 0.2921875 0.2671875
1 0.9484375 0.2578125 0.953125 0.25625 0.9640625 0.2578125 0.9703125 0.2703125 0.96875 0.28125 0.95625 0.284375 0.95625 0.275 0.9484375 0.259375
1 0.953125 0.3 0.959375 0.296875 0.9765625 0.296875 0.984375 0.3 0.9890625 0.3078125 0.9890625 0.3234375 0.9703125 0.3265625 0.9625 0.33125 0.95625 0.3390625 0.9515625 0.3109375 0.953125 0.3015625
1 0.990625 0.321875 0.990625 0.309375 0.9875 0.303125 0.9765625 0.2953125 0.9796875 0.284375 0.9875 0.2796875 0.9984375 0.2796875 0.9984375 0.3171875 0.9953125 0.321875 0.9921875 0.321875
1 0.3796875 0.3171875 0.39375 0.3328125 0.4 0.35 0.4 0.36875 0.396875 0.3734375 0.3890625 0.371875 0.365625 0.3734375 0.35625 0.3625 0.3484375 0.3625 0.3453125 0.3578125 0.34375 0.334375 0.346875 0.3234375 0.3578125 0.3171875 0.378125 0.3171875
1 0.1546875 0.225 0.1640625 0.2234375 0.1734375 0.225 0.18125 0.234375 0.18125 0.2375 0.175 0.2375 0.16875 0.24375 0.165625 0.2515625 0.1578125 0.253125 0.153125 0.2453125 0.153125 0.228125 0.1546875 0.2265625
1 0.859375 0.290625 0.8578125 0.275 0.8609375 0.2671875 0.8609375 0.259375 0.865625 0.2546875 0.8828125 0.2546875 0.8890625 0.2625 0.8828125 0.275 0.884375 0.2921875 0.86875 0.2890625 0.8609375 0.290625
1 0.671875 0.63125 0.7421875 0.6390625 0.7546875 0.64375 0.765625 0.6546875 0.7703125 0.665625 0.78125 0.6796875 0.796875 0.6875 0.8015625 0.6921875 0.8078125 0.6921875 0.81875 0.6984375 0.8265625 0.7 0.8390625 0.7078125 0.8578125 0.725 0.871875 0.7546875 0.88125 0.7953125 0.88125 0.8109375 0.8703125 0.8421875 0.8578125 0.846875 0.8484375 0.865625 0.8421875 0.86875 0.8296875 0.8671875 0.8203125 0.8625 0.8078125 0.8390625 0.7859375 0.8359375 0.7828125 0.8328125 0.7609375 0.83125 0.7546875 0.828125 0.7328125 0.8265625 0.7171875 0.821875 0.678125 0.8203125 0.6734375 0.8234375 0.6703125 0.8375 0.665625 0.8453125 0.6484375 0.8453125 0.6375 0.8375 0.63125 0.8140625 0.6203125 0.8078125 0.6109375 0.80625 0.60625 0.8015625 0.6 0.790625 0.5984375 0.7828125 0.596875 0.7484375 0.6 0.73125 0.6 0.703125 0.615625 0.634375 0.6203125 0.6296875 0.6703125 0.63125
1 0.8828125 0.296875 0.890625 0.3046875 0.8921875 0.325 0.8828125 0.328125 0.871875 0.3390625 0.8671875 0.35 0.859375 0.3546875 0.85625 0.3515625 0.8546875 0.3296875 0.8453125 0.3109375 0.8484375 0.3046875 0.85625 0.2984375 0.88125 0.296875
1 0.2828125 0.7171875 0.303125 0.725 0.31875 0.734375 0.3203125 0.7375 0.3546875 0.7625 0.371875 0.771875 0.378125 0.771875 0.3875 0.778125 0.403125 0.809375 0.40625 0.828125 0.409375 0.834375 0.4078125 0.8953125 0.403125 0.9125 0.390625 0.9265625 0.3859375 0.9265625 0.3828125 0.9296875 0.3765625 0.9453125 0.371875 0.9515625 0.3640625 0.95625 0.3484375 0.95625 0.3421875 0.953125 0.33125 0.9328125 0.321875 0.9359375 0.3125 0.934375 0.3 0.9375 0.28125 0.9375 0.275 0.940625 0.2578125 0.9421875 0.253125 0.9453125 0.2234375 0.946875 0.20625 0.9515625 0.19375 0.9515625 0.1859375 0.9546875 0.18125 0.9734375 0.1765625 0.98125 0.1625 0.990625 0.1453125 0.990625 0.1390625 0.9859375 0.13125 0.965625 0.125 0.9609375 0.1203125 0.9609375 0.1125 0.9515625 0.109375 0.928125 0.109375 0.9 0.1125 0.8953125 0.1109375 0.8796875 0.1125 0.828125 0.11875 0.809375 0.1265625 0.7953125 0.1296875 0.7796875 0.1390625 0.7546875 0.1515625 0.7390625 0.1640625 0.7328125 0.1859375 0.728125 0.190625 0.725 0.2375 0.7171875 0.2546875 0.7171875 0.25625 0.715625 0.28125 0.7171875
1 0.9171875 0.309375 0.9296875 0.30625 0.9484375 0.3078125 0.953125 0.321875 0.953125 0.340625 0.946875 0.3640625 0.9390625 0.371875 0.9296875 0.36875 0.925 0.3703125 0.925 0.35 0.921875 0.346875 0.91875 0.334375 0.909375 0.3265625 0.909375 0.31875 0.9171875 0.3109375
3 0.79375 0.371875 0.796875 0.378125 0.796875 0.3859375 0.790625 0.41875 0.7890625 0.4203125 0.7859375 0.4171875 0.7859375 0.4046875 0.7890625 0.378125 0.7921875 0.3734375
3 0.73125 0.3484375 0.7390625 0.3546875 0.74375 0.3671875 0.746875 0.365625 0.746875 0.359375 0.75 0.35625 0.753125 0.3625 0.7515625 0.3640625 0.7515625 0.3859375 0.746875 0.3890625 0.746875 0.39375 0.74375 0.3953125 0.740625 0.3875 0.7328125 0.3953125 0.728125 0.3953125 0.728125 0.384375 0.73125 0.3734375 0.73125 0.35