1 0.4296875 0.3265625 0.4359375 0.3296875 0.4421875 0.328125 0.4515625 0.3296875 0.4546875 0.3328125 0.459375 0.35 0.459375 0.3640625 0.4453125 0.390625 0.440625 0.3953125 0.4296875 0.3953125 0.4234375 0.403125 0.415625 0.403125 0.4125 0.3984375 0.4125 0.39375 0.40625 0.3875 0.390625 0.3859375 0.3875 0.390625 0.378125 0.390625 0.3734375 0.371875 0.3734375 0.3546875 0.3796875 0.34375 0.3875 0.3421875 0.4 0.328125 0.40625 0.325 0.4265625 0.325 0.428125 0.3265625
1 0.18125 0.365625 0.2 0.375 0.2046875 0.3796875 0.20625 0.3859375 0.2140625 0.39375 0.2140625 0.4015625 0.221875 0.4125 0.225 0.421875 0.225 0.44375 0.221875 0.4515625 0.21875 0.4515625 0.2109375 0.4453125 0.1875 0.4484375 0.18125 0.4546875 0.1765625 0.453125 0.1734375 0.4421875 0.16875 0.4359375 0.1640625 0.4328125 0.1546875 0.4375 0.15 0.43125 0.15 0.3953125 0.15625 0.375 0.1625 0.36875 0.1796875 0.365625
1 0.0796875 0.3078125 0.0890625 0.31875 0.096875 0.334375 0.1 0.35625 0.0984375 0.36875 0.09375 0.3703125 0.0875 0.3625 0.0796875 0.3640625 0.0734375 0.3625 0.0609375 0.3671875 0.05625 0.371875 0.05 0.3609375 0.0453125 0.3625 0.0421875 0.359375 0.040625 0.3234375 0.04375 0.309375 0.053125 0.303125 0.0671875 0.303125 0.078125 0.3078125
1 0.4484375 0.509375 0.471875 0.521875 0.4890625 0.5390625 0.5015625 0.55625 0.50625 0.5546875 0.5078125 0.55625 0.50625 0.565625 0.5125 0.5765625 0.525 0.590625 0.534375 0.6140625 0.534375 0.646875 0.5265625 0.6609375 0.521875 0.665625 0.5015625 0.6734375 0.4734375 0.675 0.465625 0.6828125 0.45625 0.678125 0.4515625 0.6578125 0.44375 0.6484375 0.4359375 0.6453125 0.4015625 0.6203125 0.3984375 0.6203125 0.390625 0.628125 0.3859375 0.6265625 0.38125 0.61875 0.3796875 0.6046875 0.3703125 0.58125 0.371875 0.55 0.378125 0.5328125 0.4046875 0.521875 0.4171875 0.5140625 0.4328125 0.509375 0.446875 0.509375
1 0.8734375 0.4453125 0.8953125 0.4484375 0.90625 0.453125 0.9171875 0.4546875 0.9296875 0.459375 0.934375 0.4640625 0.940625 0.5015625 0.9390625 0.515625 0.94375 0.5234375 0.9421875 0.5390625 0.934375 0.5484375 0.9203125 0.553125 0.896875 0.5546875 0.890625 0.5640625 0.8859375 0.5671875 0.88125 0.5671875 0.871875 0.5625 0.865625 0.553125 0.865625 0.546875 0.8609375 0.5421875 0.8515625 0.540625 0.84375 0.534375 0.8421875 0.5109375 0.8296875 0.484375 0.8078125 0.4703125 0.8078125 0.4671875 0.81875 0.4625 0.8328125 0.45 0.8515625 0.446875 0.85625 0.44375 0.871875 0.4453125
1 0.7203125 0.303125 0.7296875 0.3109375 0.7328125 0.3171875 0.7328125 0.3453125 0.7296875 0.3484375 0.728125 0.346875 0.7203125 0.3484375 0.715625 0.3578125 0.68125 0.3546875 0.6796875 0.3359375 0.7015625 0.303125 0.71875 0.303125
1 0.2328125 0.2921875 0.24375 0.29375 0.25 0.2984375 0.253125 0.3125 0.2546875 0.340625 0.25 0.3515625 0.240625 0.346875 0.2296875 0.346875 0.221875 0.353125 0.2125 0.3453125 0.2015625 0.34375 0.1984375 0.340625 0.1984375 0.3171875 0.2109375 0.29375 0.23125 0.2921875
1 0.784375 0.465625 0.8 0.4671875 0.8078125 0.4734375 0.8203125 0.478125 0.834375 0.496875 0.84375 0.51875 0.8421875 0.5578125 0.8390625 0.565625 0.8328125 0.571875 0.80625 0.58125 0.7984375 0.5953125 0.7921875 0.5953125 0.7859375 0.5921875 0.78125 0.5875 0.778125 0.58125 0.778125 0.575 0.7734375 0.5703125 0.7484375 0.5578125 0.7359375 0.55625 0.7203125 0.5484375 0.715625 0.5484375 0.709375 0.55625 0.7046875 0.5578125 0.7 0.55625 0.69375 0.55 0.6859375 0.5296875 0.6859375 0.51875 0.690625 0.5 0.6984375 0.49375 0.7125 0.4875 0.7234375 0.4875 0.7484375 0.4671875 0.7828125 0.465625
1 0.1296875 0.3046875 0.15625 0.3078125 0.1609375 0.309375 0.16875 0.3171875 0.18125 0.3421875 0.18125 0.3609375 0.15 0.3640625 0.14375 0.3671875 0.1375 0.3578125 0.125 0.35625 0.1234375 0.31875 0.128125 0.30625
2 0.49765625 0.40546875 0.1140625 0.10234375
3 0.1453125 0.4390625 0.146875 0.4421875 0.14375 0.4453125 0.14375 0.4515625 0.15 0.484375 0.15 0.5015625 0.146875 0.50625 0.1359375 0.4875 0.1328125 0.4921875 0.1296875 0.4921875 0.128125 0.4640625 0.1328125 0.459375 0.13125 0.4578125 0.1328125 0.45 0.1296875 0.446875 0.125 0.446875 0.125 0.4453125 0.1359375 0.446875 0.1453125 0.440625
3 0.834375 0.2625 0.8375 0.2640625 0.8390625 0.26875 0.8375 0.3015625 0.8328125 0.3015625 0.8265625 0.290625 0.8265625 0.2703125 0.8296875 0.2640625 0.8328125 0.2625
4 0.528125 0.6375 0.528125 0.646875 0.5140625 0.65625 0.5078125 0.6546875 0.509375 0.6484375 0.5265625 0.6375
4 0.4484375 0.3625 0.4515625 0.365625 0.4515625 0.3703125 0.4484375 0.371875 0.44375 0.3703125 0.44375 0.3640625 0.446875 0.3640625
4 0 0.30625 0.0078125 0.3078125 0.0078125 0.3109375 0 0.3109375 0 0.3078125
4 0.0859375 0.3484375 0.0875 0.353125 0.084375 0.3546875 0.075 0.353125 0.0765625 0.3484375 0.084375 0.3484375
4 0.934375 0.5125 0.9359375 0.5140625 0.934375 0.5234375 0.9296875 0.521875 0.9296875 0.5140625 0.9328125 0.5125
4 0.6546875 0.321875 0.6640625 0.321875 0.6625 0.3265625 0.65625 0.3265625 0.6546875 0.3234375
4 0.5359375 0.43203125 0.00859375 0.01328125
4 0.1703125 0.35 0.1734375 0.35625 0.1640625 0.359375 0.1609375 0.3578125 0.1609375 0.353125 0.16875 0.35
4 0.1390625 0.4609375 0.140625 0.45 0.1453125 0.4546875 0.1453125 0.459375 0.140625 0.4609375
4 0.20703125 0.43671875 0.01640625 0.00859375
4 0.2421875 0.321875 0.24375 0.328125 0.240625 0.3296875 0.2375 0.328125 0.2375 0.3234375 0.240625 0.321875
4 0.8375 0.5328125 0.8390625 0.5421875 0.8359375 0.5484375 0.83125 0.546875 0.83125 0.5359375 0.8359375 0.5328125
4 0.16953125 0.35390625 0.01484375 0.009375