1 0.178125 0.225 0.1859375 0.23125 0.1890625 0.2375 0.1875 0.2609375 0.1671875 0.2609375 0.1640625 0.25625 0.1640625 0.234375 0.16875 0.2265625 0.1765625 0.225
1 0.8171875 0.3765625 0.821875 0.3796875 0.828125 0.3890625 0.83125 0.4 0.8328125 0.440625 0.8296875 0.4515625 0.8234375 0.4515625 0.81875 0.4484375 0.8109375 0.453125 0.8015625 0.471875 0.796875 0.471875 0.790625 0.465625 0.775 0.465625 0.7671875 0.4625 0.7578125 0.4625 0.7515625 0.465625 0.746875 0.453125 0.7484375 0.43125 0.753125 0.425 0.7578125 0.40625 0.7640625 0.4015625 0.76875 0.390625 0.778125 0.3796875 0.790625 0.375 0.8140625 0.375 0.815625 0.3765625
1 0.2203125 0.2421875 0.228125 0.240625 0.23125 0.24375 0.240625 0.24375 0.246875 0.2546875 0.246875 0.2828125 0.2296875 0.2875 0.225 0.2828125 0.2203125 0.2828125 0.2171875 0.278125 0.215625 0.2640625 0.2171875 0.2484375 0.2203125 0.24375
1 0.2484375 0.2921875 0.2703125 0.2921875 0.28125 0.303125 0.28125 0.334375 0.2609375 0.3375 0.25625 0.340625 0.246875 0.3328125 0.24375 0.3234375 0.24375 0.3078125 0.2453125 0.2984375 0.2484375 0.29375
1 0.984375 0.284375 0.9875 0.2828125 0.9984375 0.284375 0.9984375 0.321875 0.990625 0.3234375 0.9875 0.321875 0.971875 0.3234375 0.9734375 0.296875 0.984375 0.2859375
1 0.4359375 0.296875 0.453125 0.3 0.465625 0.3171875 0.4765625 0.31875 0.484375 0.3234375 0.4875 0.33125 0.4875 0.353125 0.4796875 0.35625 0.4671875 0.365625 0.4640625 0.365625 0.4484375 0.353125 0.425 0.353125 0.41875 0.3609375 0.4109375 0.3609375 0.3984375 0.34375 0.396875 0.334375 0.403125 0.3 0.4140625 0.296875 0.434375 0.296875
1 0.3078125 0.29765625 0.05078125 0.06015625
3 0.365625 0.3375 0.371875 0.3390625 0.3734375 0.346875 0.371875 0.353125 0.375 0.3578125 0.378125 0.35625 0.378125 0.3484375 0.38125 0.3421875 0.384375 0.3421875 0.3875 0.3640625 0.3875 0.38125 0.3859375 0.3828125 0.3828125 0.3828125 0.3796875 0.3765625 0.3765625 0.3796875 0.3703125 0.378125 0.3703125 0.3625 0.365625 0.3390625
3 0.8890625 0.3421875 0.8921875 0.346875 0.8921875 0.3515625 0.8859375 0.378125 0.88125 0.3828125 0.878125 0.3828125 0.8703125 0.3734375 0.8625 0.3703125 0.8578125 0.378125 0.8515625 0.378125 0.85 0.3609375 0.8578125 0.3515625 0.8578125 0.3453125 0.8625 0.3390625 0.86875 0.340625 0.8671875 0.346875 0.871875 0.353125 0.8796875 0.353125 0.884375 0.3484375 0.884375 0.34375 0.8875 0.3421875
3 0.734375 0.321875 0.7375 0.325 0.74375 0.321875 0.7453125 0.325 0.7453125 0.3453125 0.74375 0.346875 0.7390625 0.3453125 0.734375 0.35 0.728125 0.3484375 0.728125 0.3390625 0.73125 0.33125 0.7296875 0.3234375 0.7328125 0.321875
3 0.9359375 0.2734375 0.9390625 0.2765625 0.9359375 0.2875 0.93125 0.2875 0.93125 0.275 0.934375 0.2734375
3 0.64375 0.3265625 0.6484375 0.3296875 0.6515625 0.3375 0.6578125 0.3375 0.659375 0.340625 0.6609375 0.353125 0.6578125 0.3625 0.65 0.3625 0.64375 0.35625 0.6375 0.3609375 0.6234375 0.359375 0.6203125 0.346875 0.621875 0.334375 0.6265625 0.33125 0.63125 0.3453125 0.6359375 0.346875 0.6390625 0.340625 0.6390625 0.328125 0.6421875 0.3265625
5 0.2203125 0.2296875 0.2234375 0.2328125 0.2234375 0.2375 0.215625 0.25 0.2140625 0.2703125 0.2078125 0.2671875 0.203125 0.25625 0.1953125 0.271875 0.1921875 0.2703125 0.190625 0.2625 0.1921875 0.2296875 0.196875 0.225 0.2015625 0.225 0.209375 0.2296875 0.21875 0.2296875
2 0.26796875 0.275 0.03671875 0.04140625
4 0.621875 0.334375 0.6265625 0.334375 0.628125 0.3375 0.6265625 0.3453125 0.6203125 0.3453125 0.621875 0.3359375
4 0.759375 0.446875 0.7734375 0.4484375 0.775 0.4515625 0.7734375 0.45625 0.7671875 0.45625 0.759375 0.453125 0.759375 0.4484375
4 0.26875 0.325 0.2734375 0.3234375 0.2796875 0.325 0.278125 0.33125 0.2703125 0.33125 0.26875 0.3265625
4 0.4875 0.3484375 0.4875 0.35625 0.484375 0.35625 0.484375 0.35 0.4859375 0.35
4 0.859375 0.353125 0.8625 0.3625 0.859375 0.3625 0.8578125 0.3546875
4 0.8859375 0.359375 0.8890625 0.359375 0.8875 0.3671875 0.8859375 0.3609375