5 0.9984375 0.303125 0.9984375 0.3515625 0.9953125 0.3640625 0.9953125 0.3765625 0.9921875 0.3796875 0.9921875 0.39375 0.9875 0.3984375 0.984375 0.3953125 0.9703125 0.3953125 0.959375 0.3859375 0.9578125 0.378125 0.953125 0.3703125 0.946875 0.3703125 0.9421875 0.3734375 0.9421875 0.359375 0.953125 0.340625 0.9515625 0.328125 0.953125 0.321875 0.9484375 0.31875 0.95 0.3140625 0.9671875 0.303125 0.996875 0.303125
5 0.5109375 0.3578125 0.515625 0.3609375 0.5234375 0.3765625 0.528125 0.3796875 0.53125 0.390625 0.540625 0.4015625 0.5421875 0.4328125 0.5375 0.446875 0.53125 0.446875 0.525 0.4421875 0.5125 0.4421875 0.5046875 0.4453125 0.5 0.4515625 0.496875 0.4515625 0.4921875 0.446875 0.4875 0.428125 0.471875 0.4203125 0.46875 0.4203125 0.4640625 0.428125 0.4578125 0.425 0.4546875 0.4078125 0.4484375 0.3953125 0.4484375 0.371875 0.4515625 0.3671875 0.4734375 0.365625 0.4765625 0.359375 0.4828125 0.3546875 0.50625 0.3546875 0.509375 0.3578125
1 0.9859375 0.284375 0.9828125 0.296875 0.975 0.3015625 0.96875 0.3015625 0.9640625 0.296875 0.95625 0.2953125 0.9578125 0.2890625 0.965625 0.2828125 0.9828125 0.2828125 0.984375 0.284375
1 0.95625 0.296875 0.965625 0.3015625 0.95625 0.3078125 0.9484375 0.3171875 0.9546875 0.325 0.9546875 0.3328125 0.9453125 0.3515625 0.9421875 0.328125 0.93125 0.3140625 0.9359375 0.303125 0.940625 0.2984375 0.9546875 0.296875
1 0.2453125 0.25625 0.253125 0.259375 0.259375 0.26875 0.2640625 0.2875 0.2625 0.2921875 0.253125 0.290625 0.2421875 0.29375 0.23125 0.290625 0.228125 0.2859375 0.228125 0.2625 0.2375 0.2546875 0.24375 0.25625
1 0.896875 0.3328125 0.903125 0.334375 0.9109375 0.3421875 0.915625 0.35625 0.9140625 0.3625 0.915625 0.3734375 0.9109375 0.39375 0.8984375 0.3953125 0.89375 0.4 0.890625 0.4078125 0.8875 0.4078125 0.8828125 0.4015625 0.865625 0.4015625 0.8640625 0.4 0.8578125 0.4 0.8484375 0.40625 0.8453125 0.4046875 0.8453125 0.3765625 0.8546875 0.3625 0.859375 0.35 0.86875 0.3375 0.8765625 0.334375 0.8953125 0.3328125
1 0.9984375 0.709375 0.9984375 0.80625 0.9875 0.7953125 0.9828125 0.7828125 0.984375 0.7578125 0.9875 0.7515625 0.9875 0.7296875 0.996875 0.7109375
1 0.8828125 0.296875 0.89375 0.3 0.8953125 0.3046875 0.89375 0.3296875 0.8875 0.3328125 0.86875 0.3359375 0.8625 0.340625 0.85625 0.3234375 0.8515625 0.3171875 0.85625 0.3046875 0.8625 0.3 0.88125 0.2984375
1 0.84375 0.315625 0.8515625 0.31875 0.859375 0.3390625 0.859375 0.3453125 0.8546875 0.35625 0.840625 0.3765625 0.834375 0.3734375 0.8046875 0.3734375 0.803125 0.371875 0.803125 0.3515625 0.809375 0.334375 0.8234375 0.3171875 0.8421875 0.315625
1 0.93125 0.3171875 0.9390625 0.3265625 0.9421875 0.35 0.9390625 0.365625 0.9296875 0.3703125 0.9234375 0.378125 0.9171875 0.3765625 0.9171875 0.3546875 0.9140625 0.3515625 0.9109375 0.3390625 0.9046875 0.3328125 0.896875 0.3328125 0.896875 0.3265625 0.9 0.3203125 0.90625 0.3171875 0.9296875 0.3171875
1 0.771875 0.284375 0.7828125 0.2890625 0.7921875 0.309375 0.790625 0.3265625 0.7796875 0.328125 0.7765625 0.3328125 0.7703125 0.33125 0.746875 0.3328125 0.7453125 0.33125 0.7453125 0.309375 0.75 0.290625 0.75625 0.2859375 0.7703125 0.284375
1 0.928125 0.290625 0.9328125 0.296875 0.9328125 0.30625 0.928125 0.315625 0.9046875 0.315625 0.9 0.31875 0.896875 0.315625 0.8984375 0.3 0.90625 0.2921875 0.9265625 0.290625
1 0.3578125 0.303125 0.36875 0.3046875 0.3890625 0.328125 0.3921875 0.3453125 0.390625 0.3484375 0.3796875 0.3515625 0.3609375 0.3515625 0.3546875 0.3453125 0.3453125 0.3453125 0.334375 0.340625 0.3328125 0.3375 0.33125 0.3109375 0.334375 0.30625 0.3390625 0.303125 0.35625 0.303125
3 0.8078125 0.4328125 0.809375 0.4484375 0.8046875 0.4609375 0.8046875 0.490625 0.79375 0.4859375 0.7921875 0.4828125 0.7859375 0.4828125 0.78125 0.4953125 0.778125 0.496875 0.7734375 0.496875 0.771875 0.490625 0.771875 0.4796875 0.778125 0.453125 0.7765625 0.4515625 0.778125 0.4390625 0.7796875 0.4359375 0.7859375 0.434375 0.7875 0.440625 0.7921875 0.4421875 0.79375 0.446875 0.796875 0.4484375 0.8015625 0.4328125 0.803125 0.43125 0.80625 0.4328125
3 0.9421875 0.3859375 0.9421875 0.3984375 0.9484375 0.41875 0.9515625 0.421875 0.95625 0.41875 0.9578125 0.409375 0.953125 0.4046875 0.953125 0.4 0.95625 0.3984375 0.959375 0.4 0.959375 0.40625 0.95625 0.4078125 0.959375 0.409375 0.959375 0.41875 0.95625 0.4265625 0.95625 0.440625 0.95 0.446875 0.9421875 0.440625 0.9328125 0.4546875 0.928125 0.453125 0.928125 0.4390625 0.93125 0.4234375 0.93125 0.39375 0.9328125 0.3890625 0.940625 0.3859375
3 0.99375 0.415625 0.9921875 0.3828125 0.99375 0.3734375 0.996875 0.36875 0.9984375 0.36875 0.9984375 0.415625 0.9953125 0.415625
3 0.6703125 0.3734375 0.671875 0.3828125 0.678125 0.3890625 0.68125 0.396875 0.684375 0.3984375 0.6890625 0.396875 0.6953125 0.3875 0.703125 0.3875 0.7046875 0.390625 0.703125 0.3984375 0.7046875 0.421875 0.7 0.4296875 0.6953125 0.43125 0.684375 0.421875 0.678125 0.4234375 0.671875 0.4203125 0.6640625 0.4296875 0.6578125 0.4296875 0.6546875 0.428125 0.653125 0.4234375 0.653125 0.4125 0.6578125 0.4046875 0.6640625 0.4 0.6640625 0.3859375 0.6703125 0.375
3 0.6921875 0.3046875 0.696875 0.3046875 0.7 0.3 0.703125 0.303125 0.703125 0.321875 0.6953125 0.3265625 0.690625 0.325 0.690625 0.3078125 0.6921875 0.30625
4 0.8703125 0.3875 0.871875 0.390625 0.8703125 0.3921875 0.8546875 0.3921875 0.853125 0.390625 0.8546875 0.3875 0.86875 0.3875
4 0.3828125 0.334375 0.3875 0.334375 0.3890625 0.3375 0.3875 0.3453125 0.384375 0.3453125 0.38125 0.3421875 0.3828125 0.3359375
4 0.96875 0.375 0.9828125 0.378125 0.9734375 0.3828125 0.959375 0.3828125 0.9578125 0.3765625 0.9671875 0.375
4 0.5328125 0.428125 0.5328125 0.4328125 0.5296875 0.4359375 0.5203125 0.4359375 0.5203125 0.43125 0.53125 0.428125
4 0.8109375 0.359375 0.8234375 0.3625 0.821875 0.3671875 0.8125 0.3671875 0.809375 0.3625 0.8109375 0.3609375