1 0.325 0.2828125 0.334375 0.290625 0.3421875 0.3046875 0.3453125 0.31875 0.34375 0.328125 0.315625 0.328125 0.309375 0.3203125 0.3078125 0.290625 0.3109375 0.284375 0.3234375 0.2828125
1 0.1703125 0.23125 0.1765625 0.234375 0.1796875 0.246875 0.1765625 0.253125 0.175 0.26875 0.165625 0.271875 0.1546875 0.2703125 0.153125 0.240625 0.1609375 0.23125 0.16875 0.23125
1 0.93125 0.2796875 0.9375 0.30625 0.9359375 0.3265625 0.9328125 0.3359375 0.925 0.3375 0.91875 0.34375 0.9 0.3359375 0.89375 0.3359375 0.8890625 0.3421875 0.8828125 0.3421875 0.88125 0.340625 0.88125 0.3171875 0.8875 0.3046875 0.8875 0.296875 0.890625 0.296875 0.8953125 0.2890625 0.9046875 0.2828125 0.9140625 0.28125 0.9203125 0.2828125 0.925 0.2796875 0.9296875 0.2796875
1 0.1953125 0.4078125 0.2140625 0.421875 0.2296875 0.4296875 0.2328125 0.4359375 0.234375 0.4609375 0.2328125 0.46875 0.2265625 0.478125 0.215625 0.48125 0.19375 0.4953125 0.184375 0.496875 0.175 0.5109375 0.16875 0.5109375 0.1640625 0.50625 0.1515625 0.503125 0.125 0.5078125 0.1125 0.4984375 0.109375 0.490625 0.1109375 0.4828125 0.109375 0.45 0.11875 0.4234375 0.13125 0.4140625 0.14375 0.4078125 0.1625 0.4078125 0.1703125 0.4046875 0.184375 0.4046875 0.19375 0.4078125
1 0.2453125 0.3328125 0.253125 0.3375 0.2578125 0.3484375 0.2578125 0.3625 0.2609375 0.371875 0.2609375 0.39375 0.253125 0.3953125 0.25 0.3921875 0.2359375 0.3921875 0.2234375 0.4 0.215625 0.378125 0.215625 0.34375 0.2265625 0.3328125 0.24375 0.3328125
1 0.15 0.29375 0.15625 0.278125 0.1734375 0.278125 0.1796875 0.2890625 0.18125 0.3203125 0.153125 0.321875 0.15 0.31875 0.1515625 0.2953125
1 0.9703125 0.2515625 0.98125 0.253125 0.9828125 0.259375 0.971875 0.2625 0.9671875 0.26875 0.965625 0.2546875 0.96875 0.253125
1 0.9703125 0.2640625 0.990625 0.2625 0.9953125 0.2734375 0.99375 0.2953125 0.990625 0.2984375 0.9890625 0.296875 0.965625 0.296875 0.9640625 0.2796875 0.965625 0.271875 0.9703125 0.265625
1 0.8421875 0.309375 0.853125 0.3125 0.85625 0.315625 0.8609375 0.3265625 0.8625 0.3390625 0.8578125 0.3703125 0.85625 0.371875 0.84375 0.3703125 0.8359375 0.38125 0.83125 0.38125 0.821875 0.3734375 0.80625 0.3734375 0.796875 0.3765625 0.7953125 0.36875 0.8 0.35625 0.8 0.3375 0.80625 0.33125 0.809375 0.321875 0.821875 0.3125 0.840625 0.309375
1 0.9046875 0.259375 0.9140625 0.26875 0.9140625 0.2765625 0.9078125 0.28125 0.903125 0.28125 0.903125 0.271875 0.9 0.2671875 0.896875 0.2671875 0.89375 0.2828125 0.8859375 0.2859375 0.8828125 0.2828125 0.8828125 0.2703125 0.8859375 0.2625 0.8921875 0.259375 0.903125 0.259375
1 0.9390625 0.315625 0.9375 0.296875 0.9328125 0.28125 0.934375 0.275 0.9390625 0.271875 0.959375 0.271875 0.9625 0.275 0.9609375 0.3109375 0.9515625 0.3171875 0.9421875 0.3140625 0.940625 0.315625
5 0.2203125 0.2171875 0.234375 0.225 0.2328125 0.2625 0.234375 0.2640625 0.234375 0.2875 0.2375 0.29375 0.2375 0.3 0.234375 0.303125 0.2265625 0.303125 0.225 0.30625 0.2203125 0.3046875 0.2171875 0.3109375 0.2125 0.3109375 0.2078125 0.303125 0.1953125 0.296875 0.1921875 0.2890625 0.184375 0.2828125 0.18125 0.2765625 0.1828125 0.2734375 0.18125 0.2671875 0.184375 0.2515625 0.1859375 0.221875 0.1953125 0.2140625 0.2046875 0.2109375 0.2140625 0.2125 0.21875 0.2171875
5 0.2375 0.225 0.2640625 0.225 0.2765625 0.2296875 0.2875 0.2375 0.2953125 0.2390625 0.3 0.24375 0.3 0.2625 0.30625 0.271875 0.30625 0.315625 0.3078125 0.3171875 0.30625 0.325 0.2984375 0.33125 0.2890625 0.3328125 0.271875 0.340625 0.265625 0.3359375 0.259375 0.3234375 0.246875 0.3203125 0.24375 0.3 0.2375 0.2921875 0.2359375 0.2859375 0.2359375 0.259375 0.234375 0.2578125 0.2359375 0.2359375 0.234375 0.234375 0.2375 0.2265625
3 0.7890625 0.3390625 0.7953125 0.3390625 0.7984375 0.34375 0.7953125 0.3703125 0.79375 0.3734375 0.7859375 0.3734375 0.784375 0.3578125 0.7890625 0.340625
4 0.24296875 0.3859375 0.009375 0.009375
4 0.1296875 0.46875 0.1328125 0.471875 0.1328125 0.4828125 0.1234375 0.48125 0.1234375 0.471875 0.128125 0.46875
4 0.8921875 0.3265625 0.89375 0.321875 0.9015625 0.321875 0.9015625 0.3265625 0.89375 0.3265625
4 0.9703125 0.2875 0.978125 0.2859375 0.98125 0.2890625 0.98125 0.290625 0.9703125 0.2890625
4 0.803125 0.359375 0.8109375 0.359375 0.815625 0.3625 0.815625 0.365625 0.8046875 0.365625 0.803125 0.3609375