2 0.18046875 0.30859375 0.0421875 0.06875
1 0.93125 0.271875 0.946875 0.2734375 0.9515625 0.278125 0.9546875 0.296875 0.946875 0.3109375 0.940625 0.3125 0.9203125 0.3109375 0.9171875 0.296875 0.909375 0.290625 0.9109375 0.2828125 0.9203125 0.2734375 0.9296875 0.271875
1 0.884375 0.259375 0.890625 0.2671875 0.890625 0.284375 0.88125 0.2875 0.8625 0.2875 0.8609375 0.275 0.8625 0.26875 0.86875 0.2609375 0.8828125 0.259375
1 0.3328125 0.3046875 0.3375 0.303125 0.359375 0.3046875 0.3703125 0.31875 0.3765625 0.3328125 0.3765625 0.3484375 0.375 0.35 0.3546875 0.3515625 0.3453125 0.35625 0.340625 0.346875 0.33125 0.3421875 0.325 0.321875 0.325 0.3109375 0.3328125 0.30625
1 0.978125 0.33125 0.9875 0.3390625 0.9921875 0.35 0.99375 0.375 0.990625 0.396875 0.9859375 0.396875 0.9765625 0.409375 0.9703125 0.40625 0.959375 0.40625 0.9578125 0.390625 0.95 0.3875 0.9421875 0.378125 0.9328125 0.3859375 0.928125 0.3953125 0.9328125 0.365625 0.9453125 0.3421875 0.95625 0.3359375 0.9703125 0.3359375 0.9765625 0.3328125
1 0.9140625 0.328125 0.9171875 0.31875 0.921875 0.3140625 0.9515625 0.3140625 0.9578125 0.33125 0.9421875 0.34375 0.9328125 0.3609375 0.93125 0.3609375 0.928125 0.340625 0.9234375 0.3296875 0.915625 0.328125
1 0.15 0.221875 0.159375 0.2234375 0.1640625 0.2328125 0.1640625 0.2515625 0.1515625 0.2515625 0.15 0.2234375
1 0.9984375 0.296875 0.9984375 0.3703125 0.9953125 0.3703125 0.9953125 0.359375 0.990625 0.3421875 0.984375 0.3359375 0.9765625 0.3328125 0.984375 0.3046875 0.9921875 0.296875 0.996875 0.296875
1 0.9703125 0.2984375 0.978125 0.3 0.98125 0.303125 0.98125 0.3125 0.9734375 0.33125 0.9703125 0.3328125 0.9578125 0.33125 0.95625 0.321875 0.95 0.3125 0.95625 0.3 0.96875 0.3
1 0.459375 0.46875 0.4765625 0.478125 0.4921875 0.49375 0.5 0.5203125 0.50625 0.5328125 0.50625 0.553125 0.509375 0.5609375 0.509375 0.56875 0.5046875 0.5875 0.4984375 0.596875 0.4890625 0.596875 0.4703125 0.603125 0.4421875 0.6046875 0.4390625 0.6171875 0.434375 0.621875 0.428125 0.6203125 0.4234375 0.6125 0.421875 0.5875 0.4140625 0.578125 0.3984375 0.5671875 0.3921875 0.5703125 0.390625 0.5765625 0.3859375 0.5765625 0.3796875 0.5703125 0.3765625 0.51875 0.3828125 0.503125 0.3921875 0.496875 0.396875 0.496875 0.4109375 0.4796875 0.434375 0.471875 0.4578125 0.46875
1 0.1859375 0.228125 0.1921875 0.234375 0.1953125 0.2453125 0.1890625 0.259375 0.1796875 0.2625 0.16875 0.2609375 0.165625 0.2421875 0.16875 0.2296875 0.171875 0.2265625 0.184375 0.228125
1 0.259375 0.278125 0.2703125 0.3 0.275 0.315625 0.275 0.3234375 0.271875 0.328125 0.2546875 0.3265625 0.2453125 0.3296875 0.2390625 0.328125 0.2375 0.3234375 0.23125 0.3203125 0.2296875 0.29375 0.234375 0.284375 0.240625 0.278125 0.2578125 0.278125
1 0.2625 0.275 0.26875 0.271875 0.284375 0.2734375 0.29375 0.2890625 0.2921875 0.3125 0.2875 0.315625 0.278125 0.315625 0.275 0.3125 0.275 0.3078125 0.265625 0.2890625 0.2625 0.2765625
1 0.9046875 0.2890625 0.915625 0.296875 0.9171875 0.3046875 0.9171875 0.315625 0.9140625 0.321875 0.9078125 0.3265625 0.8921875 0.3234375 0.890625 0.3078125 0.8859375 0.3 0.8875 0.29375 0.903125 0.2890625
1 0.209375 0.259375 0.2171875 0.2640625 0.221875 0.2734375 0.225 0.2859375 0.225 0.3 0.2171875 0.303125 0.203125 0.3015625 0.2015625 0.2921875 0.19375 0.278125 0.19375 0.265625 0.196875 0.2625 0.2078125 0.2609375
1 0.903125 0.328125 0.9046875 0.3296875 0.909375 0.328125 0.921875 0.3296875 0.9265625 0.340625 0.928125 0.35625 0.93125 0.3625 0.9265625 0.3828125 0.921875 0.3875 0.915625 0.3859375 0.9109375 0.3953125 0.9078125 0.396875 0.8984375 0.390625 0.890625 0.3890625 0.878125 0.390625 0.8734375 0.3953125 0.86875 0.3953125 0.865625 0.390625 0.865625 0.36875 0.88125 0.3375 0.890625 0.3296875 0.9015625 0.328125
1 0.8453125 0.3171875 0.85 0.3234375 0.85 0.33125 0.853125 0.334375 0.853125 0.3609375 0.8484375 0.3703125 0.846875 0.3671875 0.840625 0.3671875 0.828125 0.3796875 0.8203125 0.375 0.7921875 0.3765625 0.7921875 0.353125 0.7984375 0.3390625 0.8125 0.321875 0.8234375 0.3171875 0.8390625 0.3171875 0.840625 0.315625 0.84375 0.3171875
1 0.8828125 0.2984375 0.8890625 0.3078125 0.890625 0.325 0.875 0.34375 0.8703125 0.35625 0.8640625 0.35625 0.8609375 0.353125 0.85625 0.3546875 0.8546875 0.334375 0.8515625 0.3234375 0.846875 0.3171875 0.846875 0.3109375 0.8546875 0.3 0.871875 0.296875 0.88125 0.2984375
1 0.240625 0.3328125 0.2421875 0.334375 0.2671875 0.334375 0.271875 0.3375 0.2765625 0.3453125 0.284375 0.36875 0.284375 0.4015625 0.2796875 0.4046875 0.2734375 0.3984375 0.265625 0.396875 0.2515625 0.3984375 0.246875 0.40625 0.240625 0.409375 0.23125 0.390625 0.225 0.39375 0.221875 0.3921875 0.2203125 0.3890625 0.221875 0.35 0.228125 0.3453125 0.2359375 0.334375 0.2390625 0.334375
3 0.4703125 0.3328125 0.4765625 0.346875 0.4765625 0.359375 0.471875 0.3625 0.4609375 0.3578125 0.4484375 0.359375 0.4453125 0.3578125 0.446875 0.334375 0.45625 0.33125 0.46875 0.3328125
3 0.1265625 0.2828125 0.1328125 0.284375 0.1359375 0.290625 0.1359375 0.3015625 0.13125 0.3125 0.1265625 0.3 0.1265625 0.284375
3 0.95 0.396875 0.95625 0.3984375 0.953125 0.43125 0.95 0.43125 0.9453125 0.421875 0.94375 0.4234375 0.9421875 0.4328125 0.9453125 0.4359375 0.9421875 0.4484375 0.9421875 0.459375 0.9328125 0.4625 0.928125 0.471875 0.925 0.4734375 0.921875 0.4703125 0.921875 0.4546875 0.93125 0.4140625 0.9453125 0.409375 0.9484375 0.40625 0.95 0.3984375
3 0.803125 0.3125 0.809375 0.3140625 0.8109375 0.3203125 0.8 0.3375 0.7984375 0.3359375 0.7984375 0.3140625 0.8015625 0.3125
3 0.759375 0.334375 0.7671875 0.334375 0.7703125 0.3375 0.76875 0.3703125 0.7609375 0.3734375 0.759375 0.371875 0.759375 0.3359375
3 0.528125 0.328125 0.5328125 0.3265625 0.5390625 0.3359375 0.546875 0.3296875 0.553125 0.3328125 0.553125 0.3359375 0.5578125 0.3390625 0.5640625 0.35 0.5640625 0.35625 0.5609375 0.3625 0.55625 0.3625 0.55 0.353125 0.540625 0.3609375 0.5359375 0.3625 0.5296875 0.3609375 0.528125 0.3296875
3 0.7375 0.4890625 0.7421875 0.4890625 0.753125 0.5015625 0.7546875 0.5171875 0.7640625 0.51875 0.76875 0.5140625 0.759375 0.55625 0.75625 0.5578125 0.7453125 0.546875 0.7390625 0.5546875 0.7375 0.5671875 0.734375 0.571875 0.728125 0.575 0.7265625 0.559375 0.7328125 0.53125 0.734375 0.51875 0.7328125 0.5140625 0.7375 0.5015625 0.734375 0.4984375 0.734375 0.49375 0.7375 0.490625
3 0.778125 0.3140625 0.7859375 0.315625 0.7875 0.31875 0.7859375 0.353125 0.784375 0.35625 0.78125 0.35625 0.7765625 0.3515625 0.778125 0.3421875 0.7765625 0.31875 0.778125 0.315625
4 0.26875 0.3671875 0.2703125 0.36875 0.26875 0.378125 0.2640625 0.378125 0.2609375 0.375 0.2609375 0.3703125 0.2671875 0.3671875
4 0.8875 0.3765625 0.890625 0.3796875 0.8875 0.3828125 0.8765625 0.3796875 0.878125 0.3765625 0.8859375 0.3765625
4 0.1828125 0.3171875 0.1890625 0.3171875 0.1890625 0.3234375 0.184375 0.3234375 0.1828125 0.31875
4 0.734375 0.5265625 0.734375 0.5171875 0.7375 0.5140625 0.740625 0.515625 0.740625 0.525 0.7359375 0.5265625
4 0.259375 0.3140625 0.2640625 0.3171875 0.2625 0.3203125 0.2546875 0.31875 0.2546875 0.315625 0.2578125 0.3140625
4 0.809375 0.3640625 0.8125 0.3703125 0.8015625 0.3703125 0.7984375 0.3671875 0.8 0.3640625 0.8078125 0.3640625
4 0.4578125 0.5765625 0.4703125 0.5734375 0.4703125 0.5890625 0.4671875 0.5921875 0.4578125 0.5921875 0.45625 0.58125 0.4578125 0.578125
4 0.88125 0.375 0.8859375 0.378125 0.884375 0.38125 0.8703125 0.3796875 0.871875 0.375 0.8796875 0.375