0 0.228125 0.2203125 0.246875 0.228125 0.2515625 0.2359375 0.2515625 0.253125 0.2453125 0.2546875 0.240625 0.2625 0.2265625 0.2625 0.2140625 0.246875 0.2046875 0.2421875 0.2046875 0.21875 0.2203125 0.2171875 0.2265625 0.2203125
1 0.9046875 0.259375 0.9125 0.26875 0.9140625 0.275 0.9125 0.2828125 0.884375 0.2859375 0.8828125 0.2734375 0.8859375 0.2640625 0.8921875 0.259375 0.903125 0.259375
1 0.3671875 0.621875 0.36875 0.6234375 0.371875 0.621875 0.3875 0.6234375 0.396875 0.628125 0.4125 0.6578125 0.4265625 0.678125 0.428125 0.7015625 0.43125 0.7109375 0.428125 0.7734375 0.415625 0.790625 0.4078125 0.7921875 0.4046875 0.790625 0.4015625 0.784375 0.39375 0.7859375 0.325 0.8359375 0.3140625 0.85 0.3140625 0.85625 0.30625 0.88125 0.2921875 0.8953125 0.2875 0.896875 0.28125 0.896875 0.275 0.890625 0.2421875 0.890625 0.20625 0.86875 0.2015625 0.846875 0.203125 0.7890625 0.2140625 0.759375 0.2234375 0.746875 0.2359375 0.7359375 0.2390625 0.7265625 0.246875 0.7171875 0.2609375 0.6921875 0.2640625 0.690625 0.2796875 0.66875 0.29375 0.6546875 0.3234375 0.634375 0.3421875 0.625 0.365625 0.621875
1 0.1734375 0.2234375 0.175 0.228125 0.175 0.25625 0.1734375 0.2578125 0.16875 0.2578125 0.16875 0.246875 0.165625 0.240625 0.165625 0.225 0.171875 0.2234375
1 0.86875 0.3578125 0.8734375 0.359375 0.884375 0.3734375 0.884375 0.4109375 0.8796875 0.41875 0.86875 0.421875 0.8625 0.428125 0.859375 0.4359375 0.8546875 0.4390625 0.8453125 0.43125 0.84375 0.4328125 0.8296875 0.43125 0.815625 0.434375 0.8078125 0.4328125 0.80625 0.43125 0.80625 0.4078125 0.8078125 0.4015625 0.81875 0.384375 0.8171875 0.378125 0.8203125 0.378125 0.8265625 0.371875 0.83125 0.3625 0.8453125 0.35625 0.8671875 0.3578125
1 0.9484375 0.296875 0.9546875 0.3 0.959375 0.309375 0.9609375 0.340625 0.959375 0.3515625 0.953125 0.353125 0.9453125 0.3625 0.940625 0.3625 0.934375 0.3578125 0.915625 0.3578125 0.90625 0.3625 0.9046875 0.3609375 0.9046875 0.3421875 0.9078125 0.328125 0.9203125 0.309375 0.93125 0.3 0.9390625 0.296875 0.946875 0.296875
1 0.2671875 0.2921875 0.2765625 0.2953125 0.28125 0.3 0.290625 0.31875 0.2921875 0.328125 0.290625 0.340625 0.2828125 0.340625 0.278125 0.3359375 0.275 0.3359375 0.271875 0.3296875 0.2609375 0.321875 0.246875 0.3203125 0.2453125 0.3078125 0.2484375 0.2984375 0.2546875 0.2921875 0.265625 0.2921875
1 0.3140625 0.303125 0.3203125 0.3 0.340625 0.3 0.3515625 0.3046875 0.3703125 0.3296875 0.371875 0.3359375 0.371875 0.3453125 0.36875 0.353125 0.35625 0.353125 0.34375 0.3578125 0.33125 0.346875 0.3125 0.3484375 0.309375 0.3421875 0.309375 0.325 0.3140625 0.3046875
1 0.2265625 0.26875 0.2296875 0.2671875 0.2453125 0.26875 0.246875 0.271875 0.253125 0.275 0.2546875 0.2828125 0.2546875 0.2890625 0.24375 0.3046875 0.24375 0.3171875 0.23125 0.321875 0.225 0.315625 0.2234375 0.3109375 0.2234375 0.278125 0.2265625 0.2703125
1 0.9984375 0.340625 0.9984375 0.390625 0.9953125 0.396875 0.990625 0.396875 0.984375 0.40625 0.9765625 0.40625 0.971875 0.4015625 0.9484375 0.3953125 0.94375 0.390625 0.94375 0.3796875 0.95 0.3671875 0.9546875 0.3625 0.959375 0.359375 0.971875 0.3578125 0.9890625 0.34375 0.996875 0.3421875
1 0.2609375 0.3234375 0.26875 0.328125 0.28125 0.340625 0.284375 0.35 0.284375 0.365625 0.278125 0.375 0.2671875 0.375 0.25 0.38125 0.24375 0.38125 0.2375 0.371875 0.2140625 0.3703125 0.209375 0.359375 0.2109375 0.34375 0.2140625 0.3390625 0.2203125 0.3375 0.2328125 0.325 0.24375 0.321875 0.259375 0.3234375
1 0.3125 0.2828125 0.31875 0.284375 0.328125 0.296875 0.3171875 0.3 0.3109375 0.30625 0.3109375 0.3171875 0.3078125 0.328125 0.303125 0.328125 0.29375 0.3234375 0.290625 0.3078125 0.29375 0.2890625 0.3 0.284375 0.3109375 0.2828125
1 0.2 0.24375 0.209375 0.2546875 0.2109375 0.2625 0.2 0.2703125 0.1984375 0.2875 0.19375 0.2921875 0.1890625 0.2921875 0.18125 0.2875 0.178125 0.28125 0.178125 0.246875 0.18125 0.24375 0.1984375 0.24375
1 0.15 0.2328125 0.159375 0.2328125 0.1671875 0.2484375 0.165625 0.265625 0.1546875 0.2671875 0.1515625 0.2625 0.15 0.234375
1 0.2203125 0.265625 0.225 0.26875 0.221875 0.278125 0.221875 0.3015625 0.2203125 0.3046875 0.215625 0.30625 0.2109375 0.30625 0.2015625 0.2984375 0.2 0.2796875 0.203125 0.26875 0.2125 0.2640625 0.21875 0.265625
1 0.2546875 0.2734375 0.2578125 0.271875 0.278125 0.2734375 0.28125 0.28125 0.2890625 0.290625 0.2890625 0.3046875 0.2859375 0.30625 0.2828125 0.2984375 0.275 0.2921875 0.259375 0.290625 0.2546875 0.2828125 0.2546875 0.275
1 0.253125 0.2546875 0.2640625 0.25625 0.26875 0.259375 0.275 0.2703125 0.2671875 0.271875 0.253125 0.271875 0.2421875 0.265625 0.2421875 0.259375 0.246875 0.2546875 0.2515625 0.2546875
1 0.9890625 0.2640625 0.9921875 0.2671875 0.9953125 0.2796875 0.9921875 0.296875 0.9796875 0.2953125 0.9671875 0.296875 0.965625 0.2953125 0.9671875 0.278125 0.971875 0.26875 0.9765625 0.2640625 0.9875 0.2640625
3 0.76875 0.3171875 0.771875 0.3203125 0.778125 0.31875 0.7765625 0.346875 0.7625 0.3484375 0.7640625 0.321875 0.7671875 0.31875
3 0.5296875 0.359375 0.5328125 0.359375 0.5359375 0.3640625 0.5359375 0.3703125 0.5328125 0.3734375 0.5328125 0.3796875 0.5359375 0.384375 0.5390625 0.3859375 0.54375 0.3828125 0.55 0.3890625 0.553125 0.3890625 0.5546875 0.378125 0.5578125 0.375 0.5609375 0.403125 0.5609375 0.4078125 0.55625 0.4109375 0.5484375 0.4078125 0.53125 0.4078125 0.528125 0.4109375 0.51875 0.4125 0.515625 0.409375 0.515625 0.3921875 0.5234375 0.3828125 0.5234375 0.371875 0.5296875 0.3609375
3 0.871875 0.2765625 0.8734375 0.2875 0.8703125 0.3 0.865625 0.284375 0.865625 0.2796875 0.8703125 0.2765625
4 0.3671875 0.340625 0.36875 0.3421875 0.3671875 0.3453125 0.3625 0.346875 0.359375 0.3453125 0.359375 0.3421875 0.365625 0.340625
4 0.82734375 0.41875 0.01484375 0.00859375
4 0.365625 0.34375 0.36875 0.3453125 0.36875 0.3484375 0.365625 0.35 0.359375 0.3484375 0.3640625 0.34375
4 0.265625 0.35625 0.2703125 0.35 0.278125 0.35 0.278125 0.35625 0.2671875 0.3578125
4 0.9453125 0.3796875 0.95 0.3796875 0.953125 0.3828125 0.95 0.3875 0.9453125 0.3875 0.94375 0.384375 0.9453125 0.38125
4 0.3671875 0.340625 0.36875 0.3421875 0.365625 0.3453125 0.3625 0.3453125 0.3609375 0.3421875 0.365625 0.340625
4 0.2046875 0.834375 0.2078125 0.834375 0.2265625 0.8515625 0.2265625 0.8625 0.2203125 0.8609375 0.2046875 0.846875 0.2046875 0.8359375
5 0.175 0.221875 0.1953125 0.221875 0.2015625 0.2234375 0.203125 0.2265625 0.203125 0.2421875 0.1875 0.240625 0.1765625 0.2453125 0.175 0.2234375