1 0.0109375 0.24375 0.0171875 0.246875 0.0203125 0.253125 0.0203125 0.275 0.01875 0.2765625 0.015625 0.2765625 0.0109375 0.271875 0 0.2703125 0 0.246875 0.0046875 0.24375 0.009375 0.24375
1 0.0765625 0.275 0.0859375 0.2796875 0.0953125 0.2921875 0.096875 0.303125 0.09375 0.3109375 0.0890625 0.3078125 0.065625 0.3078125 0.0546875 0.296875 0.05625 0.2796875 0.0640625 0.275 0.075 0.275
1 0.02109375 0.29765625 0.03515625 0.025
1 0.696875 0.278125 0.6984375 0.2796875 0.703125 0.278125 0.7078125 0.2828125 0.7078125 0.30625 0.70625 0.321875 0.6953125 0.33125 0.690625 0.3265625 0.6734375 0.328125 0.6703125 0.3265625 0.665625 0.3171875 0.6671875 0.303125 0.6734375 0.296875 0.68125 0.2796875 0.6953125 0.278125
1 0.0859375 0.309375 0.0984375 0.31875 0.1046875 0.3359375 0.109375 0.3390625 0.115625 0.35 0.1171875 0.3765625 0.1140625 0.38125 0.1109375 0.38125 0.10625 0.3765625 0.0953125 0.378125 0.0796875 0.3765625 0.0734375 0.3828125 0.06875 0.3796875 0.0640625 0.371875 0.05625 0.3703125 0.0546875 0.3625 0.05625 0.3609375 0.0546875 0.3578125 0.05625 0.321875 0.059375 0.3140625 0.0640625 0.309375 0.084375 0.309375
1 0.01875 0.309375 0.028125 0.3109375 0.03125 0.3140625 0.0390625 0.3359375 0.0484375 0.3515625 0.053125 0.3765625 0.05 0.3828125 0.0453125 0.38125 0.0421875 0.3765625 0.0359375 0.35625 0.0296875 0.3578125 0.0265625 0.3703125 0.0203125 0.3734375 0.015625 0.38125 0.0078125 0.38125 0.00625 0.378125 0.0078125 0.359375 0.00625 0.3546875 0 0.3484375 0 0.3125 0.0171875 0.309375
1 0.05625 0.25625 0.059375 0.2578125 0.0625 0.265625 0.0609375 0.275 0.040625 0.2828125 0.0359375 0.28125 0.0375 0.2640625 0.04375 0.2578125 0.0546875 0.25625
1 0.053125 0.359375 0.0484375 0.346875 0.040625 0.3359375 0.0375 0.3234375 0.0296875 0.3109375 0.03125 0.3046875 0.0359375 0.3 0.053125 0.3 0.0609375 0.3046875 0.0609375 0.3109375 0.05625 0.3171875 0.0546875 0.33125 0.0515625 0.3359375 0.053125 0.3578125
1 0.6546875 0.384375 0.6765625 0.3890625 0.6875 0.3984375 0.696875 0.4125 0.696875 0.440625 0.6984375 0.4421875 0.6953125 0.465625 0.684375 0.4671875 0.6765625 0.4734375 0.6703125 0.4921875 0.665625 0.4921875 0.659375 0.4828125 0.653125 0.48125 0.63125 0.4796875 0.621875 0.484375 0.61875 0.475 0.621875 0.425 0.628125 0.403125 0.6390625 0.3890625 0.64375 0.3859375 0.653125 0.384375
1 0.2046875 0.328125 0.215625 0.334375 0.225 0.34375 0.2296875 0.353125 0.240625 0.3578125 0.25 0.36875 0.2484375 0.390625 0.2390625 0.396875 0.2375 0.3953125 0.2265625 0.396875 0.221875 0.403125 0.215625 0.403125 0.2046875 0.3921875 0.1953125 0.390625 0.1734375 0.390625 0.16875 0.396875 0.1625 0.396875 0.159375 0.39375 0.159375 0.3859375 0.1515625 0.3734375 0.1515625 0.3546875 0.15625 0.334375 0.16875 0.33125 0.178125 0.3328125 0.1859375 0.328125 0.203125 0.328125
1 0.3921875 0.3578125 0.3984375 0.3625 0.40625 0.3734375 0.4109375 0.3875 0.4109375 0.403125 0.4125 0.4046875 0.4109375 0.41875 0.4078125 0.4234375 0.3828125 0.421875 0.371875 0.4234375 0.3703125 0.4265625 0.3640625 0.425 0.3625 0.4171875 0.359375 0.4140625 0.3515625 0.409375 0.346875 0.4109375 0.3421875 0.409375 0.340625 0.40625 0.3421875 0.3765625 0.3515625 0.3640625 0.3640625 0.3546875 0.384375 0.3546875 0.390625 0.3578125
1 0.1203125 0.26875 0.1296875 0.2765625 0.1328125 0.2828125 0.1328125 0.2984375 0.1 0.296875 0.096875 0.2921875 0.0953125 0.2828125 0.1 0.275 0.1109375 0.26875 0.11875 0.26875
1 0.11875 0.2984375 0.128125 0.3 0.1328125 0.303125 0.140625 0.3171875 0.1390625 0.3203125 0.1328125 0.3203125 0.1265625 0.3234375 0.1296875 0.3421875 0.1296875 0.35 0.1265625 0.353125 0.11875 0.353125 0.1140625 0.3421875 0.1078125 0.3359375 0.096875 0.3109375 0.103125 0.3 0.1171875 0.2984375
1 0.040625 0.2828125 0.046875 0.2796875 0.0546875 0.2796875 0.053125 0.2984375 0.0390625 0.296875 0.040625 0.284375
1 0.1078125 0.259375 0.1125 0.2640625 0.1125 0.2671875 0.103125 0.271875 0.09375 0.284375 0.0875 0.28125 0.084375 0.2765625 0.084375 0.26875 0.0953125 0.259375 0.10625 0.259375
5 0.7796875 0.209375 0.7828125 0.2234375 0.784375 0.25625 0.7796875 0.26875 0.778125 0.284375 0.775 0.284375 0.771875 0.259375 0.7609375 0.24375 0.7453125 0.2515625 0.7375 0.253125 0.73125 0.2515625 0.73125 0.21875 0.7328125 0.2171875 0.7484375 0.209375 0.778125 0.209375
5 0.7609375 0.24375 0.771875 0.2625 0.7734375 0.290625 0.771875 0.2984375 0.765625 0.3046875 0.7640625 0.309375 0.7640625 0.3203125 0.7515625 0.325 0.7484375 0.3375 0.7421875 0.340625 0.7390625 0.3375 0.7109375 0.3359375 0.709375 0.3328125 0.709375 0.2890625 0.7140625 0.26875 0.7234375 0.2640625 0.7296875 0.2546875 0.74375 0.253125 0.759375 0.2453125
5 0.15625 0.3390625 0.05546875 0.05390625
5 0.7765625 0.2109375 0.7796875 0.215625 0.7828125 0.2328125 0.7828125 0.2609375 0.778125 0.275 0.778125 0.2828125 0.775 0.284375 0.7734375 0.2953125 0.7640625 0.309375 0.7640625 0.3203125 0.759375 0.3234375 0.7546875 0.3234375 0.75 0.328125 0.746875 0.3390625 0.74375 0.340625 0.740625 0.3375 0.7109375 0.3359375 0.709375 0.33125 0.7109375 0.278125 0.7140625 0.26875 0.7234375 0.2640625 0.7328125 0.2515625 0.73125 0.2359375 0.7328125 0.2171875 0.75 0.209375 0.7734375 0.209375 0.775 0.2109375
3 0.6671875 0.8046875 0.675 0.8109375 0.6765625 0.821875 0.68125 0.828125 0.6875 0.8234375 0.690625 0.8296875 0.6984375 0.83125 0.7015625 0.8484375 0.7015625 0.865625 0.696875 0.871875 0.6984375 0.884375 0.7 0.8890625 0.7109375 0.896875 0.715625 0.9046875 0.7171875 0.9203125 0.721875 0.9296875 0.725 0.9453125 0.7234375 0.9671875 0.715625 0.98125 0.709375 0.98125 0.7015625 0.9765625 0.6953125 0.96875 0.690625 0.959375 0.6859375 0.9375 0.68125 0.9328125 0.6796875 0.915625 0.678125 0.9140625 0.665625 0.915625 0.665625 0.90625 0.659375 0.890625 0.665625 0.8546875 0.659375 0.8375 0.659375 0.8328125 0.6625 0.828125 0.6578125 0.8171875 0.659375 0.809375 0.665625 0.8046875
3 0.0453125 0.3921875 0.0484375 0.39375 0.0515625 0.4046875 0.0515625 0.415625 0.05625 0.4328125 0.0546875 0.4421875 0.0484375 0.4421875 0.0421875 0.4328125 0.034375 0.4375 0.028125 0.43125 0.0265625 0.40625 0.028125 0.4046875 0.03125 0.4109375 0.0375 0.4140625 0.040625 0.4109375 0.040625 0.39375 0.04375 0.3921875
3 0.834375 0.309375 0.8375 0.309375 0.8421875 0.31875 0.8421875 0.334375 0.834375 0.3359375 0.83125 0.3328125 0.834375 0.3109375
3 0 0.3546875 0.003125 0.3578125 0.00625 0.3734375 0.0046875 0.375 0.0046875 0.4140625 0 0.415625 0 0.3609375 0.0015625 0.359375 0 0.35625
3 0.775 0.328125 0.78125 0.3296875 0.7875 0.3375 0.7875 0.3625 0.775 0.36875 0.7703125 0.3671875 0.76875 0.3625 0.7703125 0.3609375 0.76875 0.334375 0.7703125 0.3296875 0.7734375 0.328125
2 0.31484375 0.70625 0.28125 0.30078125
4 0.2453125 0.375 0.25 0.378125 0.2484375 0.3828125 0.2375 0.38125 0.2390625 0.3765625 0.24375 0.375
4 0.246875 0.3828125 0.2484375 0.3859375 0.2453125 0.3890625 0.2375 0.3875 0.2375 0.384375 0.2453125 0.3828125
4 0.10625 0.3640625 0.1078125 0.3671875 0.1046875 0.3703125 0.090625 0.36875 0.09375 0.3640625 0.1046875 0.3640625
4 0.2078125 0.7671875 0.2125 0.76875 0.21875 0.775 0.2171875 0.796875 0.2078125 0.7953125 0.203125 0.790625 0.203125 0.76875 0.20625 0.7671875
4 0.7359375 0.3171875 0.7375 0.31875 0.7359375 0.321875 0.725 0.3203125 0.7265625 0.3171875 0.734375 0.3171875
4 0.11875 0.2890625 0.1203125 0.2828125 0.1265625 0.284375 0.125 0.290625 0.1203125 0.2890625
4 0.7375 0.3171875 0.7375 0.321875 0.7203125 0.3203125 0.721875 0.3171875 0.7359375 0.3171875
4 0.634375 0.4640625 0.6421875 0.4640625 0.646875 0.4671875 0.6453125 0.4765625 0.6359375 0.4765625 0.634375 0.465625
4 0.24375 0.38828125 0.01328125 0.01015625
4 0.246875 0.384375 0.2484375 0.3890625 0.2453125 0.3921875 0.2375 0.390625 0.2390625 0.3859375 0.2453125 0.384375
4 0.3921875 0.4078125 0.390625 0.4015625 0.3921875 0.3984375 0.3984375 0.4 0.396875 0.4078125 0.39375 0.4078125
4 0.2484375 0.3796875 0.2484375 0.3859375 0.2453125 0.3875 0.2390625 0.3875 0.2375 0.38125 0.246875 0.3796875