1 0.971875 0.265625 0.9828125 0.2671875 0.9859375 0.2703125 0.9859375 0.2765625 0.975 0.28125 0.9703125 0.290625 0.965625 0.290625 0.965625 0.2828125 0.9578125 0.2734375 0.9609375 0.2671875 0.9703125 0.265625
1 0.928125 0.3140625 0.9375 0.31875 0.9390625 0.35625 0.93125 0.375 0.9171875 0.3875 0.9078125 0.3859375 0.9 0.38125 0.8875 0.38125 0.88125 0.3859375 0.8765625 0.3859375 0.875 0.3625 0.8765625 0.353125 0.8828125 0.346875 0.89375 0.31875 0.90625 0.3140625 0.9265625 0.3140625
1 0.990625 0.2546875 0.9953125 0.2609375 0.9953125 0.2734375 0.990625 0.2765625 0.9859375 0.275 0.9828125 0.2671875 0.9703125 0.265625 0.9703125 0.2609375 0.9734375 0.2578125 0.98125 0.2546875 0.9890625 0.2546875
1 0.9421875 0.275 0.95625 0.275 0.9640625 0.28125 0.9640625 0.2890625 0.9546875 0.29375 0.95 0.30625 0.9390625 0.30625 0.9359375 0.3015625 0.9359375 0.29375 0.9390625 0.2796875 0.9421875 0.2765625
1 0.89375 0.59375 0.8984375 0.596875 0.9046875 0.596875 0.9171875 0.603125 0.9390625 0.609375 0.9421875 0.6125 0.959375 0.61875 0.9765625 0.6296875 0.996875 0.65 0.9984375 0.6546875 0.9984375 0.853125 0.99375 0.853125 0.9828125 0.840625 0.978125 0.83125 0.975 0.8109375 0.965625 0.803125 0.94375 0.790625 0.9390625 0.784375 0.915625 0.7703125 0.9078125 0.7625 0.871875 0.740625 0.8671875 0.740625 0.8609375 0.753125 0.8578125 0.7546875 0.846875 0.7515625 0.8375 0.740625 0.8359375 0.7203125 0.83125 0.7109375 0.83125 0.678125 0.8328125 0.6765625 0.8328125 0.6578125 0.8359375 0.646875 0.8484375 0.6234375 0.8484375 0.61875 0.859375 0.6046875 0.8671875 0.6 0.8921875 0.59375
1 0.98125 0.2953125 0.9875 0.3 0.990625 0.3109375 0.9828125 0.325 0.971875 0.33125 0.9625 0.33125 0.9625 0.3234375 0.953125 0.3078125 0.953125 0.303125 0.9546875 0.2984375 0.9609375 0.29375 0.978125 0.29375 0.9796875 0.2953125
1 0.9859375 0.3328125 0.990625 0.334375 0.99375 0.3390625 0.9953125 0.3484375 0.9984375 0.353125 0.9984375 0.3921875 0.996875 0.3953125 0.9890625 0.396875 0.98125 0.4078125 0.978125 0.4078125 0.971875 0.4015625 0.9328125 0.403125 0.9328125 0.38125 0.9359375 0.3671875 0.9484375 0.34375 0.9546875 0.3375 0.959375 0.334375 0.984375 0.3328125
1 0.371875 0.39375 0.38125 0.4140625 0.384375 0.4328125 0.384375 0.478125 0.3796875 0.4890625 0.3765625 0.5140625 0.371875 0.5203125 0.3625 0.5125 0.3265625 0.5140625 0.3203125 0.5171875 0.31875 0.521875 0.3140625 0.525 0.3109375 0.5234375 0.3078125 0.5140625 0.3078125 0.4734375 0.3140625 0.4546875 0.3109375 0.4375 0.3203125 0.43125 0.325 0.415625 0.33125 0.403125 0.3390625 0.39375 0.3421875 0.3921875 0.36875 0.3921875 0.3703125 0.39375
1 0.1796875 0.228125 0.1859375 0.24375 0.1859375 0.2625 0.1640625 0.2609375 0.159375 0.2578125 0.1578125 0.2515625 0.159375 0.2265625 0.175 0.225 0.178125 0.228125
1 0.7828125 0.3484375 0.7859375 0.346875 0.7859375 0.34375 0.7984375 0.325 0.8125 0.3140625 0.8390625 0.3140625 0.8453125 0.321875 0.85 0.3390625 0.85 0.3546875 0.846875 0.371875 0.8421875 0.3734375 0.834375 0.3703125 0.828125 0.375 0.8265625 0.38125 0.821875 0.384375 0.809375 0.378125 0.79375 0.378125 0.7859375 0.3828125 0.7828125 0.38125 0.78125 0.378125 0.7828125 0.35
1 0.9984375 0.278125 0.9984375 0.309375 0.996875 0.3109375 0.990625 0.309375 0.990625 0.3046875 0.984375 0.2953125 0.9734375 0.2921875 0.9796875 0.2796875 0.996875 0.278125
1 0.73125 0.425 0.734375 0.428125 0.7625 0.4390625 0.7875 0.459375 0.8078125 0.490625 0.8109375 0.5015625 0.84375 0.5296875 0.846875 0.5484375 0.85 0.5546875 0.8484375 0.58125 0.8359375 0.5984375 0.8171875 0.5984375 0.8109375 0.6015625 0.7859375 0.6015625 0.78125 0.6078125 0.778125 0.61875 0.7734375 0.621875 0.7671875 0.6203125 0.7578125 0.6109375 0.753125 0.596875 0.753125 0.5859375 0.746875 0.578125 0.7390625 0.5765625 0.734375 0.571875 0.7046875 0.5546875 0.7 0.5578125 0.6953125 0.565625 0.6890625 0.565625 0.6828125 0.559375 0.678125 0.5390625 0.678125 0.5296875 0.6703125 0.5171875 0.6734375 0.4671875 0.6875 0.4359375 0.690625 0.4328125 0.7015625 0.4328125 0.7046875 0.4296875 0.7203125 0.4296875 0.725 0.425 0.7296875 0.425
1 0.440625 0.325 0.4515625 0.33125 0.459375 0.3390625 0.4671875 0.3578125 0.4734375 0.3640625 0.4734375 0.371875 0.4796875 0.3859375 0.48125 0.396875 0.48125 0.4140625 0.475 0.4234375 0.4671875 0.4203125 0.4546875 0.4203125 0.4453125 0.4234375 0.4421875 0.428125 0.4359375 0.4265625 0.4328125 0.4125 0.425 0.40625 0.41875 0.4046875 0.415625 0.4109375 0.4109375 0.4078125 0.40625 0.378125 0.4078125 0.353125 0.4140625 0.328125 0.4171875 0.325 0.4265625 0.3234375 0.4390625 0.325
1 0.8015625 0.29375 0.8078125 0.30625 0.8078125 0.3140625 0.8015625 0.31875 0.7921875 0.33125 0.7765625 0.33125 0.775 0.3296875 0.765625 0.33125 0.7640625 0.3109375 0.76875 0.296875 0.775 0.2890625 0.790625 0.2875 0.8 0.29375
1 0.86875 0.30625 0.8859375 0.309375 0.890625 0.3140625 0.890625 0.321875 0.8796875 0.346875 0.8765625 0.3484375 0.8734375 0.3546875 0.8734375 0.3609375 0.8640625 0.35625 0.853125 0.35625 0.85 0.3484375 0.8484375 0.3203125 0.85625 0.309375 0.8671875 0.30625
1 0.2578125 0.25625 0.2640625 0.2578125 0.271875 0.2640625 0.2859375 0.2859375 0.2875 0.3 0.2859375 0.3078125 0.2828125 0.309375 0.2671875 0.3078125 0.2640625 0.3109375 0.2578125 0.3109375 0.2546875 0.30625 0.2453125 0.303125 0.2421875 0.2953125 0.24375 0.259375 0.2484375 0.25625 0.25625 0.25625
1 0.9875 0.31875 0.99375 0.3140625 0.9984375 0.3140625 0.9984375 0.340625 0.9890625 0.3328125 0.98125 0.33125 0.9875 0.3203125
1 0.946875 0.3078125 0.9515625 0.309375 0.959375 0.31875 0.9609375 0.33125 0.953125 0.3359375 0.94375 0.346875 0.940625 0.3421875 0.9390625 0.3203125 0.9359375 0.315625 0.9265625 0.3140625 0.9265625 0.3109375 0.934375 0.3078125 0.9453125 0.3078125
3 0.2234375 0.2515625 0.2265625 0.2609375 0.225 0.2703125 0.21875 0.2703125 0.2171875 0.2671875 0.2171875 0.2546875 0.221875 0.2515625
3 0.7 0.303125 0.703125 0.309375 0.703125 0.321875 0.6953125 0.3265625 0.6921875 0.3265625 0.690625 0.3234375 0.690625 0.3109375 0.6921875 0.3046875 0.6984375 0.303125
5 0.925 0.234375 0.9375 0.2375 0.940625 0.2421875 0.934375 0.303125 0.9328125 0.30625 0.925 0.3078125 0.9171875 0.3125 0.9015625 0.3125 0.9 0.3140625 0.89375 0.3140625 0.8828125 0.30625 0.871875 0.3046875 0.8703125 0.2875 0.8734375 0.2765625 0.878125 0.2703125 0.8828125 0.2453125 0.8859375 0.2421875 0.8921875 0.2390625 0.9078125 0.2375 0.9125 0.234375 0.9234375 0.234375
4 0.76875 0.3078125 0.7734375 0.3125 0.7734375 0.315625 0.7671875 0.3171875 0.765625 0.315625 0.765625 0.309375 0.7671875 0.309375
4 0.459375 0.4078125 0.4640625 0.40625 0.4734375 0.4078125 0.4703125 0.4125 0.459375 0.4125 0.459375 0.409375
4 0.8515625 0.3421875 0.8609375 0.3421875 0.8609375 0.346875 0.8578125 0.3484375 0.8515625 0.3484375 0.8515625 0.34375
4 0.82890625 0.58359375 0.02578125 0.01796875
4 0.7890625 0.36875 0.7921875 0.365625 0.8015625 0.3671875 0.8015625 0.371875 0.790625 0.3703125
4 0.175 0.2484375 0.184375 0.2484375 0.18125 0.2546875 0.175 0.253125 0.1734375 0.2515625 0.175 0.25
4 0.1671875 0.25 0.1796875 0.2515625 0.1796875 0.2546875 0.1671875 0.2546875 0.1671875 0.2515625
4 0.271875 0.296875 0.28125 0.2984375 0.2796875 0.3015625 0.271875 0.3015625 0.271875 0.2984375
4 0.3296875 0.4984375 0.3359375 0.496875 0.3453125 0.4984375 0.3453125 0.5046875 0.3421875 0.50625 0.334375 0.50625 0.33125 0.5046875 0.3296875 0.5
4 0.9015625 0.36875 0.9 0.371875 0.8859375 0.3703125 0.8875 0.3671875 0.9 0.36875
4 0.18125 0.253125 0.1828125 0.2546875 0.18125 0.2578125 0.1734375 0.25625 0.175 0.253125 0.1796875 0.253125
4 0.94375 0.3875 0.9609375 0.3890625 0.9609375 0.3921875 0.95625 0.3953125 0.946875 0.39375 0.94375 0.3921875 0.94375 0.3890625
4 0.86875 0.3421875 0.8703125 0.34375 0.86875 0.3484375 0.859375 0.35 0.8515625 0.3484375 0.8515625 0.34375 0.8671875 0.3421875