1 0.9046875 0.259375 0.9109375 0.2671875 0.9078125 0.2828125 0.9046875 0.284375 0.896875 0.26875 0.8921875 0.265625 0.8875 0.265625 0.8890625 0.259375 0.903125 0.259375
1 0.9546875 0.2578125 0.9578125 0.2671875 0.946875 0.2703125 0.9359375 0.26875 0.9359375 0.2609375 0.94375 0.25625 0.953125 0.2578125
1 0.8859375 0.296875 0.890625 0.2984375 0.89375 0.3078125 0.89375 0.3265625 0.8953125 0.328125 0.89375 0.346875 0.890625 0.35 0.8828125 0.3484375 0.8765625 0.3578125 0.8734375 0.3578125 0.8671875 0.3515625 0.859375 0.3515625 0.8546875 0.346875 0.8546875 0.3296875 0.8484375 0.3140625 0.853125 0.3046875 0.8609375 0.2984375 0.884375 0.296875
1 0.746875 0.2984375 0.753125 0.309375 0.7609375 0.3171875 0.7625 0.3421875 0.759375 0.3484375 0.7546875 0.3484375 0.7515625 0.3453125 0.740625 0.346875 0.7359375 0.35625 0.7296875 0.35625 0.7265625 0.3515625 0.7171875 0.346875 0.7140625 0.346875 0.7109375 0.353125 0.7046875 0.35625 0.7 0.34375 0.6953125 0.3390625 0.6953125 0.31875 0.6984375 0.3140625 0.70625 0.3125 0.7109375 0.3078125 0.7125 0.3 0.7171875 0.296875 0.7453125 0.2984375
1 0.8875 0.265625 0.896875 0.26875 0.903125 0.284375 0.890625 0.2953125 0.871875 0.2953125 0.8703125 0.2890625 0.875 0.271875 0.8796875 0.2671875 0.8859375 0.2671875
1 0.1953125 0.24375 0.203125 0.2421875 0.20625 0.246875 0.20625 0.2796875 0.203125 0.296875 0.2015625 0.296875 0.1984375 0.2953125 0.1953125 0.2890625 0.1953125 0.2453125
1 0.284375 0.29375 0.29375 0.303125 0.3 0.3234375 0.3 0.340625 0.2953125 0.3421875 0.2734375 0.3421875 0.2640625 0.334375 0.2609375 0.3265625 0.2609375 0.30625 0.265625 0.29375 0.271875 0.290625 0.2828125 0.29375
1 0.8234375 0.284375 0.8296875 0.2921875 0.8296875 0.2984375 0.8265625 0.303125 0.828125 0.3109375 0.809375 0.321875 0.79375 0.321875 0.7921875 0.31875 0.79375 0.3 0.8 0.2859375 0.815625 0.2828125 0.821875 0.284375
1 0.15625 0.2515625 0.1546875 0.2484375 0.1546875 0.2265625 0.15625 0.225 0.165625 0.2265625 0.1640625 0.2515625 0.1609375 0.253125 0.1578125 0.2515625
1 0.9421875 0.2703125 0.946875 0.271875 0.9546875 0.26875 0.9625 0.26875 0.9671875 0.2796875 0.965625 0.315625 0.959375 0.3171875 0.9546875 0.321875 0.9421875 0.31875 0.93125 0.31875 0.9265625 0.315625 0.9265625 0.2875 0.93125 0.275 0.9359375 0.271875 0.940625 0.271875
1 0.91875 0.2875 0.925 0.29375 0.9234375 0.2953125 0.925 0.3203125 0.921875 0.334375 0.9125 0.3390625 0.896875 0.3359375 0.8953125 0.3265625 0.896875 0.3171875 0.8921875 0.3015625 0.89375 0.29375 0.903125 0.2890625 0.9171875 0.2890625
1 0.1765625 0.2234375 0.1828125 0.2296875 0.184375 0.2421875 0.175 0.2453125 0.1703125 0.25 0.1671875 0.259375 0.165625 0.2578125 0.1671875 0.225 0.175 0.2234375
1 0.321875 0.2828125 0.328125 0.2890625 0.3296875 0.2953125 0.3390625 0.3078125 0.340625 0.33125 0.3359375 0.334375 0.328125 0.3328125 0.3203125 0.3359375 0.309375 0.3359375 0.303125 0.3296875 0.296875 0.3046875 0.290625 0.296875 0.2921875 0.2890625 0.3 0.2828125 0.3046875 0.2828125 0.309375 0.2796875 0.3171875 0.2796875 0.3203125 0.2828125
1 0.18515625 0.26640625 0.01953125 0.03828125
1 0.18125 0.2421875 0.184375 0.24375 0.1859375 0.2484375 0.1828125 0.25 0.178125 0.2609375 0.178125 0.265625 0.18125 0.26875 0.1796875 0.28125 0.1703125 0.2765625 0.165625 0.2671875 0.16875 0.2484375 0.1734375 0.24375 0.1796875 0.24375
1 0.934375 0.259375 0.9359375 0.26875 0.9265625 0.2796875 0.925 0.2875 0.91875 0.28125 0.9171875 0.271875 0.921875 0.2609375 0.9328125 0.259375
1 0.84375 0.315625 0.8484375 0.3171875 0.8515625 0.3265625 0.853125 0.35625 0.85 0.359375 0.8421875 0.3515625 0.8375 0.3390625 0.8390625 0.325 0.834375 0.3203125 0.828125 0.3328125 0.828125 0.3609375 0.8203125 0.3765625 0.809375 0.3734375 0.7921875 0.3765625 0.79375 0.3484375 0.7984375 0.340625 0.8 0.3328125 0.815625 0.31875 0.8421875 0.315625
5 0.6984375 0.3140625 0.70625 0.3125 0.7109375 0.3078125 0.7125 0.3 0.7171875 0.296875 0.740625 0.296875 0.75 0.3 0.7515625 0.30625 0.7625 0.3203125 0.7625 0.340625 0.7578125 0.3484375 0.7515625 0.3453125 0.74375 0.3453125 0.7375 0.35 0.7359375 0.35625 0.73125 0.35625 0.7265625 0.3515625 0.7140625 0.346875 0.7109375 0.353125 0.7046875 0.35625 0.7 0.34375 0.6953125 0.3390625 0.6953125 0.31875 0.6984375 0.315625
5 0.2375 0.23125 0.25625 0.2390625 0.2609375 0.2453125 0.2625 0.25 0.2609375 0.2578125 0.2640625 0.2625 0.265625 0.2765625 0.265625 0.290625 0.2625 0.29375 0.2578125 0.3109375 0.24375 0.3109375 0.2390625 0.3125 0.2359375 0.3171875 0.2203125 0.309375 0.215625 0.2984375 0.2078125 0.29375 0.2046875 0.2828125 0.2078125 0.2765625 0.20625 0.2390625 0.209375 0.23125 0.2109375 0.2296875 0.234375 0.2296875 0.2359375 0.23125
5 0.2765625 0.253125 0.284375 0.2546875 0.2875 0.2578125 0.3046875 0.2578125 0.309375 0.259375 0.3125 0.2640625 0.3140625 0.28125 0.296875 0.284375 0.2921875 0.2890625 0.290625 0.2953125 0.28125 0.290625 0.271875 0.2890625 0.26875 0.2859375 0.2671875 0.2625 0.26875 0.2578125 0.275 0.253125
3 0.990625 0.2640625 0.996875 0.2640625 0.9953125 0.275 0.990625 0.2734375 0.990625 0.265625
3 0.41875 0.3296875 0.421875 0.3296875 0.4265625 0.3359375 0.4296875 0.36875 0.425 0.3734375 0.421875 0.3703125 0.4078125 0.3671875 0.4046875 0.359375 0.40625 0.3515625 0.4125 0.346875 0.4109375 0.3390625 0.41875 0.33125
3 0.9796875 0.365625 0.990625 0.36875 0.99375 0.3734375 0.996875 0.3875 0.99375 0.4109375 0.9796875 0.4046875 0.975 0.409375 0.9734375 0.415625 0.96875 0.415625 0.96875 0.4078125 0.9734375 0.3984375 0.9796875 0.3671875
3 0.4 0.3171875 0.4015625 0.3234375 0.39375 0.3421875 0.3875 0.3421875 0.384375 0.3375 0.384375 0.31875 0.3890625 0.3140625 0.396875 0.3140625 0.3984375 0.3171875
3 0.2234375 0.375 0.234375 0.371875 0.2375 0.39375 0.2375 0.4015625 0.234375 0.40625 0.2296875 0.40625 0.2234375 0.4015625 0.221875 0.396875 0.2234375 0.3765625
3 0.97890625 0.26953125 0.00703125 0.01796875
3 0.6515625 0.3953125 0.6578125 0.4015625 0.659375 0.409375 0.6578125 0.421875 0.659375 0.43125 0.65625 0.4359375 0.65625 0.4421875 0.6546875 0.446875 0.646875 0.446875 0.6453125 0.4421875 0.646875 0.440625 0.646875 0.4171875 0.6515625 0.396875
4 0.8 0.3109375 0.80625 0.3125 0.8046875 0.3171875 0.8015625 0.3171875 0.8 0.3125
4 0.696875 0.334375 0.7015625 0.334375 0.7 0.3421875 0.696875 0.340625 0.6953125 0.3375 0.696875 0.3359375
4 0.325 0.3234375 0.3265625 0.3203125 0.3328125 0.321875 0.33125 0.325 0.3265625 0.3234375
4 0.234375 0.375 0.2359375 0.378125 0.234375 0.384375 0.2328125 0.3828125 0.234375 0.3765625
4 0.8015625 0.3640625 0.8125 0.365625 0.8109375 0.3703125 0.80625 0.3703125 0.8015625 0.365625
4 0.653125 0.4171875 0.6515625 0.4234375 0.6484375 0.4234375 0.6484375 0.41875 0.6515625 0.4171875
4 0.2859375 0.328125 0.2953125 0.3296875 0.2953125 0.334375 0.2921875 0.3359375 0.2859375 0.334375 0.2859375 0.3296875