5 0 0.303125 0.03125 0.303125 0.0484375 0.3140625 0.05 0.31875 0.0453125 0.321875 0.046875 0.328125 0.0453125 0.340625 0.05625 0.359375 0.05625 0.3734375 0.0515625 0.3703125 0.0453125 0.3703125 0.040625 0.378125 0.0390625 0.3859375 0.028125 0.3953125 0.0140625 0.3953125 0.0109375 0.3984375 0.00625 0.39375 0.00625 0.3796875 0.003125 0.3765625 0.003125 0.3640625 0 0.3515625 0 0.3046875
5 0.5203125 0.3578125 0.525 0.365625 0.5484375 0.36875 0.55 0.3953125 0.54375 0.4078125 0.540625 0.425 0.534375 0.428125 0.53125 0.421875 0.5265625 0.4203125 0.5109375 0.428125 0.50625 0.446875 0.5015625 0.4515625 0.4984375 0.4515625 0.49375 0.4453125 0.4859375 0.4421875 0.4734375 0.4421875 0.4671875 0.446875 0.4609375 0.446875 0.45625 0.4328125 0.4578125 0.4015625 0.4671875 0.390625 0.4703125 0.3796875 0.475 0.3765625 0.484375 0.359375 0.4921875 0.3546875 0.515625 0.3546875 0.51875 0.3578125
1 0.0125 0.284375 0.0328125 0.2828125 0.0421875 0.2921875 0.0421875 0.2953125 0.034375 0.296875 0.0296875 0.3015625 0.0234375 0.3015625 0.015625 0.296875 0.0125 0.2859375
1 0.0515625 0.296875 0.0578125 0.2984375 0.0625 0.303125 0.0671875 0.3140625 0.05625 0.328125 0.053125 0.3515625 0.04375 0.3328125 0.04375 0.325 0.05 0.3171875 0.0421875 0.3078125 0.0328125 0.3015625 0.0359375 0.2984375 0.05 0.296875
1 0.765625 0.2578125 0.7703125 0.2625 0.7703125 0.2859375 0.7671875 0.290625 0.7578125 0.29375 0.7453125 0.290625 0.7359375 0.2921875 0.734375 0.284375 0.7375 0.271875 0.7453125 0.259375 0.75625 0.2546875 0.7609375 0.2546875 0.7640625 0.2578125
1 0.1078125 0.3328125 0.121875 0.334375 0.1296875 0.3375 0.134375 0.3421875 0.14375 0.3625 0.153125 0.3765625 0.153125 0.4046875 0.15 0.40625 0.140625 0.4 0.134375 0.4 0.1328125 0.4015625 0.115625 0.4015625 0.1109375 0.4078125 0.1078125 0.4078125 0.1046875 0.4 0.1 0.3953125 0.0875 0.39375 0.0828125 0.3734375 0.084375 0.3625 0.0828125 0.35625 0.0875 0.3421875 0.0953125 0.334375 0.10625 0.3328125
1 0 0.709375 0.0109375 0.7296875 0.0109375 0.7515625 0.0140625 0.7578125 0.015625 0.771875 0.015625 0.7828125 0.0125 0.7921875 0.00625 0.8015625 0 0.80625 0 0.7109375
1 0.115625 0.296875 0.1359375 0.3 0.1421875 0.3046875 0.146875 0.3140625 0.1359375 0.340625 0.1296875 0.3359375 0.1109375 0.3328125 0.1046875 0.3296875 0.103125 0.3046875 0.1046875 0.3 0.1140625 0.2984375
1 0.1671875 0.315625 0.175 0.3171875 0.1890625 0.334375 0.1953125 0.3515625 0.1953125 0.371875 0.19375 0.3734375 0.1640625 0.3734375 0.1609375 0.3765625 0.1546875 0.3734375 0.14375 0.35625 0.1390625 0.3453125 0.1390625 0.3390625 0.1484375 0.3171875 0.165625 0.315625
1 0.0921875 0.3171875 0.0984375 0.3203125 0.1015625 0.3265625 0.1015625 0.3328125 0.09375 0.3328125 0.0859375 0.3421875 0.084375 0.3515625 0.08125 0.3546875 0.08125 0.3765625 0.0796875 0.378125 0.075 0.378125 0.06875 0.3703125 0.059375 0.365625 0.05625 0.35 0.0578125 0.3328125 0.0609375 0.3234375 0.0671875 0.3171875 0.090625 0.3171875
1 0.2359375 0.284375 0.2453125 0.2875 0.25 0.29375 0.253125 0.309375 0.253125 0.33125 0.2515625 0.3328125 0.2453125 0.33125 0.221875 0.3328125 0.21875 0.328125 0.2078125 0.3265625 0.20625 0.309375 0.2125 0.29375 0.2203125 0.2859375 0.234375 0.284375
1 0.0828125 0.290625 0.0921875 0.2921875 0.1 0.3 0.1015625 0.315625 0.0984375 0.31875 0.09375 0.315625 0.0703125 0.315625 0.0671875 0.3109375 0.065625 0.30625 0.0671875 0.29375 0.0703125 0.290625 0.08125 0.290625
1 0.659375 0.303125 0.6671875 0.3109375 0.665625 0.3375 0.6640625 0.340625 0.653125 0.3453125 0.64375 0.3453125 0.6375 0.3515625 0.61875 0.3515625 0.6078125 0.3484375 0.60625 0.3421875 0.609375 0.328125 0.6296875 0.3046875 0.6578125 0.303125
3 0.215625 0.434375 0.21875 0.4359375 0.221875 0.44375 0.2203125 0.453125 0.2265625 0.4796875 0.225 0.496875 0.2171875 0.4953125 0.2125 0.4828125 0.20625 0.4828125 0.2046875 0.4859375 0.19375 0.490625 0.19375 0.4609375 0.1890625 0.4484375 0.1890625 0.434375 0.19375 0.43125 0.196875 0.4328125 0.2015625 0.4484375 0.2046875 0.446875 0.20625 0.4421875 0.2109375 0.440625 0.2109375 0.4359375 0.2140625 0.434375
3 0.05625 0.3859375 0.065625 0.3890625 0.0671875 0.39375 0.0671875 0.4234375 0.0703125 0.4390625 0.0703125 0.453125 0.065625 0.4546875 0.05625 0.440625 0.05 0.446875 0.0421875 0.440625 0.0421875 0.4265625 0.0390625 0.41875 0.0390625 0.409375 0.0421875 0.4078125 0.0390625 0.40625 0.0390625 0.4 0.0421875 0.3984375 0.0453125 0.4 0.0453125 0.4046875 0.040625 0.409375 0.0421875 0.41875 0.0453125 0.421875 0.05 0.41875 0.05625 0.3984375 0.05625 0.3875
3 0 0.36875 0.0046875 0.3734375 0.00625 0.3828125 0.00625 0.4125 0.0046875 0.415625 0 0.415625 0 0.3703125
3 0.328125 0.3734375 0.334375 0.3859375 0.334375 0.4 0.340625 0.4046875 0.3453125 0.4125 0.34375 0.428125 0.334375 0.4296875 0.3265625 0.4203125 0.3203125 0.4234375 0.3140625 0.421875 0.30625 0.4296875 0.3015625 0.43125 0.2953125 0.4265625 0.29375 0.421875 0.29375 0.40625 0.2953125 0.4046875 0.29375 0.390625 0.2953125 0.3875 0.303125 0.3875 0.3078125 0.3953125 0.3140625 0.3984375 0.31875 0.3953125 0.3203125 0.3890625 0.325 0.3859375 0.3265625 0.375
3 0.296875 0.3 0.3015625 0.3046875 0.30625 0.3046875 0.3078125 0.3078125 0.3078125 0.325 0.303125 0.3265625 0.296875 0.3234375 0.2953125 0.321875 0.2953125 0.303125 0.296875 0.3015625
4 0.128125 0.3875 0.14375 0.3875 0.1453125 0.3890625 0.14375 0.3921875 0.128125 0.3921875 0.1265625 0.390625 0.128125 0.3890625
4 0.6109375 0.334375 0.615625 0.334375 0.6171875 0.3421875 0.6109375 0.3453125 0.609375 0.3421875 0.6109375 0.3359375
4 0.0390625 0.375 0.040625 0.3765625 0.0390625 0.3828125 0.025 0.3828125 0.015625 0.378125 0.0375 0.375
4 0.4734375 0.43203125 0.0140625 0.009375
4 0.1875 0.359375 0.1890625 0.3625 0.1859375 0.3671875 0.1765625 0.3671875 0.175 0.3625 0.1859375 0.3609375