1 0.11875 0.3890625 0.125 0.39375 0.1296875 0.4109375 0.1375 0.4265625 0.1390625 0.4359375 0.15 0.4421875 0.15 0.4484375 0.1421875 0.4546875 0.1421875 0.4609375 0.146875 0.471875 0.1484375 0.496875 0.1515625 0.5109375 0.1515625 0.534375 0.15 0.5390625 0.1453125 0.5390625 0.1328125 0.528125 0.09375 0.5296875 0.084375 0.5328125 0.078125 0.5390625 0.078125 0.54375 0.0734375 0.55 0.06875 0.546875 0.065625 0.521875 0.06875 0.459375 0.0609375 0.453125 0.0609375 0.4484375 0.0640625 0.44375 0.0703125 0.440625 0.0734375 0.4140625 0.0796875 0.3953125 0.090625 0.3890625 0.1171875 0.3890625
1 0.8375 0.2328125 0.840625 0.25 0.8390625 0.2609375 0.834375 0.265625 0.8234375 0.265625 0.81875 0.2421875 0.825 0.2328125 0.8296875 0.23125 0.8359375 0.2328125
1 0.1078125 0.259375 0.115625 0.275 0.1140625 0.2859375 0.109375 0.2828125 0.1046875 0.284375 0.0890625 0.2828125 0.0875 0.284375 0.084375 0.2796875 0.084375 0.26875 0.0921875 0.259375 0.10625 0.259375
1 0.8453125 0.2625 0.846875 0.265625 0.8453125 0.2890625 0.8484375 0.2921875 0.846875 0.3 0.846875 0.315625 0.8484375 0.3171875 0.8421875 0.3125 0.8328125 0.3109375 0.8328125 0.29375 0.8359375 0.275 0.840625 0.2640625 0.84375 0.2625
1 0.6890625 0.284375 0.690625 0.2875 0.6890625 0.3203125 0.68125 0.328125 0.6625 0.328125 0.6578125 0.33125 0.653125 0.328125 0.653125 0.3140625 0.6640625 0.290625 0.6703125 0.284375 0.675 0.2828125 0.6875 0.284375
1 0.1390625 0.3390625 0.1578125 0.3421875 0.175 0.3640625 0.18125 0.3765625 0.184375 0.3890625 0.184375 0.4015625 0.18125 0.4109375 0.1453125 0.4109375 0.1359375 0.415625 0.1328125 0.403125 0.1234375 0.3890625 0.1109375 0.384375 0.109375 0.3703125 0.1109375 0.35625 0.1203125 0.34375 0.1375 0.340625
1 0.84375 0.2609375 0.846875 0.2640625 0.8453125 0.2875 0.853125 0.2921875 0.8515625 0.3171875 0.8484375 0.31875 0.840625 0.3125 0.8328125 0.3109375 0.8328125 0.2890625 0.8359375 0.275 0.8421875 0.2625
1 0.0390625 0.2796875 0.046875 0.284375 0.05 0.29375 0.05625 0.2984375 0.05625 0.30625 0.0421875 0.315625 0.0390625 0.3109375 0.0375 0.2921875 0.034375 0.284375 0.034375 0.28125 0.0375 0.2796875
1 0 0.6125 0.003125 0.6203125 0.01875 0.634375 0.01875 0.6515625 0.0140625 0.6671875 0.0203125 0.6734375 0.0203125 0.6875 0.015625 0.70625 0.0078125 0.7203125 0 0.728125 0 0.746875 0 0.6140625
1 0.1640625 0.3046875 0.1703125 0.309375 0.175 0.31875 0.18125 0.325 0.1796875 0.328125 0.1859375 0.340625 0.1859375 0.3671875 0.184375 0.36875 0.178125 0.365625 0.1765625 0.359375 0.1703125 0.35625 0.1578125 0.3390625 0.13125 0.3375 0.128125 0.3328125 0.13125 0.3109375 0.1359375 0.3046875 0.1625 0.3046875
1 0.2546875 0.384375 0.2609375 0.3890625 0.2765625 0.4109375 0.278125 0.4203125 0.2859375 0.434375 0.2890625 0.44375 0.2890625 0.471875 0.2859375 0.4765625 0.24375 0.478125 0.240625 0.4828125 0.234375 0.4828125 0.2296875 0.471875 0.225 0.4671875 0.21875 0.465625 0.2140625 0.4609375 0.2046875 0.4609375 0.2015625 0.4578125 0.1984375 0.4390625 0.2015625 0.4203125 0.2015625 0.4046875 0.2046875 0.390625 0.2109375 0.3828125 0.240625 0.38125 0.253125 0.384375
1 0.071875 0.309375 0.078125 0.3125 0.0921875 0.328125 0.096875 0.3625 0.0953125 0.365625 0.0703125 0.3640625 0.0609375 0.3671875 0.05625 0.3671875 0.0515625 0.3609375 0.0453125 0.3578125 0.0421875 0.346875 0.0421875 0.321875 0.04375 0.3140625 0.053125 0.309375 0.0703125 0.309375
5 0.028125 0.26875 0.03125 0.2703125 0.0328125 0.275 0.0390625 0.3125 0.0421875 0.3203125 0.040625 0.325 0.0421875 0.38125 0.0375 0.3859375 0.028125 0.3671875 0.00625 0.3671875 0.003125 0.3703125 0 0.3671875 0 0.2734375 0.025 0.2734375 0.028125 0.2703125
5 0.803125 0.2140625 0.8125 0.221875 0.8125 0.240625 0.8140625 0.2421875 0.8125 0.2734375 0.8140625 0.2765625 0.8125 0.2828125 0.8046875 0.2875 0.803125 0.296875 0.7921875 0.303125 0.7859375 0.3109375 0.7828125 0.3109375 0.7828125 0.3078125 0.778125 0.303125 0.7640625 0.3015625 0.7609375 0.2984375 0.765625 0.275 0.7640625 0.2734375 0.765625 0.2703125 0.7640625 0.2671875 0.765625 0.265625 0.7640625 0.225 0.775 0.21875 0.7828125 0.2171875 0.7859375 0.2125 0.790625 0.2109375 0.8015625 0.2140625
5 0.728125 0.28203125 0.07421875 0.11640625
3 0.20625 0.334375 0.209375 0.334375 0.2125 0.3390625 0.2171875 0.3484375 0.21875 0.3578125 0.2171875 0.365625 0.2109375 0.3671875 0.1984375 0.365625 0.1984375 0.3484375 0.2015625 0.340625 0.20625 0.3359375
3 0.2890625 0.3234375 0.3046875 0.325 0.303125 0.3515625 0.290625 0.346875 0.2890625 0.325
4 0.1109375 0.52265625 0.02890625 0.01015625
4 0.084375 0.3515625 0.0859375 0.353125 0.084375 0.3578125 0.071875 0.35625 0.071875 0.353125 0.075 0.3515625 0.0828125 0.3515625
4 0.01796875 0.3578125 0.01015625 0.00625
4 0.2640625 0.459375 0.2703125 0.4578125 0.2796875 0.459375 0.2765625 0.465625 0.2703125 0.4671875 0.2640625 0.4671875 0.2625 0.4640625 0.2640625 0.4609375
4 0.1703125 0.39375 0.1734375 0.3953125 0.1734375 0.4 0.159375 0.4015625 0.159375 0.396875 0.16875 0.3953125