1 0.9421875 0.271875 0.9546875 0.275 0.959375 0.2921875 0.946875 0.3015625 0.9421875 0.3 0.928125 0.303125 0.9265625 0.296875 0.9203125 0.290625 0.921875 0.2828125 0.9296875 0.2734375 0.940625 0.271875
1 0.8984375 0.271875 0.03203125 0.028125
1 0.271875 0.2703125 0.2796875 0.2765625 0.2796875 0.2859375 0.2765625 0.2921875 0.2609375 0.290625 0.2546875 0.2859375 0.2546875 0.2734375 0.2703125 0.2703125
1 0.9984375 0.25 0.9984375 0.2828125 0.9890625 0.2828125 0.9859375 0.2796875 0.9859375 0.271875 0.9796875 0.2625 0.9828125 0.2546875 0.9875 0.25 0.99375 0.2484375 0.996875 0.25
1 0.990625 0.2828125 0.9984375 0.284375 0.9984375 0.30625 0.99375 0.3125 0.9890625 0.3140625 0.9875 0.3140625 0.9859375 0.3 0.9765625 0.2921875 0.9796875 0.284375 0.9890625 0.2828125
1 0.1234375 0.3015625 0.1203125 0.29375 0.1203125 0.278125 0.1234375 0.26875 0.128125 0.2640625 0.1328125 0.2640625 0.134375 0.2671875 0.1359375 0.2828125 0.140625 0.290625 0.140625 0.296875 0.134375 0.3015625 0.125 0.3015625
1 0.89375 0.325 0.9 0.321875 0.9203125 0.321875 0.9265625 0.33125 0.93125 0.3578125 0.9265625 0.38125 0.921875 0.3828125 0.91875 0.3796875 0.9125 0.3921875 0.909375 0.3921875 0.90625 0.3859375 0.89375 0.3828125 0.8796875 0.3828125 0.8765625 0.390625 0.8703125 0.390625 0.86875 0.3703125 0.871875 0.3578125 0.8765625 0.3484375 0.8796875 0.346875 0.8859375 0.3328125 0.89375 0.3265625
1 0.9578125 0.3046875 0.9640625 0.3140625 0.965625 0.325 0.95625 0.3390625 0.95 0.3578125 0.946875 0.3609375 0.9328125 0.359375 0.928125 0.33125 0.9203125 0.31875 0.925 0.309375 0.9328125 0.3046875 0.9484375 0.3046875 0.95 0.303125 0.95625 0.3046875
1 0.9953125 0.325 0.9984375 0.3296875 0.996875 0.3421875 0.9984375 0.3953125 0.99375 0.4046875 0.9890625 0.4046875 0.9875 0.396875 0.984375 0.39375 0.978125 0.3953125 0.96875 0.3921875 0.9578125 0.3921875 0.953125 0.4015625 0.9484375 0.4015625 0.9453125 0.396875 0.946875 0.371875 0.9546875 0.35 0.965625 0.328125 0.978125 0.3234375 0.99375 0.325
1 0.9828125 0.296875 0.9859375 0.3125 0.984375 0.315625 0.98125 0.315625 0.975 0.321875 0.9703125 0.3234375 0.9671875 0.3234375 0.9625 0.309375 0.9515625 0.3 0.9609375 0.29375 0.978125 0.29375 0.98125 0.296875
1 0.1796875 0.2859375 0.1875 0.2890625 0.190625 0.296875 0.190625 0.3078125 0.1953125 0.321875 0.1953125 0.3359375 0.19375 0.3375 0.1796875 0.3359375 0.1703125 0.3421875 0.1609375 0.3359375 0.159375 0.33125 0.1578125 0.2984375 0.1625 0.2890625 0.1703125 0.2859375 0.178125 0.2859375
1 0.3171875 0.2828125 0.328125 0.296875 0.31875 0.2984375 0.3109375 0.3046875 0.30625 0.3296875 0.296875 0.328125 0.29375 0.325 0.290625 0.3078125 0.2921875 0.2953125 0.2984375 0.284375 0.315625 0.2828125
1 0.275 0.29375 0.2859375 0.309375 0.2875 0.321875 0.2828125 0.3265625 0.2828125 0.334375 0.2796875 0.3421875 0.2640625 0.3421875 0.2625 0.34375 0.2546875 0.3359375 0.2484375 0.334375 0.246875 0.303125 0.25 0.2953125 0.2546875 0.2921875 0.2734375 0.29375
1 0.1921875 0.2421875 0.2015625 0.24375 0.2078125 0.25 0.2109375 0.2578125 0.2109375 0.2640625 0.203125 0.2734375 0.2 0.290625 0.196875 0.2953125 0.184375 0.284375 0.178125 0.2828125 0.178125 0.2484375 0.1828125 0.24375 0.190625 0.2421875
1 0.9171875 0.2890625 0.9234375 0.29375 0.928125 0.303125 0.91875 0.3171875 0.915625 0.31875 0.903125 0.3171875 0.903125 0.3046875 0.8953125 0.296875 0.8984375 0.2921875 0.915625 0.2890625
1 0.1578125 0.253125 0.15625 0.2375 0.1640625 0.221875 0.171875 0.221875 0.1734375 0.25625 0.1640625 0.25625 0.159375 0.253125
1 0.2203125 0.265625 0.225 0.26875 0.221875 0.2828125 0.2234375 0.3 0.2203125 0.30625 0.209375 0.30625 0.2015625 0.296875 0.2015625 0.2828125 0.20625 0.278125 0.2078125 0.26875 0.2109375 0.265625 0.21875 0.265625
1 0.9765625 0.2609375 0.98125 0.265625 0.98125 0.2734375 0.975 0.290625 0.9625 0.290625 0.9546875 0.271875 0.959375 0.2640625 0.975 0.2625
1 0.846875 0.31875 0.853125 0.3234375 0.859375 0.3375 0.859375 0.3671875 0.8453125 0.3671875 0.8359375 0.378125 0.8234375 0.3734375 0.8 0.3734375 0.7984375 0.359375 0.8046875 0.334375 0.809375 0.3328125 0.8171875 0.321875 0.8296875 0.3171875 0.8453125 0.31875
1 0.3171875 0.3 0.328125 0.2984375 0.3421875 0.3 0.3515625 0.3046875 0.3703125 0.3296875 0.3703125 0.35 0.365625 0.353125 0.35 0.353125 0.346875 0.35625 0.340625 0.35625 0.3375 0.35 0.3328125 0.346875 0.3109375 0.3484375 0.309375 0.321875 0.3125 0.3140625 0.3125 0.3046875 0.3171875 0.3015625
1 0.9015625 0.303125 0.9015625 0.31875 0.8921875 0.321875 0.884375 0.33125 0.8765625 0.346875 0.8703125 0.353125 0.8625 0.35625 0.8609375 0.3359375 0.85625 0.3265625 0.85625 0.3171875 0.8625 0.3078125 0.8671875 0.303125 0.875 0.3 0.8984375 0.3 0.9 0.303125
1 0.2421875 0.2671875 0.253125 0.275 0.2546875 0.284375 0.2546875 0.290625 0.2453125 0.3 0.2421875 0.321875 0.2265625 0.3203125 0.2234375 0.3125 0.2234375 0.2796875 0.2265625 0.26875 0.240625 0.2671875
1 0.2625 0.3484375 0.2734375 0.3546875 0.2859375 0.375 0.2890625 0.3875 0.2890625 0.4265625 0.284375 0.428125 0.2765625 0.421875 0.2734375 0.4234375 0.2640625 0.421875 0.25 0.4265625 0.2453125 0.4328125 0.240625 0.4296875 0.2359375 0.4171875 0.2265625 0.409375 0.2234375 0.396875 0.225 0.371875 0.2375 0.353125 0.2609375 0.3484375
1 0.2453125 0.2546875 0.265625 0.25625 0.2734375 0.26875 0.2625 0.271875 0.253125 0.271875 0.2421875 0.265625 0.2421875 0.259375 0.2453125 0.25625
3 0.8515625 0.6796875 0.8546875 0.68125 0.85625 0.6921875 0.8625 0.7 0.8671875 0.715625 0.8765625 0.728125 0.878125 0.734375 0.8765625 0.7625 0.8953125 0.7765625 0.896875 0.7859375 0.9015625 0.7953125 0.903125 0.8078125 0.9015625 0.8171875 0.896875 0.825 0.8890625 0.83125 0.88125 0.83125 0.8671875 0.8265625 0.8484375 0.8078125 0.8390625 0.80625 0.834375 0.803125 0.83125 0.7921875 0.8265625 0.7859375 0.821875 0.7859375 0.815625 0.7921875 0.8078125 0.7953125 0.7953125 0.796875 0.78125 0.7859375 0.771875 0.7859375 0.765625 0.76875 0.765625 0.7484375 0.7703125 0.734375 0.796875 0.7328125 0.80625 0.7375 0.8140625 0.746875 0.8234375 0.746875 0.8296875 0.740625 0.828125 0.7078125 0.834375 0.703125 0.83125 0.6921875 0.8359375 0.696875 0.8453125 0.7 0.85 0.6953125 0.8515625 0.68125
3 0.4609375 0.37890625 0.04453125 0.03125
4 0.8953125 0.371875 0.9 0.3734375 0.9 0.3765625 0.89375 0.378125 0.8890625 0.3765625 0.8875 0.3734375 0.89375 0.371875
4 0.8734375 0.3390625 0.875 0.340625 0.8734375 0.3453125 0.8640625 0.3453125 0.8625 0.3421875 0.8640625 0.3390625 0.871875 0.3390625
4 0.9578125 0.3796875 0.9609375 0.378125 0.978125 0.3796875 0.9765625 0.3828125 0.9578125 0.38125
4 0.2671875 0.3890625 0.2734375 0.3890625 0.275 0.39375 0.2734375 0.3984375 0.26875 0.4 0.265625 0.396875 0.2671875 0.390625
4 0.89375 0.371875 0.8921875 0.378125 0.88125 0.3765625 0.8828125 0.3703125 0.8921875 0.371875
4 0.8078125 0.3640625 0.8109375 0.3625 0.81875 0.3640625 0.8171875 0.3703125 0.8078125 0.36875 0.8078125 0.365625
4 0.1890625 0.3265625 0.1921875 0.328125 0.190625 0.33125 0.1828125 0.33125 0.1828125 0.328125 0.1875 0.3265625
4 0.8703125 0.36875 0.8796875 0.3703125 0.8796875 0.3765625 0.871875 0.3765625 0.8703125 0.3703125
4 0.8765625 0.36875 0.884375 0.371875 0.8859375 0.3734375 0.884375 0.3765625 0.8734375 0.3734375 0.875 0.3703125
0 0.221875 0.2171875 0.24375 0.2265625 0.2515625 0.234375 0.2515625 0.2515625 0.246875 0.253125 0.240625 0.2625 0.2265625 0.2640625 0.2140625 0.2625 0.209375 0.25 0.2046875 0.2453125 0.203125 0.2359375 0.2046875 0.21875 0.2203125 0.2171875
5 0.1953125 0.221875 0.2 0.2234375 0.2015625 0.240625 0.1859375 0.240625 0.175 0.25 0.175 0.253125 0.1734375 0.2234375 0.18125 0.2203125 0.19375 0.221875