1 0.9828125 0.284375 0.984375 0.290625 0.9796875 0.303125 0.96875 0.303125 0.9625 0.296875 0.9546875 0.29375 0.95625 0.2890625 0.9625 0.284375 0.9671875 0.2828125 0.98125 0.284375
1 0.89375 0.3359375 0.9046875 0.34375 0.9046875 0.3484375 0.9078125 0.353125 0.909375 0.378125 0.90625 0.3953125 0.9046875 0.396875 0.896875 0.3953125 0.8921875 0.3984375 0.884375 0.4125 0.871875 0.4046875 0.8671875 0.40625 0.853125 0.403125 0.8453125 0.4078125 0.8375 0.40625 0.8390625 0.3796875 0.85625 0.3453125 0.8703125 0.3375 0.8921875 0.3375
1 0.23125 0.25 0.240625 0.253125 0.2453125 0.2609375 0.24375 0.271875 0.2359375 0.2734375 0.2296875 0.2734375 0.221875 0.2609375 0.221875 0.253125 0.225 0.25 0.2296875 0.25
1 0.18125 0.2203125 0.1890625 0.228125 0.190625 0.234375 0.1890625 0.246875 0.1859375 0.2453125 0.184375 0.234375 0.1796875 0.228125 0.1671875 0.2265625 0.1625 0.2296875 0.1609375 0.2359375 0.159375 0.2328125 0.159375 0.225 0.1640625 0.21875 0.1796875 0.2203125
1 0.2203125 0.3125 0.21875 0.3078125 0.2203125 0.284375 0.2234375 0.278125 0.2296875 0.2734375 0.2421875 0.275 0.246875 0.2796875 0.2578125 0.3 0.2578125 0.315625 0.2296875 0.3171875 0.221875 0.3125
1 0.2140625 0.2609375 0.221875 0.2640625 0.225 0.2765625 0.21875 0.2859375 0.2171875 0.303125 0.2109375 0.30625 0.20625 0.3046875 0.2 0.296875 0.1984375 0.2828125 0.2015625 0.2640625 0.2046875 0.2609375 0.2125 0.2609375
1 0.8921875 0.2984375 0.8953125 0.303125 0.896875 0.3203125 0.890625 0.334375 0.8671875 0.3359375 0.8578125 0.340625 0.8546875 0.3390625 0.8484375 0.3234375 0.8546875 0.3078125 0.8671875 0.2984375 0.890625 0.2984375
1 0.1953125 0.2375 0.2 0.2359375 0.2140625 0.2375 0.2203125 0.246875 0.21875 0.25625 0.20625 0.259375 0.2 0.253125 0.1921875 0.2515625 0.1921875 0.2453125 0.1953125 0.2390625
1 0.1765625 0.228125 0.1828125 0.2328125 0.1828125 0.2390625 0.1859375 0.24375 0.1859375 0.2546875 0.1828125 0.2625 0.178125 0.265625 0.1765625 0.2640625 0.1640625 0.265625 0.159375 0.2609375 0.159375 0.240625 0.1625 0.2296875 0.175 0.228125
1 0.2 0.2546875 0.203125 0.2609375 0.1984375 0.26875 0.196875 0.290625 0.1921875 0.290625 0.184375 0.2859375 0.1828125 0.265625 0.1890625 0.253125 0.1984375 0.2546875
1 0.946875 0.2828125 0.9515625 0.2890625 0.9515625 0.29375 0.940625 0.2984375 0.9359375 0.2984375 0.9296875 0.290625 0.925 0.290625 0.9203125 0.2859375 0.93125 0.2796875 0.9390625 0.2796875 0.9453125 0.2828125
1 0.9578125 0.296875 0.965625 0.3 0.965625 0.303125 0.940625 0.3171875 0.93125 0.315625 0.9375 0.3 0.9453125 0.296875 0.95625 0.296875
1 0.8421875 0.31875 0.846875 0.321875 0.85 0.3359375 0.853125 0.3390625 0.853125 0.346875 0.8453125 0.3625 0.8390625 0.36875 0.8359375 0.3765625 0.8328125 0.378125 0.80625 0.375 0.7953125 0.3765625 0.7953125 0.35625 0.8015625 0.3390625 0.8125 0.3234375 0.8203125 0.31875 0.840625 0.31875
1 0.93125 0.3171875 0.9359375 0.321875 0.9328125 0.34375 0.9328125 0.3671875 0.93125 0.371875 0.9234375 0.378125 0.9140625 0.3765625 0.9109375 0.3734375 0.9109375 0.359375 0.90625 0.34375 0.9015625 0.3375 0.8953125 0.3359375 0.8953125 0.33125 0.9 0.31875 0.9296875 0.3171875
1 0.246875 0.2625 0.259375 0.2640625 0.2671875 0.2734375 0.265625 0.2984375 0.259375 0.3 0.2453125 0.2734375 0.246875 0.2640625
1 0.2703125 0.275 0.278125 0.2734375 0.290625 0.275 0.296875 0.278125 0.3046875 0.2890625 0.3078125 0.2984375 0.30625 0.315625 0.2875 0.3140625 0.2828125 0.3171875 0.2765625 0.3109375 0.271875 0.3109375 0.26875 0.3078125 0.2671875 0.3 0.2671875 0.2828125 0.2703125 0.2765625
1 0.8828125 0.2609375 0.8890625 0.2734375 0.8875 0.2875 0.8828125 0.2890625 0.86875 0.2859375 0.8671875 0.28125 0.859375 0.2765625 0.8609375 0.26875 0.865625 0.2625 0.871875 0.259375 0.88125 0.2609375
1 0.921875 0.2890625 0.9296875 0.2921875 0.934375 0.296875 0.934375 0.303125 0.9296875 0.3140625 0.9015625 0.3171875 0.8984375 0.3171875 0.896875 0.3140625 0.896875 0.30625 0.9 0.2984375 0.90625 0.2921875 0.9203125 0.2890625
5 0.98125 0.30625 0.9953125 0.309375 0.9984375 0.3125 0.9984375 0.38125 0.9953125 0.390625 0.9875 0.396875 0.984375 0.40625 0.9796875 0.40625 0.96875 0.3953125 0.9484375 0.3953125 0.9390625 0.4046875 0.9359375 0.403125 0.934375 0.3953125 0.934375 0.3671875 0.9390625 0.3515625 0.9390625 0.3390625 0.940625 0.3390625 0.9390625 0.3484375 0.9421875 0.35 0.9453125 0.3453125 0.9421875 0.3328125 0.9453125 0.328125 0.94375 0.325 0.9484375 0.321875 0.946875 0.3203125 0.9484375 0.3140625 0.9671875 0.3046875 0.9796875 0.30625
3 0.8625 0.29140625 0.01171875 0.0203125
4 0.803125 0.3703125 0.8015625 0.3671875 0.803125 0.3640625 0.8140625 0.3640625 0.8171875 0.3671875 0.815625 0.3703125 0.8046875 0.3703125
4 0.8453125 0.3890625 0.8609375 0.3890625 0.8640625 0.3921875 0.8640625 0.3953125 0.846875 0.3953125 0.8453125 0.390625
4 0.9484375 0.384375 0.9609375 0.384375 0.965625 0.3875 0.9625 0.390625 0.9484375 0.390625 0.9484375 0.3859375
4 0.2421875 0.3078125 0.2546875 0.309375 0.25 0.3125 0.2453125 0.3125 0.2421875 0.309375
4 0.2484375 0.3078125 0.2546875 0.3109375 0.2515625 0.315625 0.240625 0.3125 0.2421875 0.309375 0.246875 0.3078125
4 0.2453125 0.309375 0.246875 0.3109375 0.2453125 0.3140625 0.2390625 0.3140625 0.234375 0.3109375 0.2375 0.3078125 0.24375 0.309375
4 0.2921875 0.3078125 0.3 0.3046875 0.303125 0.3078125 0.3015625 0.3109375 0.29375 0.3109375 0.29375 0.309375