1 0.9609375 0.271875 0.9734375 0.2734375 0.975 0.2859375 0.9734375 0.2875 0.95625 0.2875 0.9546875 0.2828125 0.9484375 0.278125 0.9484375 0.275 0.959375 0.2734375
1 0.9109375 0.325 0.91875 0.3296875 0.9234375 0.34375 0.9234375 0.378125 0.9203125 0.3828125 0.9125 0.3859375 0.9046875 0.3953125 0.8984375 0.3921875 0.89375 0.378125 0.890625 0.378125 0.8859375 0.3859375 0.8765625 0.390625 0.86875 0.3921875 0.8625 0.390625 0.8625 0.365625 0.86875 0.3546875 0.871875 0.3421875 0.884375 0.328125 0.909375 0.325
1 0.96328125 0.3625 0.06328125 0.07890625
1 0.9859375 0.290625 0.990625 0.29375 0.99375 0.3078125 0.99375 0.3140625 0.9890625 0.3234375 0.959375 0.321875 0.95625 0.3125 0.9546875 0.29375 0.959375 0.2890625 0.9828125 0.2890625 0.984375 0.290625
1 0.31875 0.2828125 0.3265625 0.2890625 0.33125 0.296875 0.33125 0.3015625 0.3375 0.3125 0.3375 0.3265625 0.3328125 0.3296875 0.315625 0.3296875 0.3109375 0.3328125 0.303125 0.325 0.296875 0.3265625 0.29375 0.3234375 0.29375 0.290625 0.296875 0.2828125 0.30625 0.2796875 0.3171875 0.2828125
1 0.790625 0.29375 0.796875 0.296875 0.7984375 0.3015625 0.80625 0.309375 0.8078125 0.328125 0.80625 0.3328125 0.790625 0.33125 0.7859375 0.3375 0.7671875 0.3328125 0.7578125 0.3375 0.7546875 0.321875 0.7578125 0.303125 0.7625 0.296875 0.76875 0.29375 0.7890625 0.29375
1 0.1609375 0.225 0.171875 0.225 0.178125 0.2296875 0.1671875 0.2390625 0.165625 0.2515625 0.1640625 0.2546875 0.1609375 0.2546875 0.1578125 0.246875 0.1578125 0.2296875 0.1609375 0.2265625
1 0.9921875 0.28203125 0.01484375 0.01328125
1 0.95 0.29375 0.9546875 0.303125 0.95625 0.321875 0.946875 0.33125 0.9421875 0.3421875 0.9359375 0.35 0.93125 0.359375 0.928125 0.3734375 0.925 0.34375 0.91875 0.328125 0.9140625 0.3234375 0.90625 0.321875 0.9078125 0.3078125 0.9125 0.3 0.91875 0.296875 0.925 0.296875 0.928125 0.29375 0.9484375 0.29375
1 0.91875 0.284375 0.928125 0.284375 0.9296875 0.2875 0.9296875 0.290625 0.91875 0.2953125 0.9171875 0.2921875 0.91875 0.2859375
1 0.171875 0.234375 0.178125 0.2328125 0.1859375 0.234375 0.19375 0.24375 0.2 0.2625 0.2 0.2765625 0.196875 0.278125 0.1765625 0.2765625 0.1734375 0.26875 0.1671875 0.265625 0.1671875 0.24375 0.171875 0.2359375
1 0.9875 0.2875 0.9984375 0.2875 0.9984375 0.3125 0.9953125 0.315625 0.9921875 0.296875 0.9875 0.2921875 0.9875 0.2890625
1 0.8578125 0.3140625 0.8625 0.3171875 0.8671875 0.3390625 0.8671875 0.35 0.8625 0.3609375 0.8546875 0.3625 0.846875 0.3734375 0.8421875 0.3734375 0.8390625 0.3703125 0.8140625 0.371875 0.8125 0.3546875 0.81875 0.33125 0.8328125 0.3140625 0.840625 0.3125 0.85625 0.3140625
1 0.953125 0.2796875 0.9546875 0.2828125 0.953125 0.2921875 0.9265625 0.290625 0.9265625 0.2859375 0.93125 0.2796875 0.9359375 0.278125 0.9515625 0.2796875
1 0.234375 0.2484375 0.240625 0.253125 0.25 0.275 0.2515625 0.290625 0.2484375 0.2984375 0.234375 0.296875 0.2296875 0.2921875 0.2265625 0.2921875 0.2203125 0.2828125 0.21875 0.2859375 0.2140625 0.2859375 0.215625 0.253125 0.21875 0.2484375 0.2234375 0.246875 0.2328125 0.2484375
1 0.9984375 0.3125 0.9984375 0.3671875 0.9953125 0.365625 0.99375 0.3390625 0.990625 0.334375 0.990625 0.325 0.9984375 0.3140625
3 0.9875 0.8921875 0.9984375 0.896875 0.9984375 0.996875 0.9953125 0.9984375 0.9546875 0.9984375 0.9578125 0.9828125 0.95625 0.959375 0.9453125 0.9421875 0.946875 0.934375 0.9546875 0.934375 0.9609375 0.9390625 0.965625 0.9359375 0.9671875 0.9125 0.9734375 0.890625 0.978125 0.8875 0.9859375 0.8921875
3 0.0609375 0.4453125 0.0703125 0.4640625 0.0703125 0.4765625 0.0734375 0.4796875 0.0828125 0.4796875 0.0875 0.4859375 0.0890625 0.5046875 0.0859375 0.5109375 0.078125 0.5140625 0.0703125 0.5125 0.0640625 0.4984375 0.053125 0.509375 0.053125 0.4890625 0.05 0.46875 0.059375 0.4578125 0.059375 0.446875
5 0.9984375 0.896875 0.9984375 0.996875 0.9953125 0.9984375 0.9625 0.9984375 0.9546875 0.9953125 0.9578125 0.990625 0.9578125 0.959375 0.9484375 0.946875 0.9453125 0.9390625 0.9484375 0.934375 0.953125 0.934375 0.959375 0.9390625 0.965625 0.9375 0.965625 0.921875 0.96875 0.9046875 0.971875 0.89375 0.9765625 0.8875 0.99375 0.89375 0.996875 0.896875
5 0.9140625 0.26875 0.91875 0.271875 0.9171875 0.2953125 0.9078125 0.303125 0.903125 0.3203125 0.8984375 0.3234375 0.890625 0.3234375 0.8828125 0.3265625 0.8703125 0.3421875 0.86875 0.3421875 0.8640625 0.3140625 0.875 0.2953125 0.8765625 0.2765625 0.8984375 0.26875 0.9125 0.26875
5 0.9765625 0.2796875 0.971875 0.271875 0.9578125 0.2703125 0.959375 0.2390625 0.9625 0.2359375 0.9828125 0.2359375 0.984375 0.2375 0.984375 0.2703125 0.9828125 0.2765625 0.978125 0.2796875
4 0.9984375 0.346875 0.9984375 0.3578125 0.99375 0.35625 0.99375 0.35 0.996875 0.3484375
4 0.3234375 0.31875 0.3265625 0.321875 0.325 0.325 0.3203125 0.325 0.3171875 0.321875 0.321875 0.31875
4 0.9515625 0.390625 0.95 0.384375 0.953125 0.38125 0.959375 0.3828125 0.9578125 0.390625 0.953125 0.390625
4 0.7625 0.3140625 0.76875 0.3140625 0.76875 0.3203125 0.7625 0.3203125 0.7625 0.315625
4 0.32734375 0.3234375 0.01015625 0.00703125
4 0.240625 0.2796875 0.2421875 0.2828125 0.240625 0.2859375 0.2328125 0.2859375 0.2328125 0.28125 0.2390625 0.2796875