1 0.09375 0.325 0.115625 0.3296875 0.121875 0.3359375 0.140625 0.36875 0.140625 0.3953125 0.134375 0.396875 0.1265625 0.390625 0.1203125 0.3921875 0.109375 0.390625 0.1046875 0.3921875 0.0984375 0.3984375 0.0953125 0.3984375 0.0921875 0.3890625 0.0875 0.384375 0.08125 0.3875 0.0765625 0.3859375 0.0734375 0.3765625 0.0734375 0.3453125 0.0796875 0.3296875 0.0875 0.325 0.0921875 0.3265625
1 0.0640625 0.278125 0.071875 0.2828125 0.0765625 0.2921875 0.0796875 0.3015625 0.078125 0.3125 0.065625 0.30625 0.05 0.30625 0.0421875 0.296875 0.0421875 0.284375 0.0453125 0.2796875 0.0625 0.278125
1 0.0140625 0.315625 0.0375 0.321875 0.0484375 0.3359375 0.0609375 0.3671875 0.0640625 0.3921875 0.0640625 0.403125 0.059375 0.4109375 0.0546875 0.4078125 0.053125 0.403125 0.034375 0.403125 0.01875 0.40625 0.0140625 0.4140625 0.0109375 0.4125 0.00625 0.4 0 0.3921875 0 0.3171875 0.0125 0.315625
1 0.09375 0.3 0.115625 0.2984375 0.1203125 0.3 0.128125 0.309375 0.128125 0.3125 0.11875 0.3234375 0.11875 0.3265625 0.115625 0.328125 0.1 0.3234375 0.0875 0.3234375 0.084375 0.3203125 0.0859375 0.3109375 0.09375 0.3015625
1 0.7921875 0.271875 0.7953125 0.275 0.7953125 0.3015625 0.7890625 0.3046875 0.7859375 0.309375 0.7609375 0.30625 0.759375 0.2859375 0.7625 0.278125 0.7734375 0.26875 0.7875 0.26875 0.790625 0.271875
1 0.0390625 0.296875 0.0453125 0.303125 0.0453125 0.3078125 0.0390625 0.3203125 0.034375 0.3171875 0.021875 0.315625 0.0109375 0.3109375 0.0109375 0.303125 0.0140625 0.2984375 0.0375 0.296875
1 0.1546875 0.3125 0.171875 0.328125 0.1796875 0.3453125 0.18125 0.359375 0.178125 0.3671875 0.1578125 0.365625 0.1484375 0.36875 0.14375 0.36875 0.1390625 0.3625 0.1359375 0.35 0.1296875 0.3453125 0.1234375 0.3359375 0.1203125 0.325 0.128125 0.3140625 0.153125 0.3125
1 0 0.28125 0.0140625 0.2828125 0.0171875 0.2921875 0.0171875 0.296875 0.0109375 0.3015625 0.0109375 0.30625 0.0078125 0.309375 0 0.2984375 0 0.2828125
1 0.728125 0.275 0.7375 0.271875 0.75 0.2734375 0.753125 0.275 0.7578125 0.2875 0.7578125 0.321875 0.75625 0.3265625 0.74375 0.340625 0.740625 0.3421875 0.7296875 0.3359375 0.715625 0.3359375 0.709375 0.340625 0.70625 0.33125 0.7078125 0.309375 0.715625 0.2875 0.71875 0.2828125 0.728125 0.2765625
1 0.075 0.3125 0.0796875 0.3203125 0.0796875 0.3265625 0.071875 0.34375 0.06875 0.3625 0.0625 0.3625 0.0515625 0.3359375 0.040625 0.321875 0.040625 0.315625 0.0453125 0.3078125 0.065625 0.3078125 0.0734375 0.3125
3 0.1109375 0.275 0.1125 0.278125 0.1125 0.29375 0.1109375 0.2953125 0.1078125 0.2953125 0.1046875 0.2875 0.1046875 0.278125 0.109375 0.275
3 0.2890625 0.3 0.29375 0.2984375 0.296875 0.3 0.3 0.31875 0.2984375 0.3234375 0.2890625 0.321875 0.2875 0.3125 0.2890625 0.3015625
3 0.8015625 0.4078125 0.8078125 0.409375 0.8078125 0.4171875 0.8140625 0.428125 0.8234375 0.4265625 0.8140625 0.4625 0.8125 0.465625 0.809375 0.465625 0.8046875 0.4546875 0.7953125 0.4515625 0.7953125 0.4390625 0.8015625 0.4328125 0.8015625 0.4234375 0.8046875 0.41875 0.8015625 0.409375
3 0.221875 0.36875 0.221875 0.4265625 0.21875 0.4265625 0.2171875 0.41875 0.209375 0.4171875 0.20625 0.4109375 0.2078125 0.3859375 0.2140625 0.375 0.2171875 0.375 0.2203125 0.3703125
3 0.8515625 0.4609375 0.8578125 0.4640625 0.85625 0.4921875 0.859375 0.4984375 0.859375 0.5125 0.8625 0.515625 0.8671875 0.5125 0.86875 0.5078125 0.8671875 0.5015625 0.871875 0.496875 0.8796875 0.496875 0.8859375 0.49375 0.890625 0.496875 0.9 0.496875 0.9046875 0.5 0.9046875 0.51875 0.9015625 0.5234375 0.9 0.534375 0.8921875 0.5453125 0.8875 0.5453125 0.8828125 0.5421875 0.8734375 0.528125 0.8640625 0.5265625 0.8546875 0.51875 0.8515625 0.51875 0.8421875 0.528125 0.8375 0.5265625 0.83125 0.5203125 0.8296875 0.503125 0.8328125 0.4953125 0.8375 0.490625 0.846875 0.4890625 0.846875 0.4734375 0.8515625 0.4671875 0.8515625 0.4625
3 0.30625 0.35 0.3015625 0.346875 0.303125 0.325 0.309375 0.3234375 0.3140625 0.3328125 0.31875 0.334375 0.3171875 0.353125 0.3078125 0.3484375
3 0.0828125 0.2625 0.0859375 0.2625 0.0890625 0.2703125 0.0890625 0.28125 0.0828125 0.2828125 0.08125 0.28125 0.08125 0.265625 0.0828125 0.2640625
3 0.5421875 0.3640625 0.5390625 0.353125 0.534375 0.35625 0.5328125 0.3625 0.5296875 0.3609375 0.528125 0.3546875 0.5296875 0.334375 0.5359375 0.3296875 0.5421875 0.3359375 0.54375 0.3625
4 0.0421875 0.390625 0.01796875 0.009375
4 0.9015625 0.509375 0.9046875 0.5109375 0.9046875 0.5203125 0.9015625 0.51875 0.9015625 0.5109375
4 0.128125 0.3796875 0.1296875 0.38125 0.125 0.3859375 0.1203125 0.3859375 0.1171875 0.38125 0.1265625 0.3796875
4 0.715625 0.328125 0.7171875 0.3234375 0.7265625 0.325 0.7265625 0.328125 0.7234375 0.3296875 0.7171875 0.328125