1 0.9734375 0.265625 0.9828125 0.2703125 0.9828125 0.28125 0.9765625 0.2875 0.959375 0.2921875 0.95625 0.290625 0.9546875 0.2875 0.9578125 0.2734375 0.965625 0.2671875 0.971875 0.2671875
1 0.8984375 0.2984375 0.896875 0.290625 0.8984375 0.278125 0.9015625 0.271875 0.909375 0.2671875 0.925 0.26875 0.93125 0.2828125 0.93125 0.2921875 0.9296875 0.2953125 0.921875 0.2984375 0.9171875 0.296875 0.9 0.2984375
1 0.9921875 0.2546875 0.996875 0.2640625 0.996875 0.2765625 0.990625 0.2796875 0.984375 0.278125 0.984375 0.2703125 0.9796875 0.265625 0.9765625 0.265625 0.9765625 0.259375 0.9796875 0.2546875 0.990625 0.2546875
1 0.9453125 0.259375 0.9546875 0.275 0.953125 0.2859375 0.946875 0.2890625 0.9328125 0.2875 0.93125 0.278125 0.928125 0.2734375 0.93125 0.2625 0.94375 0.259375
1 0.2671875 0.2765625 0.28125 0.2890625 0.2828125 0.296875 0.290625 0.3078125 0.2921875 0.3359375 0.290625 0.3375 0.271875 0.3359375 0.2640625 0.3375 0.259375 0.3421875 0.2546875 0.340625 0.24375 0.328125 0.2421875 0.2921875 0.24375 0.28125 0.246875 0.278125 0.25625 0.275 0.265625 0.2765625
1 0.95 0.3578125 0.9609375 0.3625 0.9703125 0.378125 0.971875 0.3953125 0.9671875 0.4265625 0.953125 0.428125 0.9484375 0.4359375 0.946875 0.4453125 0.94375 0.4484375 0.9359375 0.440625 0.9140625 0.440625 0.9125 0.4390625 0.9 0.4390625 0.89375 0.4453125 0.890625 0.44375 0.8890625 0.4390625 0.8875 0.421875 0.8921875 0.4015625 0.9109375 0.365625 0.9171875 0.359375 0.921875 0.3578125 0.9484375 0.3578125
1 0.15 0.2234375 0.1578125 0.225 0.1625 0.2296875 0.165625 0.2375 0.1625 0.2515625 0.1609375 0.253125 0.1515625 0.2515625 0.15 0.225
1 0.215625 0.275 0.228125 0.271875 0.2375 0.275 0.2421875 0.2796875 0.240625 0.3125 0.2375 0.315625 0.2265625 0.3171875 0.2140625 0.3109375 0.209375 0.296875 0.2109375 0.2859375 0.215625 0.2765625
1 0.984375 0.2890625 0.990625 0.2984375 0.9921875 0.3234375 0.990625 0.328125 0.98125 0.3375 0.978125 0.3453125 0.971875 0.3453125 0.9671875 0.3421875 0.9671875 0.3125 0.9625 0.29375 0.971875 0.2921875 0.9796875 0.2875 0.9828125 0.2890625
1 0.1984375 0.2515625 0.203125 0.2546875 0.203125 0.2671875 0.2 0.2734375 0.1984375 0.2875 0.1890625 0.2875 0.1828125 0.275 0.184375 0.2609375 0.1875 0.253125 0.190625 0.25 0.196875 0.2515625
1 0.928125 0.903125 0.953125 0.909375 0.975 0.921875 0.9953125 0.925 0.9984375 0.928125 0.9984375 0.9859375 0.996875 0.9875 0.9984375 0.9921875 0.99375 0.996875 0.9875 0.9953125 0.984375 0.9984375 0.978125 0.996875 0.975 0.9984375 0.9671875 0.996875 0.8375 0.9984375 0.8359375 0.996875 0.8375 0.971875 0.8484375 0.95625 0.859375 0.9296875 0.8703125 0.91875 0.890625 0.9078125 0.9015625 0.9046875 0.9265625 0.903125
1 0.9125 0.328125 0.915625 0.3171875 0.921875 0.3046875 0.9265625 0.3 0.9390625 0.29375 0.9515625 0.2921875 0.9609375 0.29375 0.9640625 0.3015625 0.9640625 0.3171875 0.965625 0.31875 0.9625 0.3515625 0.9609375 0.3484375 0.9625 0.3296875 0.95625 0.321875 0.9515625 0.325 0.9484375 0.3328125 0.95 0.3484375 0.946875 0.353125 0.9296875 0.353125 0.928125 0.346875 0.9140625 0.3296875
1 0.20625 0.2578125 0.2171875 0.259375 0.2234375 0.2625 0.2265625 0.2671875 0.2265625 0.2703125 0.2140625 0.2765625 0.20625 0.2984375 0.2015625 0.29375 0.2015625 0.2734375 0.20625 0.259375
1 0.865625 0.3125 0.8765625 0.325 0.8765625 0.3359375 0.871875 0.346875 0.8578125 0.365625 0.8515625 0.365625 0.8453125 0.3625 0.83125 0.3625 0.8265625 0.365625 0.821875 0.365625 0.8203125 0.34375 0.8265625 0.325 0.8375 0.3140625 0.8453125 0.3109375 0.8640625 0.3125
1 0.8640625 0.359375 0.86875 0.35625 0.8796875 0.334375 0.8875 0.33125 0.9015625 0.33125 0.9171875 0.334375 0.9265625 0.35 0.925 0.35625 0.9171875 0.3578125 0.9109375 0.3640625 0.9 0.3796875 0.8984375 0.3875 0.89375 0.3953125 0.8921875 0.39375 0.88125 0.3953125 0.8703125 0.3921875 0.865625 0.3953125 0.8578125 0.39375 0.8578125 0.36875 0.8640625 0.3609375
5 0.25625 0.2515625 0.2625 0.2546875 0.2640625 0.2703125 0.2515625 0.2765625 0.2421875 0.2765625 0.2359375 0.26875 0.2390625 0.2671875 0.240625 0.2625 0.240625 0.253125 0.2546875 0.2515625
5 0.3078125 0.2640625 0.3140625 0.26875 0.3359375 0.26875 0.3421875 0.271875 0.346875 0.278125 0.35 0.29375 0.35 0.3125 0.346875 0.3265625 0.3421875 0.33125 0.3359375 0.328125 0.33125 0.3328125 0.321875 0.33125 0.3171875 0.3359375 0.3078125 0.3234375 0.296875 0.3203125 0.2953125 0.3125 0.2859375 0.296875 0.2859375 0.2890625 0.2921875 0.2703125 0.2984375 0.2640625 0.30625 0.2640625
3 0.3625 0.334375 0.3671875 0.3375 0.3734375 0.3515625 0.375 0.3578125 0.3734375 0.3703125 0.3671875 0.371875 0.359375 0.3640625 0.3515625 0.3671875 0.346875 0.371875 0.3390625 0.3703125 0.3375 0.365625 0.3390625 0.34375 0.3421875 0.3421875 0.3453125 0.34375 0.3484375 0.3390625 0.35 0.34375 0.3546875 0.34375 0.3609375 0.3359375
3 0.2125 0.390625 0.215625 0.396875 0.2140625 0.4015625 0.2171875 0.4234375 0.215625 0.4421875 0.209375 0.45625 0.203125 0.4578125 0.1984375 0.4328125 0.1984375 0.415625 0.20625 0.4171875 0.2109375 0.4125 0.2125 0.3921875
3 0.6984375 0.3234375 0.6984375 0.309375 0.7 0.3015625 0.703125 0.2984375 0.709375 0.3 0.709375 0.3140625 0.7046875 0.321875 0.7 0.3234375
3 0.4078125 0.34375 0.4109375 0.34375 0.4140625 0.3484375 0.4140625 0.35625 0.41875 0.3703125 0.41875 0.3765625 0.415625 0.3828125 0.4109375 0.3796875 0.4078125 0.3734375 0.4 0.3796875 0.396875 0.359375 0.4015625 0.35 0.4078125 0.3453125
3 0.7546875 0.2984375 0.75625 0.321875 0.75 0.3265625 0.7453125 0.3265625 0.7453125 0.30625 0.7484375 0.3 0.753125 0.3
2 0.784375 0.3046875 0.05625 0.05625