0 0.684375 0.2421875 0.690625 0.2390625 0.7078125 0.2390625 0.7140625 0.2421875 0.7203125 0.253125 0.721875 0.2625 0.7203125 0.265625 0.7234375 0.275 0.7203125 0.290625 0.70625 0.3 0.6953125 0.321875 0.6890625 0.3234375 0.684375 0.33125 0.6796875 0.33125 0.6765625 0.328125 0.65 0.3265625 0.646875 0.3109375 0.6484375 0.3078125 0.646875 0.2953125 0.6515625 0.265625 0.6546875 0.259375 0.6609375 0.2546875 0.6765625 0.25 0.684375 0.24375
1 0.046875 0.275 0.053125 0.2796875 0.0546875 0.2890625 0.05 0.29375 0.0453125 0.30625 0.0359375 0.2953125 0.025 0.290625 0.0265625 0.2796875 0.03125 0.275 0.0453125 0.275
1 0.034375 0.2671875 0.0390625 0.2734375 0.0265625 0.2796875 0.0234375 0.29375 0.0140625 0.2921875 0.0109375 0.284375 0.0109375 0.275 0.015625 0.2671875 0.0203125 0.265625 0.0328125 0.2671875
1 0.0296875 0.2953125 0.0359375 0.296875 0.04375 0.3078125 0.0375 0.3328125 0.009375 0.33125 0.003125 0.321875 0.0015625 0.3125 0.00625 0.3 0.0109375 0.296875 0.028125 0.2953125
1 0.05625 0.2828125 0.0640625 0.284375 0.0640625 0.3046875 0.0484375 0.303125 0.05625 0.284375
1 0.771875 0.259375 0.7796875 0.2625 0.784375 0.271875 0.7828125 0.29375 0.775 0.303125 0.75 0.3 0.7515625 0.275 0.7578125 0.2640625 0.7703125 0.259375
1 0.7296875 0.2953125 0.7359375 0.296875 0.740625 0.3046875 0.7421875 0.3359375 0.734375 0.3375 0.7265625 0.346875 0.7203125 0.34375 0.6984375 0.34375 0.696875 0.3421875 0.696875 0.325 0.7078125 0.3 0.7171875 0.2953125 0.728125 0.2953125
1 0.0328125 0.334375 0.0390625 0.3390625 0.0453125 0.3484375 0.059375 0.375 0.0609375 0.396875 0.059375 0.4015625 0.05625 0.403125 0.046875 0.3984375 0.021875 0.3984375 0.0140625 0.4015625 0.009375 0.40625 0.00625 0.40625 0.0046875 0.403125 0.003125 0.3875 0 0.3796875 0 0.3359375 0.00625 0.3328125 0.03125 0.334375
1 0.1390625 0.2921875 0.1484375 0.29375 0.1625 0.3 0.1703125 0.3109375 0.1765625 0.315625 0.1765625 0.3234375 0.184375 0.3390625 0.184375 0.3578125 0.18125 0.36875 0.1765625 0.36875 0.1703125 0.3609375 0.1515625 0.3609375 0.14375 0.3640625 0.1390625 0.3578125 0.13125 0.3375 0.125 0.33125 0.1171875 0.328125 0.1171875 0.31875 0.121875 0.2984375 0.1265625 0.29375 0.1375 0.2921875
1 0.796875 0.24375 0.8015625 0.253125 0.803125 0.2703125 0.8015625 0.2796875 0.7921875 0.284375 0.7859375 0.284375 0.784375 0.2671875 0.7734375 0.2546875 0.775 0.2484375 0.78125 0.24375 0.7953125 0.24375
1 0 0.2828125 0.00625 0.2828125 0.0109375 0.2875 0.0109375 0.2953125 0.003125 0.303125 0 0.3015625 0 0.284375
1 0.0953125 0.328125 0.096875 0.3296875 0.109375 0.328125 0.11875 0.3328125 0.125 0.3328125 0.1328125 0.34375 0.14375 0.375 0.14375 0.390625 0.140625 0.3953125 0.1375 0.3953125 0.1328125 0.390625 0.121875 0.390625 0.1078125 0.39375 0.103125 0.396875 0.1 0.3953125 0.09375 0.3828125 0.0875 0.3875 0.084375 0.3859375 0.0828125 0.38125 0.08125 0.3640625 0.084375 0.3390625 0.0875 0.3296875 0.09375 0.328125
1 0.071875 0.3078125 0.0828125 0.31875 0.0859375 0.325 0.0859375 0.33125 0.0828125 0.3390625 0.08125 0.3578125 0.0796875 0.3609375 0.0703125 0.3625 0.05625 0.3625 0.05 0.3484375 0.0421875 0.3375 0.0421875 0.321875 0.046875 0.309375 0.0578125 0.30625 0.0703125 0.3078125
5 0.115625 0.2515625 0.121875 0.2546875 0.1234375 0.259375 0.1234375 0.2734375 0.1265625 0.2875 0.11875 0.3 0.115625 0.321875 0.103125 0.3234375 0.096875 0.3265625 0.0875 0.3203125 0.0765625 0.3078125 0.06875 0.30625 0.065625 0.303125 0.0625 0.2484375 0.0640625 0.246875 0.103125 0.246875 0.1140625 0.2515625
3 0.221875 0.3234375 0.225 0.3640625 0.215625 0.3609375 0.2109375 0.3421875 0.2109375 0.3390625 0.21875 0.33125 0.2203125 0.325
3 0.45625 0.328125 0.45625 0.3375 0.4609375 0.3421875 0.465625 0.3390625 0.475 0.3390625 0.4734375 0.3625 0.4671875 0.3640625 0.4625 0.35625 0.4515625 0.35625 0.4453125 0.365625 0.440625 0.3625 0.440625 0.3484375 0.4484375 0.3375 0.4484375 0.3296875 0.4546875 0.328125
3 0.61875 0.32890625 0.01484375 0.03359375
4 0.0453125 0.3890625 0.0453125 0.3921875 0.0390625 0.3953125 0.0296875 0.3953125 0.028125 0.390625 0.04375 0.3890625
4 0.1265625 0.38359375 0.0203125 0.009375
4 0.0765625 0.35 0.08125 0.353125 0.08125 0.35625 0.0765625 0.3578125 0.0703125 0.35625 0.06875 0.353125 0.0703125 0.35 0.075 0.35