1 0.9046875 0.325 0.90625 0.3265625 0.9109375 0.325 0.9171875 0.328125 0.925 0.3453125 0.925 0.3765625 0.921875 0.3859375 0.9171875 0.3875 0.9109375 0.384375 0.90625 0.3890625 0.903125 0.3984375 0.9 0.3984375 0.89375 0.3921875 0.8890625 0.390625 0.8796875 0.3921875 0.871875 0.390625 0.8640625 0.396875 0.8578125 0.3953125 0.8578125 0.36875 0.8671875 0.35 0.8828125 0.3296875 0.903125 0.3265625
1 0.95 0.278125 0.95625 0.284375 0.95625 0.296875 0.953125 0.3015625 0.9484375 0.30625 0.9328125 0.30625 0.9265625 0.3078125 0.921875 0.3125 0.91875 0.3109375 0.91875 0.3015625 0.9265625 0.2828125 0.934375 0.278125 0.9484375 0.278125
1 0.990625 0.315625 0.9984375 0.3171875 0.9984375 0.3921875 0.9921875 0.4 0.9875 0.4125 0.984375 0.4140625 0.9796875 0.40625 0.9640625 0.403125 0.9453125 0.403125 0.94375 0.4078125 0.9390625 0.4109375 0.934375 0.403125 0.934375 0.3921875 0.9375 0.3671875 0.953125 0.33125 0.9609375 0.321875 0.9671875 0.31875 0.9890625 0.315625
1 0.8796875 0.3265625 0.8796875 0.3234375 0.8703125 0.3125 0.8703125 0.309375 0.878125 0.3 0.8828125 0.2984375 0.9046875 0.3 0.9125 0.3109375 0.9140625 0.3203125 0.9109375 0.3234375 0.8984375 0.3234375 0.884375 0.328125 0.88125 0.3265625
1 0.2296875 0.271875 0.2359375 0.278125 0.2390625 0.2859375 0.2390625 0.303125 0.234375 0.3078125 0.2171875 0.3078125 0.215625 0.309375 0.2125 0.309375 0.209375 0.3046875 0.203125 0.3015625 0.203125 0.275 0.2109375 0.26875 0.225 0.26875 0.228125 0.271875
1 0.98125 0.296875 0.9875 0.303125 0.9875 0.3109375 0.9765625 0.315625 0.96875 0.315625 0.959375 0.3203125 0.953125 0.3078125 0.9546875 0.3 0.959375 0.296875 0.9796875 0.296875
1 0.865625 0.3125 0.8734375 0.3171875 0.878125 0.325 0.878125 0.3296875 0.86875 0.3453125 0.8625 0.35 0.859375 0.3625 0.8546875 0.36875 0.840625 0.365625 0.8203125 0.3671875 0.8171875 0.3546875 0.8203125 0.340625 0.8265625 0.328125 0.840625 0.3140625 0.8640625 0.3125
1 0.984375 0.2828125 0.9984375 0.28125 0.9984375 0.2984375 0.990625 0.309375 0.9875 0.30625 0.9875 0.3015625 0.98125 0.296875 0.984375 0.284375
1 0.2453125 0.275 0.253125 0.271875 0.2609375 0.271875 0.2703125 0.275 0.2796875 0.2828125 0.2890625 0.3046875 0.2921875 0.31875 0.2921875 0.33125 0.2890625 0.340625 0.2828125 0.3359375 0.26875 0.3359375 0.25625 0.3421875 0.2421875 0.3265625 0.240625 0.321875 0.240625 0.2875 0.2453125 0.2765625
1 0.9390625 0.33515625 0.04140625 0.05703125
3 0.8875 0.275 0.89375 0.278125 0.8921875 0.2921875 0.890625 0.2953125 0.8875 0.2953125 0.8859375 0.29375 0.8859375 0.278125 0.8875 0.2765625
3 0.7046875 0.31171875 0.01328125 0.0265625
3 0.175 0.4265625 0.184375 0.428125 0.190625 0.4171875 0.190625 0.409375 0.196875 0.4078125 0.19375 0.41875 0.196875 0.4234375 0.196875 0.4328125 0.203125 0.4390625 0.203125 0.4515625 0.1953125 0.453125 0.190625 0.4640625 0.1859375 0.465625 0.175 0.428125
3 0.7765625 0.36875 0.7875 0.3796875 0.790625 0.3859375 0.7921875 0.4 0.790625 0.415625 0.7828125 0.4171875 0.7796875 0.4265625 0.7765625 0.4265625 0.7765625 0.3703125
3 0.146875 0.4609375 0.146875 0.4671875 0.1515625 0.4734375 0.1515625 0.4890625 0.1609375 0.490625 0.1671875 0.4984375 0.16875 0.503125 0.1671875 0.5203125 0.1609375 0.5265625 0.15625 0.528125 0.146875 0.51875 0.14375 0.51875 0.134375 0.5265625 0.125 0.528125 0.1171875 0.540625 0.1109375 0.5453125 0.10625 0.5453125 0.0984375 0.534375 0.096875 0.5234375 0.09375 0.51875 0.09375 0.5 0.0984375 0.496875 0.1078125 0.496875 0.1125 0.49375 0.11875 0.496875 0.1265625 0.496875 0.13125 0.5015625 0.1296875 0.50625 0.13125 0.5125 0.1359375 0.515625 0.1390625 0.5125 0.1390625 0.4984375 0.1421875 0.4921875 0.140625 0.4640625 0.1453125 0.4609375
3 0.6796875 0.334375 0.684375 0.3328125 0.6890625 0.3234375 0.69375 0.3234375 0.696875 0.328125 0.696875 0.346875 0.6921875 0.35 0.6890625 0.3484375 0.684375 0.353125 0.68125 0.353125 0.6796875 0.3359375
3 0.9125 0.2625 0.915625 0.2625 0.9171875 0.265625 0.9171875 0.28125 0.9109375 0.2828125 0.909375 0.2703125 0.9125 0.2640625
3 0.45625 0.3640625 0.4546875 0.3625 0.45625 0.3359375 0.4640625 0.3296875 0.4703125 0.3375 0.46875 0.3609375 0.465625 0.3625 0.4640625 0.35625 0.459375 0.353125 0.45625 0.3625
4 0.95 0.3875 0.965625 0.3890625 0.9640625 0.3953125 0.9515625 0.39375 0.95 0.3890625
4 0.09375 0.5203125 0.0953125 0.509375 0.096875 0.509375 0.0953125 0.5203125
4 0.8796875 0.3796875 0.88125 0.38125 0.878125 0.3859375 0.8734375 0.3859375 0.86875 0.38125 0.878125 0.3796875
4 0.271875 0.328125 0.2734375 0.3234375 0.2828125 0.325 0.2828125 0.328125 0.2796875 0.3296875 0.2734375 0.328125