1 0.99375 0.2875 0.9984375 0.290625 0.9984375 0.303125 0.9921875 0.3046875 0.9796875 0.296875 0.965625 0.296875 0.9765625 0.2859375 0.9921875 0.2875
1 0.86875 0.284375 0.8703125 0.2859375 0.86875 0.2984375 0.8625 0.296875 0.8625 0.2890625 0.8671875 0.284375
1 0.83125 0.309375 0.8375 0.3140625 0.8484375 0.3171875 0.85 0.3203125 0.846875 0.325 0.846875 0.3359375 0.85 0.3390625 0.8515625 0.346875 0.8515625 0.3625 0.8484375 0.36875 0.846875 0.38125 0.8421875 0.3921875 0.834375 0.3921875 0.8296875 0.384375 0.8140625 0.3859375 0.8078125 0.390625 0.8015625 0.4015625 0.7953125 0.4015625 0.7875 0.3921875 0.7765625 0.390625 0.7703125 0.396875 0.7625 0.396875 0.7546875 0.3765625 0.75625 0.3578125 0.7625 0.3484375 0.7734375 0.3421875 0.775 0.3375 0.7859375 0.325 0.796875 0.3203125 0.8015625 0.3140625 0.815625 0.309375 0.8296875 0.309375
1 0.3109375 0.284375 0.325 0.2953125 0.328125 0.30625 0.33125 0.309375 0.334375 0.31875 0.334375 0.3328125 0.33125 0.3359375 0.325 0.3359375 0.321875 0.3328125 0.30625 0.334375 0.3015625 0.328125 0.2984375 0.3265625 0.2921875 0.328125 0.290625 0.325 0.2890625 0.3125 0.290625 0.2890625 0.2953125 0.284375 0.309375 0.284375
1 0.99375 0.3390625 0.9984375 0.3421875 0.9984375 0.3890625 0.9875 0.4140625 0.9828125 0.4140625 0.978125 0.409375 0.959375 0.40625 0.9578125 0.4078125 0.95 0.40625 0.9453125 0.409375 0.940625 0.409375 0.9375 0.4046875 0.9375 0.3984375 0.940625 0.3765625 0.9453125 0.3703125 0.953125 0.35 0.9640625 0.3390625 0.9703125 0.3375 0.9921875 0.3390625
1 0.2015625 0.2515625 0.203125 0.253125 0.21875 0.2515625 0.2296875 0.2734375 0.2296875 0.2859375 0.2265625 0.2953125 0.2125 0.2953125 0.2078125 0.3015625 0.2046875 0.3015625 0.1953125 0.290625 0.1953125 0.2625 0.196875 0.253125 0.2 0.2515625
1 0.2375 0.3234375 0.234375 0.296875 0.2421875 0.2828125 0.2625 0.2828125 0.271875 0.2890625 0.2828125 0.309375 0.2828125 0.334375 0.259375 0.33125 0.253125 0.3359375 0.246875 0.3234375 0.24375 0.321875 0.2390625 0.3234375
1 0.375 0.303125 0.3875 0.309375 0.4 0.325 0.4046875 0.34375 0.4015625 0.353125 0.3828125 0.353125 0.3765625 0.3578125 0.3734375 0.3578125 0.36875 0.3515625 0.3640625 0.35 0.3453125 0.3328125 0.3484375 0.3140625 0.3515625 0.309375 0.35625 0.3046875 0.3734375 0.303125
1 0.15 0.21875 0.1578125 0.221875 0.1609375 0.228125 0.1578125 0.2453125 0.1546875 0.2484375 0.1546875 0.2609375 0.1515625 0.25625 0.15 0.2453125 0.15 0.2203125
1 0.9875 0.3078125 0.9984375 0.3078125 0.9984375 0.3375 0.9796875 0.334375 0.9796875 0.328125 0.9875 0.309375
1 0.9859375 0.3 0.9875 0.303125 0.9859375 0.3140625 0.9828125 0.31875 0.98125 0.3296875 0.9765625 0.3359375 0.9671875 0.3359375 0.965625 0.3328125 0.965625 0.3234375 0.9609375 0.3109375 0.9609375 0.3 0.9625 0.2984375 0.9828125 0.2984375 0.984375 0.3
1 0.34609375 0.38046875 0.06171875 0.0890625
1 0.203125 0.3453125 0.2 0.3421875 0.1796875 0.3421875 0.1765625 0.3453125 0.165625 0.3359375 0.1640625 0.30625 0.16875 0.2984375 0.175 0.29375 0.1953125 0.29375 0.1984375 0.296875 0.20625 0.321875 0.2078125 0.334375 0.2046875 0.34375
1 0.2328125 0.2453125 0.2390625 0.25 0.2421875 0.2578125 0.2421875 0.28125 0.2359375 0.2875 0.2328125 0.2875 0.2328125 0.275 0.225 0.25625 0.225 0.2484375 0.23125 0.2453125
1 0.1671875 0.234375 0.16875 0.234375 0.165625 0.2375 0.1640625 0.246875 0.1640625 0.2671875 0.1609375 0.26875 0.1546875 0.2609375 0.153125 0.2453125 0.1578125 0.240625 0.159375 0.234375 0.165625 0.2328125
1 0.1671875 0.234375 0.18125 0.2328125 0.1890625 0.24375 0.1890625 0.2484375 0.18125 0.2546875 0.1796875 0.259375 0.178125 0.278125 0.1671875 0.2765625 0.1625 0.2703125 0.1625 0.2546875 0.1609375 0.253125 0.1640625 0.2375 0.1671875 0.2359375
1 0.19375 0.25 0.1953125 0.259375 0.1921875 0.2875 0.1828125 0.2859375 0.1796875 0.278125 0.1828125 0.25625 0.1875 0.25 0.1921875 0.25
1 0.9921875 0.2828125 0.9984375 0.2796875 0.9984375 0.290625 0.9921875 0.284375
1 0.971875 0.2734375 0.9765625 0.275 0.9765625 0.284375 0.965625 0.29375 0.9625 0.2875 0.9625 0.275 0.9703125 0.2734375
1 0.2625 0.25625 0.26875 0.2578125 0.275 0.2640625 0.284375 0.2796875 0.2828125 0.3046875 0.278125 0.3 0.2734375 0.2890625 0.2671875 0.2828125 0.24375 0.28125 0.2453125 0.259375 0.2546875 0.2546875 0.2609375 0.25625
1 0.20625 0.2375 0.215625 0.2390625 0.221875 0.2484375 0.2203125 0.2515625 0.2078125 0.253125 0.1984375 0.2515625 0.196875 0.2484375 0.1984375 0.240625 0.2046875 0.2375
1 0.8625 0.296875 0.86875 0.2984375 0.86875 0.30625 0.8625 0.31875 0.8625 0.3265625 0.8578125 0.3359375 0.8546875 0.3359375 0.8515625 0.33125 0.8515625 0.315625 0.859375 0.3 0.8625 0.2984375
3 0.8375 0.278125 0.8390625 0.290625 0.834375 0.2953125 0.828125 0.2953125 0.8265625 0.28125 0.8359375 0.278125
3 0.225 0.3671875 0.2296875 0.36875 0.234375 0.3671875 0.2390625 0.378125 0.2359375 0.390625 0.23125 0.3953125 0.225 0.390625 0.225 0.36875
3 0.26875 0.4046875 0.2703125 0.434375 0.2671875 0.4390625 0.2671875 0.4453125 0.265625 0.446875 0.2625 0.4453125 0.25625 0.428125 0.259375 0.4078125 0.2671875 0.40625
3 0.2203125 0.390625 0.2234375 0.3921875 0.225 0.403125 0.225 0.4203125 0.2234375 0.4296875 0.2203125 0.43125 0.2109375 0.415625 0.2109375 0.39375 0.21875 0.390625
3 0.415625 0.4328125 0.4171875 0.4328125 0.415625 0.440625 0.4125 0.4453125 0.4125 0.4609375 0.4171875 0.4734375 0.415625 0.4828125 0.4125 0.4875 0.4109375 0.503125 0.40625 0.4890625 0.4 0.4828125 0.4015625 0.459375 0.396875 0.44375 0.40625 0.4421875 0.4140625 0.434375
5 0.9625 0.2484375 0.9640625 0.2515625 0.9609375 0.271875 0.9625 0.2921875 0.959375 0.309375 0.9640625 0.325 0.9640625 0.334375 0.95 0.35 0.9359375 0.384375 0.93125 0.384375 0.925 0.3734375 0.91875 0.375 0.9171875 0.3921875 0.9140625 0.4 0.9078125 0.3921875 0.878125 0.3890625 0.875 0.3890625 0.86875 0.3984375 0.8640625 0.3984375 0.8625 0.3890625 0.8578125 0.3828125 0.8609375 0.33125 0.8703125 0.303125 0.871875 0.29375 0.8703125 0.2828125 0.8734375 0.2625 0.8765625 0.259375 0.8859375 0.2578125 0.9 0.25 0.9203125 0.24375 0.95 0.24375 0.9609375 0.2484375
4 0.35 0.4 0.3625 0.4 0.3625 0.40625 0.35 0.40625 0.35 0.4015625
4 0.759375 0.3765625 0.771875 0.375 0.7734375 0.38125 0.7625 0.38125 0.7609375 0.378125
4 0.965625 0.3921875 0.96875 0.39375 0.9671875 0.3984375 0.9515625 0.396875 0.953125 0.3921875 0.9640625 0.3921875
4 0.265625 0.4171875 0.26875 0.41875 0.26875 0.425 0.265625 0.4265625 0.2625 0.4234375 0.2625 0.41875 0.2640625 0.41875