0 0.403125 0.3671875 0.4046875 0.36875 0.41875 0.3671875 0.4328125 0.36875 0.453125 0.3796875 0.459375 0.3921875 0.46875 0.396875 0.48125 0.396875 0.4859375 0.4015625 0.4875 0.4609375 0.4890625 0.4625 0.4890625 0.540625 0.4921875 0.5546875 0.4875 0.5609375 0.4828125 0.5609375 0.459375 0.5703125 0.4375 0.5734375 0.425 0.5796875 0.4109375 0.578125 0.403125 0.571875 0.3984375 0.571875 0.3953125 0.578125 0.3875 0.5765625 0.3765625 0.55 0.3578125 0.5328125 0.3453125 0.5265625 0.340625 0.503125 0.334375 0.496875 0.3328125 0.4828125 0.33125 0.4140625 0.3328125 0.4125 0.3328125 0.390625 0.3375 0.3765625 0.3421875 0.3734375 0.3484375 0.3734375 0.35625 0.36875 0.365625 0.3671875 0.4015625 0.3671875
1 0.978125 0.2859375 0.9796875 0.2875 0.9984375 0.2859375 0.9984375 0.303125 0.9875 0.30625 0.9796875 0.2984375 0.9640625 0.296875 0.971875 0.2890625 0.9765625 0.2875
1 0.99375 0.2640625 0.996875 0.26875 0.9984375 0.2828125 0.9890625 0.2859375 0.9796875 0.2859375 0.975 0.28125 0.9734375 0.2734375 0.9796875 0.2640625 0.9828125 0.2625 0.9921875 0.2640625
1 0.9734375 0.275 0.975 0.2859375 0.9640625 0.2953125 0.9625 0.2953125 0.9609375 0.2765625 0.965625 0.2734375 0.971875 0.275
1 0.221875 0.2625 0.225 0.265625 0.225 0.3 0.2203125 0.3078125 0.209375 0.3078125 0.20625 0.303125 0.2015625 0.3015625 0.203125 0.2671875 0.209375 0.2625 0.2203125 0.2625
1 0.9859375 0.3375 0.9984375 0.3390625 0.9984375 0.3953125 0.9921875 0.403125 0.9875 0.415625 0.984375 0.415625 0.9765625 0.4078125 0.9484375 0.4078125 0.9421875 0.4109375 0.9390625 0.409375 0.9375 0.4046875 0.9390625 0.3828125 0.95625 0.346875 0.965625 0.3390625 0.984375 0.3375
1 0.2953125 0.2890625 0.3046875 0.296875 0.3078125 0.30625 0.3125 0.3109375 0.3125 0.315625 0.31875 0.3296875 0.31875 0.346875 0.315625 0.353125 0.2921875 0.346875 0.2796875 0.340625 0.265625 0.340625 0.2640625 0.3375 0.2640625 0.3078125 0.2671875 0.290625 0.275 0.2875 0.2921875 0.2875 0.29375 0.2890625
1 0.828125 0.309375 0.85 0.3171875 0.85 0.3390625 0.853125 0.353125 0.8515625 0.365625 0.8421875 0.3921875 0.8359375 0.39375 0.828125 0.384375 0.8203125 0.384375 0.8109375 0.3875 0.8015625 0.4015625 0.79375 0.4015625 0.7921875 0.396875 0.7859375 0.3921875 0.775 0.3921875 0.7703125 0.396875 0.7625 0.396875 0.7546875 0.3765625 0.75625 0.3578125 0.7625 0.3484375 0.7734375 0.3421875 0.7765625 0.334375 0.7859375 0.325 0.796875 0.3203125 0.8078125 0.3109375 0.8265625 0.309375
1 0.246875 0.2640625 0.253125 0.2671875 0.2578125 0.2734375 0.2640625 0.2875 0.2640625 0.2984375 0.2609375 0.321875 0.2546875 0.3203125 0.24375 0.325 0.2375 0.3234375 0.234375 0.3171875 0.2265625 0.3171875 0.225 0.303125 0.2265625 0.3015625 0.2265625 0.265625 0.2296875 0.2625 0.2453125 0.2640625
1 0.178125 0.2875 0.1859375 0.2953125 0.1921875 0.3125 0.19375 0.3359375 0.16875 0.3390625 0.1609375 0.3375 0.1546875 0.33125 0.153125 0.30625 0.15625 0.2953125 0.1609375 0.2890625 0.1765625 0.2875
1 0.978125 0.2984375 0.9828125 0.3 0.9859375 0.3046875 0.9859375 0.3109375 0.98125 0.328125 0.9765625 0.3359375 0.9671875 0.3359375 0.965625 0.321875 0.9609375 0.3109375 0.9625 0.2984375 0.9765625 0.2984375
1 0.9859375 0.3078125 0.9984375 0.30625 0.9984375 0.3375 0.9765625 0.334375 0.9828125 0.321875 0.9859375 0.309375
1 0.3609375 0.2921875 0.375 0.296875 0.4 0.328125 0.4 0.3421875 0.396875 0.3484375 0.3953125 0.3609375 0.390625 0.3625 0.3859375 0.3578125 0.3765625 0.359375 0.3734375 0.3578125 0.365625 0.3640625 0.3609375 0.3625 0.359375 0.35625 0.3546875 0.3515625 0.3484375 0.35 0.34375 0.353125 0.3375 0.353125 0.334375 0.3484375 0.334375 0.3390625 0.33125 0.3328125 0.33125 0.3171875 0.3375 0.29375 0.359375 0.2921875
1 0.7234375 0.640625 0.7546875 0.6546875 0.85625 0.715625 0.8671875 0.746875 0.8765625 0.7875 0.8890625 0.8046875 0.8953125 0.8234375 0.8953125 0.8578125 0.8921875 0.86875 0.8921875 0.878125 0.8890625 0.890625 0.8796875 0.90625 0.8578125 0.915625 0.8546875 0.925 0.8484375 0.9296875 0.8453125 0.9359375 0.8234375 0.9484375 0.8140625 0.95625 0.8046875 0.959375 0.79375 0.959375 0.7859375 0.95625 0.78125 0.9515625 0.7671875 0.9484375 0.7515625 0.978125 0.740625 0.978125 0.7328125 0.9734375 0.7234375 0.9640625 0.715625 0.9515625 0.7046875 0.89375 0.6984375 0.8859375 0.684375 0.878125 0.6375 0.8328125 0.6328125 0.83125 0.625 0.821875 0.625 0.81875 0.6140625 0.8078125 0.609375 0.80625 0.5984375 0.821875 0.5875 0.8203125 0.5828125 0.815625 0.578125 0.8078125 0.5734375 0.7921875 0.5703125 0.75 0.5640625 0.7421875 0.5640625 0.7125 0.56875 0.7015625 0.571875 0.684375 0.590625 0.6640625 0.6078125 0.6546875 0.6265625 0.65 0.6546875 0.6515625 0.665625 0.6546875 0.6734375 0.65 0.6953125 0.6421875 0.7015625 0.6421875 0.70625 0.6390625 0.721875 0.640625
1 0.86875 0.296875 0.8703125 0.303125 0.8671875 0.3078125 0.859375 0.3359375 0.85625 0.3375 0.8515625 0.3265625 0.8515625 0.3171875 0.859375 0.3 0.8671875 0.296875
1 0.8578125 0.271875 0.8625 0.275 0.8671875 0.2828125 0.8703125 0.29375 0.8609375 0.2984375 0.8515625 0.3125 0.8390625 0.3078125 0.8296875 0.3078125 0.828125 0.30625 0.828125 0.290625 0.8359375 0.2734375 0.85625 0.271875
5 0.95 0.24375 0.9625 0.2484375 0.959375 0.3078125 0.9640625 0.321875 0.9640625 0.334375 0.9515625 0.35 0.9390625 0.375 0.9390625 0.38125 0.9359375 0.3859375 0.93125 0.3859375 0.928125 0.378125 0.9234375 0.3734375 0.91875 0.3765625 0.9171875 0.3921875 0.9140625 0.4 0.9109375 0.4 0.9046875 0.3921875 0.8765625 0.3890625 0.871875 0.3921875 0.8703125 0.3984375 0.8640625 0.3984375 0.8625 0.3890625 0.8578125 0.3828125 0.8609375 0.33125 0.871875 0.2953125 0.8703125 0.2875 0.871875 0.26875 0.8765625 0.259375 0.91875 0.24375 0.9484375 0.24375
5 0.2734375 0.3421875 0.2984375 0.35 0.3078125 0.3546875 0.3140625 0.3609375 0.315625 0.4015625 0.3203125 0.4171875 0.3203125 0.434375 0.3171875 0.4484375 0.3140625 0.45 0.2984375 0.4453125 0.2875 0.4453125 0.271875 0.453125 0.26875 0.4578125 0.2625 0.45625 0.2578125 0.4421875 0.2546875 0.4390625 0.2484375 0.440625 0.24375 0.4359375 0.2375 0.403125 0.2375 0.378125 0.23125 0.3671875 0.23125 0.359375 0.240625 0.3515625 0.2421875 0.346875 0.2484375 0.34375 0.271875 0.3421875
3 0.771875 0.303125 0.7765625 0.3078125 0.7828125 0.3046875 0.7828125 0.3203125 0.7765625 0.3265625 0.7734375 0.3265625 0.771875 0.321875 0.771875 0.3046875
3 0.08125 0.4984375 0.084375 0.5 0.0875 0.5078125 0.0859375 0.5203125 0.090625 0.525 0.0953125 0.5234375 0.0984375 0.525 0.10625 0.5359375 0.10625 0.553125 0.103125 0.5609375 0.0953125 0.565625 0.090625 0.565625 0.08125 0.553125 0.0703125 0.5625 0.059375 0.5625 0.0546875 0.565625 0.0484375 0.5765625 0.0390625 0.5828125 0.0328125 0.5828125 0.025 0.571875 0.025 0.5640625 0.0203125 0.553125 0.0203125 0.540625 0.0171875 0.5265625 0.03125 0.5234375 0.0484375 0.525 0.0640625 0.5328125 0.0625 0.5375 0.0671875 0.5453125 0.0734375 0.534375 0.071875 0.503125 0.0796875 0.4984375
3 0.6859375 0.353125 0.690625 0.3546875 0.6953125 0.3640625 0.696875 0.38125 0.7015625 0.3859375 0.7046875 0.384375 0.70625 0.378125 0.70625 0.3625 0.709375 0.36875 0.70625 0.390625 0.703125 0.3953125 0.6984375 0.3984375 0.696875 0.3921875 0.6921875 0.3875 0.6875 0.3921875 0.684375 0.4015625 0.678125 0.4015625 0.675 0.3890625 0.678125 0.378125 0.6828125 0.371875 0.6828125 0.3625 0.6859375 0.3546875
4 0.45 0.4984375 0.4546875 0.496875 0.4609375 0.4984375 0.459375 0.5125 0.4484375 0.5125 0.45 0.5
4 0.834375 0.290625 0.8421875 0.2921875 0.8421875 0.2953125 0.834375 0.2953125 0.834375 0.2921875
4 0.1765625 0.3234375 0.184375 0.325 0.184375 0.328125 0.18125 0.3296875 0.178125 0.3296875 0.1765625 0.325
4 0.83125 0.859375 0.8328125 0.8640625 0.83125 0.890625 0.828125 0.8953125 0.815625 0.9 0.8125 0.8984375 0.8140625 0.871875 0.8296875 0.859375
4 0.965625 0.3921875 0.96875 0.39375 0.9671875 0.3984375 0.9515625 0.396875 0.953125 0.3921875 0.9640625 0.3921875
4 0.2921875 0.434375 0.01015625 0.0109375
4 0.7625 0.375 0.775 0.3765625 0.7734375 0.38125 0.765625 0.38125 0.7625 0.3796875 0.7625 0.3765625
4 0.2609375 0.3078125 0.2625 0.309375 0.2609375 0.3140625 0.2546875 0.3125 0.2546875 0.309375 0.259375 0.309375