1 0.0921875 0.3984375 0.0890625 0.3859375 0.090625 0.35 0.096875 0.3390625 0.10625 0.3375 0.128125 0.3390625 0.1359375 0.346875 0.140625 0.35625 0.146875 0.359375 0.1453125 0.3671875 0.15 0.3796875 0.1515625 0.3953125 0.15 0.40625 0.1484375 0.4078125 0.14375 0.4078125 0.1390625 0.4046875 0.1375 0.40625 0.11875 0.40625 0.1109375 0.4125 0.1015625 0.396875 0.09375 0.3984375
1 0 0.553125 0.0125 0.5546875 0.015625 0.5578125 0.01875 0.5703125 0.03125 0.584375 0.0453125 0.609375 0.05 0.6328125 0.0484375 0.64375 0.0375 0.665625 0.03125 0.70625 0.028125 0.7109375 0.0171875 0.7171875 0.0125 0.715625 0.0078125 0.7046875 0 0.7078125 0 0.5546875
1 0.65625 0.4078125 0.6625 0.4140625 0.6703125 0.4140625 0.6734375 0.428125 0.678125 0.4328125 0.684375 0.434375 0.6875 0.44375 0.6875 0.4625 0.6828125 0.4703125 0.6734375 0.475 0.646875 0.4765625 0.640625 0.4859375 0.634375 0.4859375 0.63125 0.4828125 0.6296875 0.475 0.625 0.4671875 0.615625 0.465625 0.596875 0.4578125 0.5890625 0.4578125 0.5796875 0.465625 0.5765625 0.4640625 0.571875 0.4578125 0.5703125 0.4484375 0.565625 0.44375 0.565625 0.4296875 0.5703125 0.421875 0.584375 0.4171875 0.59375 0.4171875 0.609375 0.4046875 0.625 0.3984375 0.6421875 0.3984375 0.6515625 0.403125 0.6546875 0.4078125
1 0.925 0.5125 0.9484375 0.51875 0.9515625 0.521875 0.9828125 0.534375 0.9875 0.5390625 0.9921875 0.5515625 0.9984375 0.5578125 0.9984375 0.646875 0.99375 0.6484375 0.9859375 0.65625 0.9765625 0.659375 0.9640625 0.671875 0.9484375 0.66875 0.9421875 0.6609375 0.9390625 0.65 0.9328125 0.6421875 0.9140625 0.6359375 0.9 0.628125 0.890625 0.6265625 0.871875 0.6171875 0.85 0.6109375 0.84375 0.6203125 0.83125 0.6203125 0.8234375 0.6140625 0.81875 0.6015625 0.809375 0.59375 0.80625 0.5875 0.809375 0.5625 0.815625 0.553125 0.8171875 0.5453125 0.8234375 0.5390625 0.85 0.5296875 0.871875 0.528125 0.884375 0.521875 0.89375 0.5140625 0.9234375 0.5125
1 0.7609375 0.3203125 0.759375 0.296875 0.7515625 0.2859375 0.7515625 0.28125 0.7609375 0.275 0.771875 0.275 0.778125 0.284375 0.7765625 0.3125 0.76875 0.3203125 0.765625 0.321875 0.7625 0.3203125
1 0.7265625 0.26875 0.7328125 0.2734375 0.734375 0.2828125 0.715625 0.3078125 0.7109375 0.30625 0.709375 0.2921875 0.703125 0.2859375 0.7046875 0.278125 0.7125 0.2703125 0.725 0.26875
1 0 0.271875 0.0078125 0.271875 0.0140625 0.275 0.021875 0.296875 0.0203125 0.3078125 0.0171875 0.3125 0.0015625 0.3125 0 0.3109375 0 0.2734375
1 0.45 0.3453125 0.4609375 0.3484375 0.465625 0.353125 0.46875 0.3609375 0.475 0.4 0.4734375 0.4109375 0.4609375 0.43125 0.4578125 0.43125 0.45 0.421875 0.4390625 0.421875 0.434375 0.425 0.428125 0.4359375 0.4234375 0.4359375 0.4203125 0.4328125 0.4171875 0.4171875 0.4125 0.4125 0.396875 0.409375 0.3859375 0.4203125 0.3796875 0.415625 0.3765625 0.4015625 0.3765625 0.375 0.38125 0.3671875 0.3890625 0.3640625 0.403125 0.3484375 0.4125 0.34375 0.4328125 0.3421875 0.4484375 0.3453125
1 0.05 0.2953125 0.0578125 0.3015625 0.065625 0.3140625 0.06875 0.3265625 0.06875 0.3421875 0.0640625 0.34375 0.053125 0.340625 0.0390625 0.3421875 0.0359375 0.3453125 0.028125 0.340625 0.021875 0.3328125 0.0234375 0.3 0.0359375 0.29375 0.0484375 0.2953125
1 0.7546875 0.2890625 0.7578125 0.296875 0.759375 0.3203125 0.75625 0.328125 0.746875 0.3375 0.7171875 0.3359375 0.715625 0.3234375 0.721875 0.3 0.7328125 0.2875 0.740625 0.284375 0.7484375 0.284375 0.753125 0.2890625
3 0.28125 0.4875 0.2828125 0.4890625 0.28125 0.496875 0.278125 0.5 0.2796875 0.515625 0.278125 0.5296875 0.28125 0.534375 0.2796875 0.5375 0.28125 0.55 0.2796875 0.5765625 0.278125 0.578125 0.2734375 0.5765625 0.2703125 0.5671875 0.2703125 0.5546875 0.2671875 0.5515625 0.2640625 0.5515625 0.259375 0.5578125 0.2546875 0.55625 0.2515625 0.5390625 0.246875 0.53125 0.2515625 0.5234375 0.2515625 0.51875 0.25625 0.5140625 0.25625 0.5078125 0.259375 0.5015625 0.2671875 0.5015625 0.271875 0.5046875 0.2796875 0.4890625
3 0.86875 0.4421875 0.8734375 0.4453125 0.878125 0.4578125 0.8765625 0.4765625 0.86875 0.4953125 0.8671875 0.4765625 0.8609375 0.46875 0.8578125 0.4578125 0.8578125 0.440625 0.8609375 0.4390625 0.8671875 0.4421875
3 0.7234375 0.4234375 0.728125 0.425 0.7359375 0.434375 0.734375 0.4453125 0.7375 0.4484375 0.7421875 0.4484375 0.746875 0.44375 0.75 0.446875 0.7609375 0.4484375 0.7625 0.4609375 0.75625 0.4859375 0.753125 0.4890625 0.7453125 0.4875 0.740625 0.478125 0.734375 0.4765625 0.7265625 0.4703125 0.7171875 0.478125 0.7109375 0.4734375 0.709375 0.453125 0.7125 0.4484375 0.7203125 0.44375 0.71875 0.4328125 0.721875 0.425
3 0.8265625 0.446875 0.828125 0.471875 0.83125 0.475 0.846875 0.4734375 0.8578125 0.46875 0.8671875 0.4734375 0.8671875 0.4828125 0.8703125 0.4875 0.8671875 0.49375 0.865625 0.515625 0.8625 0.5203125 0.8609375 0.521875 0.85 0.5203125 0.8484375 0.5140625 0.840625 0.5046875 0.8265625 0.4984375 0.8171875 0.5078125 0.8125 0.5078125 0.809375 0.5046875 0.80625 0.4984375 0.80625 0.4828125 0.809375 0.475 0.81875 0.4703125 0.8171875 0.4640625 0.81875 0.453125 0.825 0.4484375
3 0.0203125 0.2671875 0.025 0.278125 0.0234375 0.2921875 0.0203125 0.290625 0.015625 0.278125 0.015625 0.26875 0.01875 0.2671875
3 0.2046875 0.3765625 0.2078125 0.4265625 0.2046875 0.428125 0.1984375 0.415625 0.1953125 0.4203125 0.1921875 0.4203125 0.1890625 0.4078125 0.1890625 0.396875 0.1921875 0.390625 0.1921875 0.384375 0.196875 0.3796875 0.203125 0.378125
2 0.31875 0.33984375 0.06640625 0.0796875
4 0.3328125 0.3515625 0.33125 0.3484375 0.334375 0.3453125 0.340625 0.346875 0.3375 0.353125 0.334375 0.3515625
4 0.1390625 0.3921875 0.140625 0.4015625 0.1328125 0.4015625 0.1328125 0.39375 0.1375 0.3921875
4 0.86875 0.4828125 0.871875 0.4859375 0.8703125 0.49375 0.86875 0.4953125 0.8671875 0.4921875 0.8671875 0.484375
4 0.671875 0.4734375 0.671875 0.46875 0.6765625 0.4640625 0.6796875 0.4703125 0.6734375 0.4734375
4 0.76171875 0.46328125 0.00546875 0.0109375
4 0.325 0.346875 0.33125 0.3484375 0.328125 0.35625 0.325 0.353125 0.325 0.3484375
4 0.4546875 0.3890625 0.4609375 0.390625 0.459375 0.3984375 0.4546875 0.3984375 0.4546875 0.390625