1 0.1328125 0.2984375 0.1390625 0.3 0.146875 0.3109375 0.146875 0.315625 0.1421875 0.315625 0.1359375 0.321875 0.1359375 0.3390625 0.1375 0.340625 0.1359375 0.35 0.1265625 0.3359375 0.121875 0.3328125 0.1078125 0.33125 0.1046875 0.3234375 0.1109375 0.3 0.13125 0.2984375
1 0.0265625 0.328125 0.046875 0.334375 0.0578125 0.34375 0.0609375 0.35625 0.071875 0.3796875 0.0734375 0.3984375 0.06875 0.4078125 0.0359375 0.40625 0.025 0.4109375 0.0203125 0.4015625 0.015625 0.396875 0.0109375 0.396875 0.0078125 0.39375 0.00625 0.378125 0.00625 0.3421875 0.009375 0.3328125 0.0140625 0.3296875 0.025 0.328125
1 0.1390625 0.31875 0.1546875 0.3171875 0.1609375 0.30625 0.1875 0.30625 0.2 0.309375 0.203125 0.315625 0.209375 0.321875 0.2125 0.321875 0.2125 0.3296875 0.221875 0.34375 0.225 0.35625 0.2203125 0.38125 0.215625 0.3828125 0.209375 0.3765625 0.203125 0.3765625 0.1890625 0.378125 0.178125 0.384375 0.175 0.3828125 0.171875 0.3734375 0.1578125 0.3640625 0.1515625 0.3703125 0.146875 0.3703125 0.1390625 0.353125 0.1390625 0.3296875 0.1375 0.328125 0.1390625 0.3203125
1 0 0.3171875 0.01875 0.3171875 0.025 0.321875 0.028125 0.328125 0.015625 0.328125 0.0078125 0.3328125 0.0046875 0.3421875 0.0046875 0.378125 0 0.378125 0 0.31875
1 0.0859375 0.2984375 0.1015625 0.3140625 0.103125 0.33125 0.0875 0.3359375 0.084375 0.3390625 0.078125 0.3546875 0.075 0.3765625 0.0703125 0.3703125 0.065625 0.353125 0.0546875 0.3359375 0.0546875 0.3140625 0.059375 0.296875 0.0828125 0.296875 0.084375 0.2984375
1 0.125 0.3375 0.140625 0.359375 0.146875 0.375 0.146875 0.4015625 0.1453125 0.403125 0.1375 0.4015625 0.1140625 0.403125 0.1125 0.4015625 0.1078125 0.403125 0.1046875 0.4078125 0.1015625 0.40625 0.096875 0.3953125 0.0921875 0.3921875 0.0828125 0.3953125 0.08125 0.3921875 0.0796875 0.35625 0.0890625 0.3375 0.1 0.334375 0.1203125 0.334375 0.1234375 0.3375
1 0.05625 0.296875 0.0578125 0.3 0.053125 0.3140625 0.053125 0.3328125 0.04375 0.33125 0.040625 0.328125 0.028125 0.3265625 0.025 0.3171875 0.03125 0.3 0.034375 0.296875 0.0546875 0.296875
3 0.6046875 0.709375 0.603125 0.7171875 0.6046875 0.734375 0.6140625 0.7546875 0.6125 0.784375 0.628125 0.8 0.634375 0.8265625 0.634375 0.8515625 0.6296875 0.8625 0.6265625 0.865625 0.6203125 0.865625 0.609375 0.85625 0.6015625 0.8390625 0.6015625 0.8328125 0.5953125 0.815625 0.584375 0.8234375 0.578125 0.821875 0.5765625 0.8171875 0.5828125 0.8078125 0.5796875 0.8015625 0.58125 0.7671875 0.5734375 0.7515625 0.5734375 0.7453125 0.5828125 0.73125 0.5875 0.7328125 0.5875 0.7359375 0.59375 0.740625 0.596875 0.7375 0.5984375 0.7328125 0.596875 0.7234375 0.6046875 0.7109375
3 0.7328125 0.3984375 0.7375 0.403125 0.7390625 0.4328125 0.7296875 0.440625 0.725 0.4390625 0.725 0.4234375 0.728125 0.4 0.73125 0.3984375
3 0.8234375 0.2703125 0.8265625 0.2703125 0.8296875 0.275 0.8296875 0.2953125 0.825 0.296875 0.8203125 0.29375 0.8203125 0.28125 0.8234375 0.271875
3 0.834375 0.43125 0.8359375 0.4328125 0.834375 0.434375 0.834375 0.4609375 0.8375 0.4640625 0.846875 0.45 0.86875 0.4421875 0.86875 0.453125 0.865625 0.459375 0.865625 0.4671875 0.8625 0.46875 0.8609375 0.484375 0.8578125 0.4921875 0.8546875 0.4953125 0.85 0.4953125 0.846875 0.490625 0.8453125 0.4796875 0.8390625 0.4734375 0.834375 0.4734375 0.8296875 0.4796875 0.8234375 0.4765625 0.8234375 0.459375 0.83125 0.4453125 0.8328125 0.4328125
3 0.5234375 0.609375 0.525 0.609375 0.525 0.615625 0.521875 0.61875 0.5203125 0.634375 0.521875 0.6359375 0.521875 0.6765625 0.525 0.7078125 0.521875 0.7125 0.5203125 0.725 0.515625 0.725 0.5109375 0.7203125 0.5046875 0.7109375 0.503125 0.7 0.5 0.696875 0.49375 0.696875 0.4875 0.69375 0.4796875 0.696875 0.471875 0.6890625 0.4671875 0.66875 0.46875 0.646875 0.465625 0.6390625 0.4671875 0.61875 0.4703125 0.615625 0.475 0.615625 0.4765625 0.6328125 0.484375 0.6484375 0.4859375 0.6671875 0.490625 0.671875 0.496875 0.6625 0.496875 0.640625 0.4953125 0.6390625 0.496875 0.6265625 0.50625 0.6171875 0.515625 0.6171875 0.51875 0.6125 0.5234375 0.6109375
3 0.5203125 0.3578125 0.525 0.3609375 0.5265625 0.3703125 0.534375 0.38125 0.534375 0.3953125 0.528125 0.4 0.5203125 0.390625 0.5078125 0.3921875 0.5 0.4 0.496875 0.4 0.4921875 0.39375 0.4921875 0.3765625 0.4890625 0.3703125 0.5 0.36875 0.5015625 0.3734375 0.5078125 0.378125 0.515625 0.359375 0.51875 0.3578125
3 0.3859375 0.34375 0.39375 0.3484375 0.3953125 0.3578125 0.4 0.3640625 0.4015625 0.371875 0.4 0.38125 0.39375 0.3859375 0.3859375 0.3765625 0.3765625 0.3765625 0.371875 0.3828125 0.3671875 0.38125 0.365625 0.378125 0.3640625 0.371875 0.365625 0.359375 0.3734375 0.3515625 0.375 0.346875 0.38125 0.3484375 0.384375 0.3453125
3 0.3015625 0.2875 0.303125 0.2890625 0.3015625 0.3265625 0.2953125 0.328125 0.2890625 0.3265625 0.2859375 0.296875 0.290625 0.296875 0.3 0.2875
3 0.2625 0.328125 0.26875 0.3390625 0.2671875 0.378125 0.2640625 0.378125 0.259375 0.3703125 0.2546875 0.375 0.25 0.3734375 0.2484375 0.3609375 0.25 0.3546875 0.2484375 0.353125 0.2515625 0.346875 0.2515625 0.3359375 0.2609375 0.328125
5 0.1984375 0.309375 0.209375 0.321875 0.2125 0.321875 0.2125 0.328125 0.221875 0.34375 0.2234375 0.3734375 0.2203125 0.38125 0.215625 0.3828125 0.209375 0.3765625 0.2046875 0.3765625 0.196875 0.3796875 0.1875 0.3796875 0.18125 0.384375 0.175 0.3828125 0.171875 0.375 0.15625 0.3640625 0.1515625 0.3703125 0.1453125 0.36875 0.1375 0.35 0.1390625 0.346875 0.1375 0.321875 0.140625 0.3171875 0.153125 0.3171875 0.1609375 0.30625 0.1875 0.30625 0.196875 0.309375
5 0.0140625 0.2484375 0.028125 0.25 0.0421875 0.2578125 0.0421875 0.26875 0.046875 0.278125 0.05 0.2921875 0.046875 0.2953125 0.0328125 0.296875 0.0234375 0.3171875 0.003125 0.3140625 0 0.303125 0.0015625 0.296875 0 0.25 0.0125 0.25
4 0.1984375 0.365625 0.1984375 0.3609375 0.203125 0.3578125 0.2125 0.359375 0.2125 0.3625 0.209375 0.365625 0.203125 0.3671875 0.2 0.365625
4 0.0546875 0.3890625 0.0578125 0.390625 0.0578125 0.39375 0.05 0.396875 0.0421875 0.396875 0.040625 0.390625 0.053125 0.3890625
4 0.7296875 0.4125 0.7328125 0.4140625 0.7328125 0.4203125 0.7296875 0.421875 0.7265625 0.41875 0.728125 0.4140625
4 0.2125 0.3578125 0.215625 0.359375 0.215625 0.3640625 0.2109375 0.3671875 0.1984375 0.365625 0.2 0.359375 0.2109375 0.3578125
4 0.0484375 0.3921875 0.046875 0.396875 0.0390625 0.3953125 0.040625 0.390625 0.046875 0.3921875
4 0.8625 0.459375 0.8671875 0.4625 0.8671875 0.4671875 0.8625 0.4671875 0.8609375 0.4625 0.8625 0.4609375
4 0.2109375 0.3515625 0.215625 0.35625 0.2140625 0.3609375 0.2109375 0.3625 0.2 0.3625 0.196875 0.35625 0.2046875 0.3515625 0.209375 0.3515625
4 0.13046875 0.3921875 0.01875 0.00859375