1 0.034375 0.3046875 0.0375 0.303125 0.0640625 0.3046875 0.075 0.3171875 0.0796875 0.334375 0.0796875 0.3546875 0.0765625 0.3578125 0.059375 0.3546875 0.046875 0.3359375 0.028125 0.328125 0.028125 0.31875 0.034375 0.30625
1 0.534375 0.5328125 0.5453125 0.534375 0.55625 0.5390625 0.5671875 0.546875 0.584375 0.5546875 0.5953125 0.5640625 0.609375 0.590625 0.6171875 0.5953125 0.6203125 0.6125 0.64375 0.634375 0.653125 0.653125 0.6546875 0.6921875 0.6515625 0.70625 0.6453125 0.7171875 0.640625 0.721875 0.6234375 0.728125 0.6125 0.728125 0.6 0.721875 0.590625 0.721875 0.5875 0.73125 0.58125 0.7359375 0.571875 0.7296875 0.565625 0.715625 0.5625 0.7 0.5578125 0.6953125 0.5125 0.6609375 0.50625 0.659375 0.4984375 0.6703125 0.4921875 0.6703125 0.4875 0.665625 0.4828125 0.6515625 0.4796875 0.628125 0.4796875 0.596875 0.4828125 0.575 0.490625 0.559375 0.5046875 0.5390625 0.5234375 0.53125 0.5328125 0.5328125
1 0 0.26875 0.0078125 0.26875 0.0109375 0.275 0.0109375 0.28125 0 0.28125 0 0.2703125
1 0.0953125 0.371875 0.1046875 0.3765625 0.1125 0.3890625 0.1125 0.39375 0.11875 0.4 0.121875 0.4 0.1203125 0.415625 0.1265625 0.4328125 0.1265625 0.4609375 0.121875 0.465625 0.115625 0.4609375 0.0875 0.4625 0.0828125 0.465625 0.078125 0.465625 0.0734375 0.4703125 0.06875 0.4703125 0.0671875 0.4671875 0.0640625 0.446875 0.0625 0.4453125 0.0546875 0.4484375 0.0515625 0.44375 0.05 0.4078125 0.0546875 0.3921875 0.0546875 0.3828125 0.0609375 0.371875 0.06875 0.3703125 0.09375 0.371875
1 0.7984375 0.2609375 0.803125 0.2734375 0.803125 0.2921875 0.7953125 0.3 0.7921875 0.2984375 0.790625 0.278125 0.78125 0.271875 0.78125 0.26875 0.7859375 0.2625 0.796875 0.2609375
1 0.03125 0.3328125 0.040625 0.334375 0.046875 0.3390625 0.0609375 0.3640625 0.0609375 0.3703125 0.053125 0.38125 0.053125 0.390625 0.0484375 0.4015625 0.025 0.403125 0.0203125 0.4078125 0.015625 0.4078125 0.0109375 0.3953125 0.009375 0.396875 0.003125 0.3953125 0.0015625 0.3625 0.00625 0.3390625 0.015625 0.3328125 0.0296875 0.3328125
1 0.8046875 0.3125 0.809375 0.315625 0.8171875 0.328125 0.81875 0.3484375 0.815625 0.35625 0.80625 0.353125 0.796875 0.365625 0.778125 0.35625 0.771875 0.35625 0.7640625 0.3625 0.7625 0.340625 0.7703125 0.3171875 0.784375 0.3109375 0.803125 0.3125
1 0.7328125 0.2546875 0.746875 0.25 0.7625 0.2515625 0.7609375 0.2765625 0.753125 0.2890625 0.7328125 0.2875 0.725 0.2765625 0.7234375 0.26875 0.7328125 0.25625
1 0.7171875 0.275 0.7265625 0.2796875 0.7296875 0.290625 0.7234375 0.3015625 0.715625 0.309375 0.7140625 0.315625 0.7109375 0.3171875 0.70625 0.315625 0.7046875 0.29375 0.7015625 0.290625 0.696875 0.290625 0.696875 0.284375 0.7046875 0.275 0.715625 0.275
1 0.75 0.290625 0.7546875 0.29375 0.7578125 0.30625 0.7578125 0.31875 0.753125 0.33125 0.74375 0.3375 0.715625 0.3359375 0.7140625 0.328125 0.715625 0.3171875 0.7296875 0.29375 0.7375 0.290625 0.7484375 0.290625
1 0.1796875 0.3421875 0.1953125 0.3546875 0.2015625 0.36875 0.2078125 0.375 0.2078125 0.3859375 0.2125 0.3921875 0.2171875 0.409375 0.2171875 0.43125 0.2125 0.4421875 0.1796875 0.440625 0.171875 0.4421875 0.1671875 0.4484375 0.1640625 0.4453125 0.1625 0.4359375 0.1578125 0.428125 0.1515625 0.4265625 0.15 0.4234375 0.1453125 0.4234375 0.1390625 0.428125 0.1375 0.4265625 0.1359375 0.4078125 0.1328125 0.3984375 0.1328125 0.3609375 0.1375 0.3421875 0.140625 0.3390625 0.1703125 0.3375 0.178125 0.3421875
1 0.7828125 0.2484375 0.7890625 0.2578125 0.778125 0.271875 0.765625 0.2734375 0.7625 0.2703125 0.7640625 0.253125 0.7671875 0.25 0.78125 0.2484375
1 0.8515625 0.2921875 0.8609375 0.29375 0.8609375 0.3046875 0.8578125 0.303125 0.8546875 0.296875 0.853125 0.2984375 0.853125 0.3140625 0.85 0.321875 0.84375 0.321875 0.8390625 0.3171875 0.8328125 0.3171875 0.8296875 0.3203125 0.8234375 0.3203125 0.821875 0.3171875 0.8234375 0.2890625 0.8265625 0.2828125 0.8265625 0.275 0.8296875 0.271875 0.84375 0.271875 0.8453125 0.2734375 0.8453125 0.290625 0.85 0.2921875
1 0.0078125 0.2765625 0.021875 0.290625 0.025 0.296875 0.028125 0.309375 0.0265625 0.3265625 0.025 0.328125 0.00625 0.328125 0.003125 0.3234375 0 0.3234375 0 0.2796875 0.00625 0.278125
1 0.2828125 0.4046875 0.284375 0.40625 0.2921875 0.4046875 0.2953125 0.4078125 0.30625 0.409375 0.3203125 0.4171875 0.334375 0.4296875 0.34375 0.45 0.3515625 0.45625 0.35 0.465625 0.3640625 0.4984375 0.3640625 0.5171875 0.365625 0.51875 0.3578125 0.5359375 0.35 0.534375 0.3234375 0.5359375 0.31875 0.5375 0.3109375 0.5453125 0.303125 0.54375 0.2984375 0.53125 0.2984375 0.525 0.2875 0.515625 0.2765625 0.5078125 0.26875 0.515625 0.2640625 0.515625 0.259375 0.50625 0.2578125 0.4546875 0.2625 0.4203125 0.26875 0.4078125 0.28125 0.4046875
1 0.86875 0.2484375 0.871875 0.253125 0.871875 0.265625 0.86875 0.271875 0.86875 0.2828125 0.865625 0.290625 0.8640625 0.2890625 0.8640625 0.25625 0.8671875 0.25
1 0.6796875 0.2921875 0.68125 0.29375 0.6890625 0.2921875 0.69375 0.296875 0.6953125 0.3109375 0.6921875 0.328125 0.6828125 0.33125 0.678125 0.3375 0.653125 0.3359375 0.6484375 0.33125 0.65 0.3125 0.65625 0.30625 0.6625 0.29375 0.678125 0.2921875
1 0.7640625 0.2734375 0.7875 0.275 0.790625 0.2828125 0.7921875 0.296875 0.7890625 0.3078125 0.7828125 0.3078125 0.7703125 0.315625 0.7640625 0.315625 0.759375 0.3109375 0.75625 0.2953125 0.7640625 0.275
3 0.2921875 0.2921875 0.2953125 0.29375 0.2984375 0.3 0.3015625 0.325 0.290625 0.3265625 0.2890625 0.3234375 0.2875 0.303125 0.290625 0.29375
3 0.80625 0.29375 0.8046875 0.2921875 0.80625 0.271875 0.809375 0.2703125 0.809375 0.290625 0.8078125 0.2921875
3 0.5453125 0.340625 0.546875 0.3421875 0.5546875 0.340625 0.5640625 0.3421875 0.565625 0.3453125 0.559375 0.353125 0.559375 0.3640625 0.55625 0.3734375 0.5453125 0.3734375 0.5421875 0.378125 0.5375 0.3765625 0.5375 0.359375 0.540625 0.353125 0.540625 0.3453125 0.54375 0.3421875
4 0.6609375 0.321875 0.6640625 0.325 0.6625 0.328125 0.65625 0.328125 0.65625 0.3234375 0.659375 0.321875
4 0.0640625 0.334375 0.0671875 0.3390625 0.0625 0.3421875 0.05625 0.3390625 0.0578125 0.334375 0.0625 0.334375
4 0.721875 0.328125 0.73125 0.328125 0.7296875 0.3328125 0.7234375 0.3328125 0.721875 0.3296875
4 0.1109375 0.446875 0.1125 0.4484375 0.1109375 0.45625 0.09375 0.45625 0.0921875 0.4546875 0.09375 0.4484375 0.109375 0.446875
4 0.6453125 0.6890625 0.65 0.6890625 0.65 0.696875 0.646875 0.7015625 0.640625 0.703125 0.6359375 0.7078125 0.63125 0.709375 0.628125 0.7078125 0.6296875 0.6984375 0.6453125 0.690625
4 0.2015625 0.425 0.203125 0.4328125 0.2015625 0.4359375 0.1953125 0.4375 0.19375 0.4265625 0.2 0.425
4 0.7703125 0.334375 0.775 0.334375 0.778125 0.3390625 0.7765625 0.3421875 0.7703125 0.3421875 0.76875 0.3390625 0.7703125 0.3359375
4 0.05625 0.35 0.059375 0.3515625 0.059375 0.3578125 0.05625 0.3515625
4 0.3359375 0.5234375 0.3375 0.515625 0.35 0.5125 0.3515625 0.5125 0.35 0.521875 0.3375 0.5234375