1 0.03125 0.2765625 0.0375 0.2796875 0.04375 0.2890625 0.053125 0.296875 0.0546875 0.3 0.0546875 0.315625 0.053125 0.3171875 0.0453125 0.3171875 0.0421875 0.2921875 0.0359375 0.28125 0.0328125 0.2828125 0.0296875 0.2921875 0.01875 0.2890625 0.0078125 0.290625 0.003125 0.2875 0.003125 0.2796875 0.0078125 0.2765625 0.0140625 0.275 0.0296875 0.2765625
1 0.071875 0.384375 0.115625 0.384375 0.11875 0.3875 0.1328125 0.4203125 0.1421875 0.421875 0.1421875 0.4265625 0.1375 0.43125 0.1375 0.4375 0.14375 0.4484375 0.146875 0.471875 0.1453125 0.4921875 0.1375 0.496875 0.1359375 0.5015625 0.1328125 0.496875 0.128125 0.4953125 0.0875 0.5015625 0.08125 0.509375 0.08125 0.5125 0.078125 0.515625 0.0734375 0.515625 0.071875 0.49375 0.0703125 0.4890625 0.0625 0.48125 0.0609375 0.446875 0.059375 0.4453125 0.0609375 0.4125 0.06875 0.3890625 0.071875 0.3859375
1 0.4453125 0.35 0.459375 0.3546875 0.4765625 0.3734375 0.4875 0.378125 0.49375 0.3875 0.4921875 0.4171875 0.4890625 0.421875 0.4796875 0.4265625 0.4703125 0.4265625 0.4640625 0.4203125 0.4546875 0.4171875 0.4234375 0.415625 0.4171875 0.4234375 0.409375 0.4234375 0.40625 0.4203125 0.403125 0.4109375 0.403125 0.3875 0.40625 0.3703125 0.4109375 0.359375 0.4265625 0.35 0.44375 0.35
1 0.209375 0.3296875 0.2203125 0.334375 0.2234375 0.340625 0.228125 0.34375 0.240625 0.365625 0.240625 0.3828125 0.2390625 0.3875 0.234375 0.390625 0.2296875 0.3875 0.2078125 0.3875 0.203125 0.390625 0.1984375 0.38125 0.196875 0.36875 0.1875 0.3546875 0.18125 0.3484375 0.171875 0.3453125 0.1765625 0.334375 0.184375 0.3296875 0.2078125 0.3296875
1 0 0.3265625 0.03125 0.328125 0.040625 0.3359375 0.04375 0.3453125 0.0484375 0.35 0.05 0.359375 0.053125 0.3640625 0.05625 0.3859375 0.053125 0.396875 0.05 0.396875 0.0453125 0.3921875 0.025 0.3921875 0.0140625 0.3953125 0.0125 0.3984375 0.00625 0.396875 0.003125 0.3875 0 0.328125
1 0.353125 0.4234375 0.365625 0.4296875 0.3765625 0.4390625 0.3890625 0.459375 0.3921875 0.4703125 0.403125 0.484375 0.403125 0.4921875 0.396875 0.490625 0.390625 0.503125 0.3703125 0.509375 0.36875 0.5125 0.36875 0.546875 0.365625 0.5453125 0.3609375 0.5484375 0.353125 0.5453125 0.3484375 0.5296875 0.3328125 0.5203125 0.33125 0.5171875 0.3203125 0.5109375 0.3140625 0.5171875 0.309375 0.5171875 0.30625 0.5109375 0.3046875 0.4984375 0.3046875 0.4546875 0.3078125 0.4484375 0.309375 0.4328125 0.31875 0.425 0.3296875 0.421875 0.3515625 0.4234375
1 0.6875 0.2828125 0.6921875 0.284375 0.6953125 0.2921875 0.6953125 0.3140625 0.6921875 0.3296875 0.6875 0.3328125 0.684375 0.33125 0.684375 0.3171875 0.678125 0.3046875 0.6734375 0.3125 0.6703125 0.33125 0.653125 0.3328125 0.65 0.3359375 0.646875 0.3359375 0.64375 0.33125 0.64375 0.3140625 0.6515625 0.30625 0.65625 0.29375 0.6671875 0.284375 0.6859375 0.2828125
1 0.0765625 0.31875 0.08125 0.321875 0.1 0.3234375 0.1125 0.3390625 0.1203125 0.3546875 0.1203125 0.3734375 0.1171875 0.38125 0.1125 0.378125 0.08125 0.378125 0.0765625 0.38125 0.071875 0.371875 0.059375 0.36875 0.05625 0.359375 0.05625 0.34375 0.059375 0.328125 0.065625 0.3203125 0.075 0.31875
1 0.7703125 0.275 0.7765625 0.2796875 0.778125 0.2859375 0.778125 0.3109375 0.7765625 0.315625 0.7703125 0.3203125 0.7625 0.3203125 0.7609375 0.3015625 0.75625 0.2890625 0.7515625 0.2859375 0.7546875 0.278125 0.7609375 0.275 0.76875 0.275
1 0.0875 0.2875 0.0953125 0.2921875 0.1 0.3 0.103125 0.309375 0.103125 0.3171875 0.1 0.321875 0.0796875 0.3171875 0.0703125 0.3171875 0.059375 0.321875 0.059375 0.303125 0.0625 0.2921875 0.071875 0.2875 0.0859375 0.2875
1 0 0.29375 0.0125 0.290625 0.025 0.2921875 0.03125 0.296875 0.04375 0.3140625 0.0421875 0.3328125 0.0265625 0.3234375 0.0125 0.321875 0.0015625 0.3109375 0 0.2953125
1 0.16875 0.346875 0.184375 0.3546875 0.1953125 0.375 0.203125 0.3984375 0.203125 0.41875 0.2015625 0.4234375 0.1984375 0.425 0.190625 0.4203125 0.175 0.4203125 0.1671875 0.421875 0.1609375 0.428125 0.1578125 0.428125 0.15 0.4171875 0.1421875 0.4140625 0.1359375 0.415625 0.1328125 0.4125 0.1296875 0.4015625 0.1296875 0.378125 0.1328125 0.35625 0.1359375 0.35 0.1671875 0.346875
1 0.1328125 0.296875 0.1421875 0.303125 0.15 0.315625 0.1546875 0.3453125 0.1375 0.346875 0.13125 0.3515625 0.1234375 0.353125 0.11875 0.35 0.115625 0.3375 0.10625 0.3234375 0.1046875 0.303125 0.1078125 0.296875 0.13125 0.296875
1 0.7546875 0.2890625 0.759375 0.3 0.7609375 0.321875 0.7578125 0.3296875 0.75 0.3328125 0.746875 0.3375 0.7328125 0.3359375 0.7203125 0.3375 0.715625 0.334375 0.715625 0.3234375 0.7203125 0.3046875 0.728125 0.2921875 0.740625 0.2875 0.753125 0.2890625
3 0.8140625 0.275 0.8171875 0.2796875 0.8171875 0.2953125 0.8078125 0.2984375 0.8046875 0.296875 0.8046875 0.284375 0.8078125 0.275 0.809375 0.2734375 0.8125 0.275
3 0.6828125 0.3328125 0.684375 0.3375 0.6828125 0.353125 0.68125 0.359375 0.675 0.3671875 0.6703125 0.3625 0.671875 0.3375 0.675 0.3328125 0.678125 0.33125 0.68125 0.3328125
3 0.80859375 0.3421875 0.01796875 0.0359375
3 0.76875 0.2546875 0.7734375 0.2578125 0.771875 0.275 0.7671875 0.275 0.7640625 0.271875 0.7640625 0.2609375 0.7671875 0.25625
3 0.4171875 0.5171875 0.428125 0.528125 0.428125 0.5390625 0.4234375 0.55 0.4234375 0.5671875 0.434375 0.5953125 0.434375 0.615625 0.428125 0.6265625 0.4203125 0.6203125 0.4171875 0.6046875 0.4125 0.5984375 0.4 0.596875 0.3953125 0.6015625 0.3921875 0.6015625 0.3875 0.5984375 0.3828125 0.5875 0.3828125 0.5640625 0.3796875 0.5578125 0.38125 0.5484375 0.3859375 0.5421875 0.390625 0.546875 0.390625 0.5578125 0.3953125 0.5671875 0.396875 0.578125 0.4015625 0.58125 0.40625 0.5765625 0.40625 0.5671875 0.4046875 0.5578125 0.3984375 0.54375 0.3984375 0.5359375 0.40625 0.528125 0.4109375 0.51875 0.415625 0.5171875
4 0.096875 0.365625 0.1015625 0.3703125 0.0984375 0.3734375 0.09375 0.3734375 0.0921875 0.36875 0.0953125 0.3671875
4 0.2359375 0.3734375 0.2375 0.378125 0.234375 0.38125 0.225 0.38125 0.2265625 0.375 0.234375 0.3734375
4 0.1109375 0.3671875 0.1109375 0.3703125 0.1046875 0.371875 0.09375 0.371875 0.09375 0.36875 0.109375 0.3671875
4 0.1046875 0.4890625 0.125 0.4875 0.125 0.4921875 0.121875 0.4953125 0.1078125 0.496875 0.1046875 0.4953125 0.1046875 0.490625
4 0.1953125 0.4046875 0.19375 0.4109375 0.1890625 0.4125 0.18125 0.4125 0.18125 0.40625 0.19375 0.4046875
4 0.0359375 0.38125 0.0203125 0.01015625