1 0.03125 0.26875 0.053125 0.26875 0.059375 0.2734375 0.059375 0.278125 0.053125 0.284375 0.0515625 0.2921875 0.0453125 0.29375 0.0390625 0.290625 0.0328125 0.290625 0.028125 0.2859375 0.03125 0.2703125
1 0.140625 0.309375 0.159375 0.3125 0.1671875 0.321875 0.1734375 0.325 0.171875 0.3265625 0.140625 0.3234375 0.125 0.325 0.13125 0.3125 0.134375 0.309375 0.1390625 0.309375
1 0.0171875 0.2546875 0.021875 0.2578125 0.0234375 0.26875 0.0140625 0.271875 0.0109375 0.275 0.0109375 0.2796875 0.0046875 0.2765625 0.0046875 0.2625 0.0109375 0.2546875 0.015625 0.2546875
1 0.0828125 0.3640625 0.0953125 0.36875 0.10625 0.38125 0.1234375 0.421875 0.125 0.4453125 0.11875 0.4578125 0.1140625 0.4578125 0.1109375 0.4515625 0.0890625 0.4515625 0.0875 0.453125 0.0828125 0.4515625 0.0734375 0.453125 0.06875 0.4609375 0.065625 0.4609375 0.0625 0.446875 0.0453125 0.43125 0.04375 0.409375 0.0390625 0.396875 0.0390625 0.3890625 0.04375 0.3796875 0.053125 0.36875 0.0671875 0.3640625 0.08125 0.3640625
1 0.69375 0.2921875 0.6984375 0.30625 0.6953125 0.328125 0.68125 0.33125 0.678125 0.3375 0.65 0.3328125 0.6484375 0.31875 0.6515625 0.3109375 0.659375 0.3015625 0.659375 0.2984375 0.665625 0.2921875 0.68125 0.2921875 0.6828125 0.290625 0.6921875 0.2921875
1 0.0515625 0.259375 0.05625 0.26875 0.0359375 0.265625 0.040625 0.2578125 0.05 0.259375
1 0.0390625 0.29375 0.0421875 0.2953125 0.0421875 0.2984375 0.0390625 0.303125 0.034375 0.3328125 0.021875 0.3265625 0.015625 0.309375 0.0171875 0.3015625 0.021875 0.29375 0.025 0.2921875 0.0375 0.29375
1 0.809375 0.240625 0.815625 0.2421875 0.81875 0.246875 0.81875 0.265625 0.8109375 0.2703125 0.7890625 0.2703125 0.7890625 0.2546875 0.7984375 0.2421875 0.8078125 0.240625
1 0.0671875 0.2984375 0.0734375 0.3 0.0859375 0.3109375 0.0859375 0.315625 0.090625 0.325 0.090625 0.3359375 0.0828125 0.3328125 0.0703125 0.346875 0.06875 0.3625 0.059375 0.3625 0.05625 0.365625 0.0515625 0.365625 0.0421875 0.346875 0.0375 0.3359375 0.0375 0.3234375 0.040625 0.303125 0.04375 0.296875 0.065625 0.2984375
1 0.0796875 0.2796875 0.090625 0.2953125 0.090625 0.3015625 0.0875 0.3078125 0.084375 0.3078125 0.075 0.2984375 0.053125 0.29375 0.053125 0.2875 0.0578125 0.2796875 0.078125 0.2796875
1 0.0234375 0.3296875 0.0328125 0.334375 0.0390625 0.3421875 0.0484375 0.365625 0.0484375 0.3703125 0.0359375 0.3828125 0.0328125 0.3828125 0.028125 0.378125 0.0203125 0.38125 0.0140625 0.3875 0.0140625 0.3953125 0.009375 0.403125 0.003125 0.4 0.0015625 0.390625 0 0.334375 0.021875 0.3296875
1 0.015625 0.284375 0.021875 0.2921875 0.0171875 0.2984375 0.0140625 0.3140625 0 0.3109375 0 0.284375 0.0015625 0.2828125 0.0140625 0.284375
1 0.1390625 0.325 0.1421875 0.328125 0.184375 0.3296875 0.1921875 0.3359375 0.203125 0.353125 0.215625 0.3546875 0.23125 0.3625 0.234375 0.3734375 0.234375 0.3890625 0.2171875 0.4109375 0.2078125 0.415625 0.2 0.409375 0.1984375 0.4046875 0.1921875 0.3984375 0.171875 0.3984375 0.1703125 0.4 0.1609375 0.3984375 0.1546875 0.4015625 0.1453125 0.4125 0.1359375 0.415625 0.1296875 0.4109375 0.121875 0.3953125 0.1125 0.390625 0.109375 0.3859375 0.1078125 0.38125 0.109375 0.353125 0.1140625 0.3390625 0.121875 0.328125 0.1375 0.3265625
1 0.28125 0.3453125 0.2796875 0.3421875 0.2671875 0.3421875 0.2625 0.346875 0.259375 0.346875 0.2515625 0.340625 0.2375 0.3390625 0.2359375 0.31875 0.24375 0.2984375 0.2515625 0.2921875 0.2828125 0.29375 0.2859375 0.3 0.2875 0.3140625 0.2875 0.3421875 0.2859375 0.3453125 0.2828125 0.3453125
1 0.1359375 0.275 0.1421875 0.2796875 0.146875 0.29375 0.1453125 0.3078125 0.1359375 0.3078125 0.121875 0.2953125 0.1109375 0.2921875 0.1109375 0.2828125 0.1171875 0.275 0.134375 0.275
1 0.025 0.2703125 0.028125 0.275 0.028125 0.2828125 0.025 0.290625 0.0109375 0.2796875 0.0140625 0.271875 0.0234375 0.2703125
1 0.1078125 0.2953125 0.125 0.3 0.13125 0.309375 0.1296875 0.3171875 0.1140625 0.334375 0.0953125 0.33125 0.0890625 0.315625 0.0921875 0.2984375 0.0953125 0.2953125 0.10625 0.2953125
1 0 0.3140625 0.0140625 0.3140625 0.021875 0.328125 0.0203125 0.3328125 0.015625 0.33125 0 0.3328125 0 0.315625
3 0.7859375 0.3421875 0.7859375 0.3296875 0.790625 0.3171875 0.7984375 0.3171875 0.7984375 0.3421875 0.7875 0.3421875
3 0.0390625 0.4109375 0.0421875 0.4171875 0.04375 0.4296875 0.0421875 0.46875 0.040625 0.4703125 0.0375 0.46875 0.0328125 0.45625 0.0328125 0.440625 0.03125 0.4390625 0.03125 0.4171875 0.0375 0.4109375
3 0.034375 0.409375 0.0390625 0.4078125 0.0421875 0.415625 0.04375 0.428125 0.0421875 0.46875 0.0390625 0.4703125 0.03125 0.4578125 0.025 0.4578125 0.021875 0.44375 0.0234375 0.434375 0.028125 0.4265625 0.0265625 0.4171875 0.028125 0.4140625 0.034375 0.4109375
3 0.0734375 0.34375 0.0859375 0.334375 0.090625 0.340625 0.0921875 0.3578125 0.0953125 0.3640625 0.0921875 0.365625 0.0875 0.3625 0.071875 0.3625 0.0703125 0.35 0.0734375 0.3453125
3 0.76640625 0.27421875 0.009375 0.0265625
3 0.2921875 0.2890625 0.2984375 0.2984375 0.3015625 0.3234375 0.2984375 0.3265625 0.290625 0.3265625 0.2890625 0.3234375 0.2875 0.296875 0.290625 0.290625
3 0.44765625 0.353125 0.034375 0.0359375
4 0.1078125 0.4375 0.1109375 0.4390625 0.109375 0.4453125 0.096875 0.44375 0.0984375 0.4390625 0.10625 0.4390625
4 0.65625 0.3234375 0.659375 0.321875 0.6625 0.3234375 0.6609375 0.328125 0.65625 0.328125 0.65625 0.325