0 0.3203125 0.2484375 0.3375 0.2546875 0.34375 0.259375 0.35 0.2828125 0.3515625 0.3109375 0.3484375 0.3265625 0.321875 0.328125 0.31875 0.33125 0.3140625 0.33125 0.309375 0.3234375 0.3046875 0.3234375 0.2921875 0.3 0.278125 0.290625 0.275 0.2765625 0.278125 0.265625 0.2765625 0.2640625 0.278125 0.253125 0.284375 0.2421875 0.290625 0.2390625 0.3078125 0.2390625 0.3140625 0.2421875 0.31875 0.2484375
1 0.9671875 0.275 0.971875 0.2796875 0.9734375 0.290625 0.9625 0.2953125 0.953125 0.30625 0.9484375 0.29375 0.94375 0.2890625 0.94375 0.2828125 0.9515625 0.275 0.965625 0.275
1 0.959375 0.2734375 0.9640625 0.2671875 0.9703125 0.265625 0.9828125 0.2671875 0.9875 0.275 0.9875 0.284375 0.9828125 0.29375 0.975 0.29375 0.971875 0.2796875 0.965625 0.275 0.9609375 0.275
1 0.978125 0.2953125 0.9875 0.296875 0.9921875 0.3 0.996875 0.3125 0.9953125 0.321875 0.9890625 0.33125 0.965625 0.33125 0.9640625 0.3328125 0.959375 0.33125 0.9546875 0.3078125 0.9625 0.296875 0.9765625 0.2953125
1 0.9421875 0.2828125 0.9421875 0.2875 0.95 0.3015625 0.9484375 0.3046875 0.934375 0.3046875 0.934375 0.284375 0.940625 0.2828125
1 0.2296875 0.259375 0.240625 0.2640625 0.246875 0.275 0.2484375 0.3 0.2265625 0.303125 0.2234375 0.303125 0.215625 0.29375 0.2140625 0.271875 0.21875 0.2625 0.228125 0.259375
1 0.28125 0.2953125 0.290625 0.3 0.3 0.31875 0.3015625 0.3421875 0.3 0.34375 0.278125 0.34375 0.2734375 0.346875 0.2640625 0.3375 0.25625 0.3359375 0.25625 0.3140625 0.2578125 0.3046875 0.2625 0.296875 0.2796875 0.2953125
1 0.9390625 0.4015625 0.9375 0.396875 0.9390625 0.375 0.959375 0.3390625 0.965625 0.334375 0.9890625 0.334375 0.990625 0.3328125 0.9984375 0.3359375 0.9984375 0.3796875 0.9921875 0.40625 0.9765625 0.3984375 0.9515625 0.3984375 0.9453125 0.403125 0.940625 0.4015625
1 0.8625 0.2921875 0.871875 0.29375 0.8765625 0.2984375 0.88125 0.31875 0.88125 0.328125 0.8734375 0.33125 0.8671875 0.3375 0.859375 0.3578125 0.8546875 0.3640625 0.846875 0.3609375 0.828125 0.3609375 0.821875 0.36875 0.8171875 0.36875 0.8140625 0.3578125 0.8140625 0.3390625 0.821875 0.3234375 0.821875 0.315625 0.828125 0.3109375 0.8359375 0.3 0.85 0.29375 0.8609375 0.2921875
1 0.2171875 0.24375 0.2234375 0.2484375 0.225 0.25625 0.2140625 0.2671875 0.2125 0.284375 0.20625 0.284375 0.196875 0.2796875 0.1953125 0.2609375 0.2015625 0.24375 0.215625 0.24375
1 0.9984375 0.2828125 0.9984375 0.3015625 0.9953125 0.303125 0.9875 0.2953125 0.9875 0.2875 0.9890625 0.284375 0.996875 0.2828125
1 0.8921875 0.328125 0.89375 0.3296875 0.8953125 0.328125 0.9109375 0.3296875 0.9171875 0.3640625 0.9140625 0.3859375 0.9109375 0.3875 0.9046875 0.3828125 0.896875 0.396875 0.8765625 0.390625 0.865625 0.390625 0.8609375 0.3953125 0.8578125 0.3953125 0.8546875 0.390625 0.85625 0.3671875 0.8625 0.35625 0.865625 0.34375 0.8734375 0.3328125 0.8796875 0.3328125 0.890625 0.328125
1 0.95 0.3078125 0.95625 0.321875 0.95625 0.3375 0.9484375 0.3484375 0.9421875 0.3625 0.91875 0.3609375 0.9125 0.325 0.91875 0.3140625 0.9265625 0.3078125 0.9359375 0.30625 0.9484375 0.3078125
5 0.8765625 0.2546875 0.8953125 0.246875 0.934375 0.246875 0.9359375 0.2484375 0.9328125 0.303125 0.9296875 0.30625 0.921875 0.3078125 0.9109375 0.3203125 0.9015625 0.3265625 0.8953125 0.3234375 0.8828125 0.321875 0.8796875 0.3 0.871875 0.2875 0.8765625 0.25625
3 0.7765625 0.3234375 0.7796875 0.33125 0.7875 0.3390625 0.7828125 0.3609375 0.7734375 0.3640625 0.7765625 0.325
3 0.5421875 0.328125 0.55 0.3296875 0.55 0.3375 0.5578125 0.3484375 0.5578125 0.3625 0.553125 0.365625 0.546875 0.35625 0.5359375 0.35625 0.53125 0.3640625 0.5265625 0.3640625 0.5234375 0.35625 0.5234375 0.3390625 0.5328125 0.3390625 0.5375 0.3421875 0.5421875 0.3375 0.5421875 0.3296875
3 0.3765625 0.3140625 0.3828125 0.3125 0.3875 0.325 0.3859375 0.3453125 0.3765625 0.340625 0.3734375 0.3359375 0.3734375 0.3234375 0.3765625 0.315625
4 0.953125 0.3890625 0.96875 0.3890625 0.9703125 0.390625 0.96875 0.3953125 0.959375 0.3953125 0.953125 0.390625
4 0.865625 0.3796875 0.8765625 0.3796875 0.8828125 0.384375 0.88125 0.3875 0.871875 0.3875 0.865625 0.3859375 0.8640625 0.3828125 0.865625 0.38125
4 0.928125 0.35 0.9296875 0.3515625 0.928125 0.35625 0.921875 0.3578125 0.9171875 0.35625 0.9171875 0.353125 0.921875 0.35 0.9265625 0.35