1 0.0609375 0.303125 0.0609375 0.29375 0.0671875 0.2828125 0.0765625 0.284375 0.0734375 0.2984375 0.0734375 0.3109375 0.0640625 0.30625 0.0625 0.303125
1 0.0171875 0.26875 0.0328125 0.26875 0.034375 0.2703125 0.0296875 0.275 0.028125 0.2828125 0.0203125 0.2859375 0.0140625 0.2796875 0.0140625 0.2734375 0.0171875 0.2703125
1 0.046875 0.275 0.0625 0.275 0.06875 0.2796875 0.06875 0.284375 0.0609375 0.29375 0.059375 0.303125 0.040625 0.303125 0.0375 0.3015625 0.0375 0.2875 0.0390625 0.2828125 0.046875 0.2765625
1 0 0.278125 0.0078125 0.2796875 0.009375 0.284375 0.0046875 0.290625 0 0.290625 0 0.2796875
1 0 0.29375 0.0046875 0.2921875 0.021875 0.29375 0.03125 0.30625 0.03125 0.315625 0.034375 0.3234375 0.034375 0.3296875 0.03125 0.334375 0.025 0.33125 0.01875 0.321875 0.003125 0.3203125 0 0.3171875 0 0.2953125
1 0.6578125 0.4078125 0.68125 0.4125 0.6875 0.41875 0.690625 0.4265625 0.696875 0.43125 0.696875 0.440625 0.7 0.45 0.6984375 0.4828125 0.69375 0.4859375 0.6859375 0.4828125 0.6765625 0.490625 0.6734375 0.5078125 0.6703125 0.5125 0.665625 0.5125 0.6640625 0.50625 0.65625 0.4984375 0.6453125 0.4953125 0.6296875 0.4953125 0.6265625 0.5015625 0.621875 0.503125 0.61875 0.5 0.6171875 0.4890625 0.6140625 0.484375 0.615625 0.453125 0.621875 0.425 0.6265625 0.41875 0.640625 0.409375 0.65625 0.4078125
1 0.01875 0.34375 0.025 0.340625 0.0453125 0.340625 0.053125 0.34375 0.059375 0.35 0.065625 0.3625 0.0734375 0.3796875 0.0765625 0.3953125 0.0765625 0.4109375 0.075 0.4125 0.0640625 0.4109375 0.0328125 0.4125 0.025 0.4015625 0.0171875 0.4015625 0.0109375 0.3953125 0.0109375 0.3703125 0.0140625 0.3625 0.0140625 0.353125 0.01875 0.3453125
1 0.1984375 0.71875 0.2046875 0.721875 0.21875 0.7234375 0.234375 0.7296875 0.2359375 0.7328125 0.2421875 0.734375 0.25 0.740625 0.2875 0.7546875 0.30625 0.7671875 0.3125 0.76875 0.325 0.79375 0.325 0.803125 0.328125 0.8140625 0.328125 0.8484375 0.3234375 0.8578125 0.321875 0.8703125 0.3140625 0.8921875 0.3046875 0.8984375 0.2984375 0.8984375 0.2921875 0.8921875 0.2875 0.8921875 0.278125 0.896875 0.2546875 0.9203125 0.25 0.921875 0.2375 0.9359375 0.209375 0.959375 0.1984375 0.971875 0.1875 0.9796875 0.184375 0.984375 0.1875 0.9953125 0.18125 0.9984375 0.1515625 0.9984375 0.15 0.996875 0.1484375 0.9984375 0.0859375 0.9984375 0.084375 0.996875 0.075 0.9984375 0.06875 0.996875 0.0578125 0.9859375 0.0484375 0.971875 0.046875 0.9625 0.046875 0.925 0.0515625 0.9015625 0.05 0.8625 0.0515625 0.8609375 0.0515625 0.8453125 0.059375 0.8125 0.065625 0.79375 0.071875 0.784375 0.0953125 0.76875 0.1015625 0.7671875 0.128125 0.75 0.146875 0.7421875 0.165625 0.7296875 0.1734375 0.728125 0.1921875 0.71875 0.196875 0.71875
1 0.115625 0.346875 0.1328125 0.3515625 0.15 0.371875 0.15 0.3765625 0.15625 0.384375 0.1609375 0.396875 0.1609375 0.4109375 0.15625 0.421875 0.146875 0.4171875 0.11875 0.4203125 0.1078125 0.403125 0.103125 0.403125 0.0953125 0.4109375 0.0890625 0.409375 0.084375 0.39375 0.084375 0.3703125 0.0890625 0.365625 0.096875 0.35 0.1078125 0.35 0.1140625 0.346875
1 0.6984375 0.3078125 0.7078125 0.309375 0.7171875 0.3171875 0.7203125 0.33125 0.71875 0.346875 0.7078125 0.35 0.7015625 0.359375 0.6953125 0.35625 0.671875 0.35625 0.6703125 0.3390625 0.678125 0.321875 0.6875 0.309375 0.696875 0.309375
1 0.775 0.3140625 0.8015625 0.3125 0.809375 0.31875 0.8140625 0.3328125 0.8125 0.353125 0.8109375 0.35625 0.803125 0.359375 0.7984375 0.36875 0.7890625 0.3625 0.78125 0.3609375 0.7734375 0.3609375 0.76875 0.365625 0.7640625 0.365625 0.7625 0.35 0.7640625 0.334375 0.775 0.315625
1 0.0421875 0.271875 0.046875 0.2765625 0.0390625 0.2828125 0.0359375 0.2953125 0.028125 0.2859375 0.028125 0.2796875 0.03125 0.2734375 0.040625 0.271875
1 0.028125 0.2828125 0.0359375 0.296875 0.0359375 0.303125 0.03125 0.30625 0.0203125 0.29375 0.0046875 0.290625 0.0125 0.2859375 0.0265625 0.284375
1 0.0640625 0.3078125 0.065625 0.3140625 0.059375 0.31875 0.0546875 0.340625 0.040625 0.3375 0.0375 0.334375 0.034375 0.321875 0.034375 0.309375 0.0390625 0.3046875 0.059375 0.3046875 0.0625 0.3078125
1 0.1 0.2796875 0.10625 0.284375 0.1078125 0.2921875 0.1078125 0.3296875 0.096875 0.3171875 0.084375 0.3125 0.0765625 0.3125 0.075 0.3 0.078125 0.284375 0.0875 0.2796875 0.0984375 0.2796875
1 0.3140625 0.3234375 0.3203125 0.3328125 0.3203125 0.340625 0.3265625 0.3578125 0.3265625 0.3765625 0.3234375 0.3921875 0.31875 0.390625 0.31875 0.3875 0.3140625 0.3828125 0.29375 0.3828125 0.2859375 0.3921875 0.2828125 0.3859375 0.278125 0.38125 0.2734375 0.38125 0.2703125 0.3765625 0.271875 0.34375 0.2734375 0.3375 0.2796875 0.3328125 0.2828125 0.325 0.2875 0.321875 0.3109375 0.321875 0.3125 0.3234375
1 0 0.321875 0.015625 0.3234375 0.021875 0.328125 0.025 0.334375 0.025 0.3375 0.0171875 0.34375 0.0125 0.3546875 0.0125 0.3640625 0.009375 0.371875 0.0109375 0.3828125 0.0078125 0.3875 0 0.3875 0 0.3234375
1 0.090625 0.3171875 0.1015625 0.325 0.1125 0.346875 0.10625 0.35 0.0984375 0.35 0.0921875 0.3546875 0.090625 0.3609375 0.0828125 0.371875 0.08125 0.3875 0.0765625 0.384375 0.0765625 0.3796875 0.06875 0.3671875 0.0625 0.35 0.05625 0.3421875 0.05625 0.3375 0.059375 0.321875 0.065625 0.3140625 0.0765625 0.3171875 0.0890625 0.3171875
3 0.1203125 0.453125 0.121875 0.453125 0.1203125 0.46875 0.1234375 0.484375 0.1234375 0.5046875 0.11875 0.521875 0.1140625 0.5203125 0.1109375 0.509375 0.1078125 0.50625 0.1046875 0.5078125 0.0984375 0.4984375 0.1 0.4796875 0.10625 0.46875 0.1078125 0.4515625 0.1109375 0.4484375 0.115625 0.4484375 0.11875 0.453125
3 0.8234375 0.265625 0.8296875 0.2671875 0.8296875 0.2859375 0.828125 0.2875 0.8203125 0.2859375 0.8203125 0.2765625 0.8234375 0.2671875
3 0.9953125 0.509375 0.9984375 0.5125 0.9984375 0.5625 0.9828125 0.578125 0.971875 0.5765625 0.9671875 0.5703125 0.9640625 0.5609375 0.9640625 0.55 0.96875 0.5390625 0.975 0.5359375 0.98125 0.5359375 0.984375 0.5328125 0.9828125 0.5171875 0.9890625 0.509375 0.99375 0.509375
3 0.7265625 0.321875 0.73125 0.321875 0.734375 0.328125 0.734375 0.3453125 0.7328125 0.35 0.7265625 0.35625 0.7234375 0.3375 0.7265625 0.3234375
3 0.8609375 0.2921875 0.8625 0.303125 0.8578125 0.315625 0.85625 0.296875 0.8546875 0.2953125 0.853125 0.296875 0.8515625 0.321875 0.846875 0.321875 0.8453125 0.3171875 0.846875 0.2953125 0.8515625 0.2921875 0.859375 0.2921875
5 0.1453125 0.265625 0.1546875 0.26875 0.1671875 0.26875 0.1703125 0.271875 0.1796875 0.271875 0.1875 0.275 0.1890625 0.2828125 0.1859375 0.2890625 0.1859375 0.296875 0.19375 0.315625 0.2 0.31875 0.2 0.325 0.196875 0.3296875 0.196875 0.3640625 0.1921875 0.36875 0.1921875 0.371875 0.1875 0.375 0.184375 0.3734375 0.18125 0.3671875 0.1609375 0.36875 0.1546875 0.3765625 0.146875 0.3671875 0.14375 0.359375 0.1328125 0.3484375 0.1171875 0.3453125 0.1125 0.340625 0.109375 0.3328125 0.109375 0.3 0.10625 0.28125 0.1078125 0.26875 0.11875 0.2640625 0.14375 0.265625
4 0.1890625 0.3484375 0.1890625 0.3515625 0.184375 0.35625 0.18125 0.35 0.1875 0.3484375
4 0.30625 0.35625 0.3109375 0.35625 0.3109375 0.3640625 0.3046875 0.3625 0.30625 0.3578125
4 0.1359375 0.409375 0.15 0.409375 0.146875 0.415625 0.134375 0.415625 0.1359375 0.4109375
4 0 0.359375 0.003125 0.365625 0 0.3703125 0 0.3609375
4 0.084375 0.984375 0.090625 0.9890625 0.0921875 0.9984375 0.0734375 0.9984375 0.075 0.98125 0.078125 0.9796875 0.0828125 0.984375
4 0.0578125 0.396875 0.0640625 0.3984375 0.0640625 0.4015625 0.0609375 0.403125 0.0453125 0.4015625 0.0484375 0.396875 0.05625 0.396875
4 0.184375 0.3484375 0.1859375 0.3515625 0.184375 0.35625 0.1734375 0.35625 0.1734375 0.353125 0.178125 0.3484375 0.1828125 0.3484375
4 0.63125 0.4671875 0.6421875 0.4671875 0.640625 0.4796875 0.63125 0.478125 0.63125 0.46875
4 0 0.359375 0.003125 0.365625 0 0.3703125 0 0.3609375
4 0.78125 0.34296875 0.01015625 0.01015625