1 0.9671875 0.26875 0.9703125 0.2859375 0.965625 0.290625 0.959375 0.290625 0.953125 0.29375 0.946875 0.2921875 0.9453125 0.284375 0.9390625 0.278125 0.9390625 0.2734375 0.9453125 0.26875 0.965625 0.26875
1 0.8546875 0.309375 0.85625 0.3109375 0.8640625 0.309375 0.8734375 0.321875 0.8734375 0.325 0.8578125 0.3234375 0.840625 0.3265625 0.825 0.325 0.83125 0.321875 0.8390625 0.3125 0.853125 0.309375
1 0.9875 0.2546875 0.99375 0.2625 0.99375 0.2765625 0.9890625 0.2796875 0.984375 0.271875 0.975 0.26875 0.9765625 0.2578125 0.98125 0.2546875 0.9859375 0.2546875
1 0.93125 0.3640625 0.9453125 0.36875 0.9546875 0.3796875 0.959375 0.3890625 0.959375 0.396875 0.9546875 0.409375 0.953125 0.43125 0.9359375 0.446875 0.9328125 0.4609375 0.9296875 0.4609375 0.925 0.453125 0.915625 0.4515625 0.9125 0.453125 0.8875 0.4515625 0.884375 0.4578125 0.8796875 0.4578125 0.8734375 0.4453125 0.875 0.421875 0.8796875 0.4078125 0.8953125 0.3765625 0.90625 0.3671875 0.915625 0.3640625 0.9296875 0.3640625
1 0.3046875 0.2921875 0.3078125 0.290625 0.3328125 0.2921875 0.3390625 0.2984375 0.3390625 0.3015625 0.346875 0.3109375 0.35 0.31875 0.35 0.3296875 0.3453125 0.334375 0.3203125 0.3375 0.3171875 0.33125 0.303125 0.328125 0.3 0.30625 0.3046875 0.29375
1 0.95234375 0.26328125 0.02109375 0.01171875
1 0.9765625 0.29375 0.98125 0.3015625 0.9828125 0.3125 0.9765625 0.3265625 0.9640625 0.3328125 0.959375 0.303125 0.95625 0.2953125 0.965625 0.2921875 0.975 0.29375
1 0.1953125 0.240625 0.2 0.2421875 0.209375 0.2546875 0.209375 0.2703125 0.1875 0.2703125 0.1796875 0.265625 0.18125 0.24375 0.19375 0.240625
1 0.9078125 0.3359375 0.9078125 0.325 0.9125 0.315625 0.9125 0.3109375 0.925 0.3 0.9375 0.296875 0.9546875 0.296875 0.95625 0.2984375 0.9609375 0.3234375 0.9609375 0.3359375 0.946875 0.365625 0.9421875 0.365625 0.9390625 0.3625 0.9296875 0.3625 0.928125 0.346875 0.915625 0.3328125 0.909375 0.3359375
1 0.940625 0.2796875 0.94375 0.2828125 0.9453125 0.29375 0.9234375 0.2984375 0.9140625 0.3078125 0.9109375 0.3078125 0.9078125 0.3015625 0.9078125 0.2953125 0.9140625 0.284375 0.91875 0.2796875 0.9390625 0.2796875
1 0.98125 0.3296875 0.9984375 0.334375 0.996875 0.390625 0.9953125 0.4 0.9921875 0.403125 0.9875 0.4015625 0.984375 0.3953125 0.984375 0.3875 0.978125 0.38125 0.9703125 0.378125 0.965625 0.3828125 0.9625 0.3828125 0.95 0.3703125 0.95 0.365625 0.9625 0.3375 0.975 0.3296875 0.9796875 0.3296875
1 0.984375 0.3140625 0.984375 0.3078125 0.9765625 0.290625 0.9828125 0.284375 0.9890625 0.2828125 0.9984375 0.284375 0.9984375 0.3109375 0.9859375 0.3140625
1 0.859375 0.325 0.8765625 0.328125 0.8828125 0.3359375 0.8890625 0.353125 0.8890625 0.3734375 0.890625 0.375 0.8890625 0.3859375 0.8859375 0.390625 0.8765625 0.3953125 0.86875 0.4109375 0.8609375 0.415625 0.853125 0.4125 0.84375 0.4015625 0.8375 0.3984375 0.8296875 0.4 0.80625 0.3984375 0.8 0.4046875 0.7984375 0.409375 0.7890625 0.415625 0.78125 0.4109375 0.7640625 0.3890625 0.7640625 0.3734375 0.7671875 0.3625 0.7734375 0.3578125 0.7953125 0.353125 0.8109375 0.33125 0.8234375 0.328125 0.85625 0.328125 0.8578125 0.3265625
1 0.715625 0.29375 0.7203125 0.2921875 0.75 0.29375 0.7546875 0.2984375 0.7625 0.31875 0.759375 0.340625 0.746875 0.340625 0.7390625 0.346875 0.7359375 0.346875 0.73125 0.3421875 0.71875 0.3421875 0.7171875 0.3453125 0.7125 0.3453125 0.7109375 0.3140625 0.7125 0.3 0.715625 0.2953125
1 0.88125 0.275 0.8875 0.2828125 0.8875 0.2921875 0.8765625 0.2953125 0.8625 0.3078125 0.8515625 0.30625 0.8515625 0.29375 0.85625 0.2796875 0.8625 0.275 0.8796875 0.275
1 0.9796875 0.2703125 0.9859375 0.2734375 0.9875 0.2796875 0.9734375 0.290625 0.9703125 0.2828125 0.9703125 0.275 0.9734375 0.2703125 0.978125 0.2703125
1 0.903125 0.2953125 0.90625 0.2984375 0.909375 0.3109375 0.90625 0.3265625 0.9 0.3328125 0.8875 0.334375 0.884375 0.334375 0.875 0.325 0.86875 0.3171875 0.8671875 0.309375 0.8734375 0.3 0.8796875 0.296875 0.9015625 0.2953125
1 0.984375 0.3140625 0.9984375 0.3140625 0.9984375 0.3328125 0.996875 0.33125 0.98125 0.3328125 0.9765625 0.33125 0.984375 0.315625
3 0.2 0.3171875 0.2078125 0.3171875 0.2125 0.3296875 0.2125 0.3421875 0.2 0.3421875 0.2 0.31875
3 0.9625 0.4109375 0.9671875 0.4171875 0.9671875 0.4390625 0.965625 0.440625 0.965625 0.45625 0.959375 0.4703125 0.95625 0.46875 0.9546875 0.4296875 0.95625 0.4171875 0.9578125 0.4125 0.9609375 0.4109375
3 0.959375 0.4078125 0.9640625 0.409375 0.9671875 0.4140625 0.9703125 0.4140625 0.971875 0.4171875 0.9703125 0.4265625 0.975 0.434375 0.9765625 0.4421875 0.9734375 0.4578125 0.9671875 0.4578125 0.9609375 0.46875 0.959375 0.4703125 0.95625 0.46875 0.9546875 0.428125 0.95625 0.415625 0.959375 0.409375
3 0.91875 0.3375 0.928125 0.35 0.928125 0.3609375 0.9265625 0.3625 0.9109375 0.3625 0.90625 0.365625 0.903125 0.3640625 0.90625 0.3578125 0.9078125 0.340625 0.9125 0.334375 0.9171875 0.3375
3 0.23359375 0.27421875 0.009375 0.0265625
3 0.70625 0.2890625 0.7109375 0.296875 0.7078125 0.3265625 0.7 0.3265625 0.696875 0.3234375 0.6984375 0.3046875 0.7015625 0.29375 0.7046875 0.290625
3 0.55 0.3375 0.553125 0.34375 0.559375 0.3375 0.5625 0.3390625 0.56875 0.3515625 0.56875 0.365625 0.5625 0.3671875 0.55625 0.359375 0.55 0.3625 0.54375 0.3703125 0.5390625 0.3703125 0.5375 0.3671875 0.5359375 0.3390625 0.5453125 0.3359375 0.5484375 0.3375
4 0.890625 0.4375 0.9 0.4390625 0.9015625 0.44375 0.8890625 0.4453125 0.8875 0.4421875 0.8890625 0.4390625
4 0.3421875 0.3234375 0.3421875 0.328125 0.3359375 0.3265625 0.3375 0.321875 0.340625 0.3234375