1 0.025 0.265625 0.0328125 0.2671875 0.040625 0.2734375 0.04375 0.2875 0.0421875 0.290625 0.0390625 0.2921875 0.021875 0.2875 0.015625 0.28125 0.015625 0.2703125 0.0234375 0.2671875
1 0.0734375 0.26875 0.08125 0.2671875 0.09375 0.26875 0.1015625 0.2828125 0.1 0.2984375 0.071875 0.296875 0.0671875 0.2921875 0.0671875 0.2828125 0.0734375 0.2703125
1 0.00625 0.2546875 0.01875 0.2546875 0.021875 0.259375 0.021875 0.265625 0.01875 0.265625 0.0140625 0.2703125 0.0140625 0.278125 0.0078125 0.2796875 0.0015625 0.2765625 0.0015625 0.2640625 0.00625 0.25625
1 0.059375 0.259375 0.0671875 0.2625 0.0703125 0.2734375 0.0671875 0.278125 0.065625 0.2875 0.0546875 0.2890625 0.0453125 0.2859375 0.04375 0.275 0.05 0.2625 0.053125 0.259375 0.0578125 0.259375
1 0.73203125 0.30859375 0.053125 0.06875
1 0.0765625 0.3578125 0.08125 0.359375 0.0875 0.365625 0.10625 0.4015625 0.1109375 0.421875 0.109375 0.4390625 0.1078125 0.44375 0.1046875 0.4453125 0.0984375 0.4390625 0.0625 0.440625 0.0578125 0.44375 0.05625 0.4484375 0.0515625 0.4453125 0.05 0.4359375 0.0453125 0.428125 0.03125 0.4265625 0.0265625 0.3953125 0.028125 0.378125 0.0375 0.3625 0.0421875 0.359375 0.075 0.3578125
1 0.8421875 0.23828125 0.0171875 0.03125
1 0.7828125 0.275 0.7875 0.2859375 0.7890625 0.296875 0.784375 0.3109375 0.771875 0.3171875 0.7609375 0.315625 0.7578125 0.3125 0.75625 0.2796875 0.7609375 0.275 0.7703125 0.271875 0.78125 0.275
1 0.021875 0.2890625 0.0265625 0.2921875 0.0359375 0.29375 0.03125 0.3125 0.03125 0.3421875 0.0265625 0.3453125 0.0203125 0.3453125 0.0171875 0.3375 0.0078125 0.328125 0.00625 0.3234375 0.00625 0.309375 0.009375 0.29375 0.0171875 0.2875 0.0203125 0.2890625
1 0.7953125 0.2546875 0.803125 0.25 0.8078125 0.25 0.8125 0.25625 0.815625 0.2734375 0.8140625 0.28125 0.809375 0.2875 0.8 0.2875 0.7984375 0.2734375 0.7953125 0.2671875 0.7953125 0.25625
1 0.0828125 0.903125 0.1078125 0.9078125 0.128125 0.91875 0.1390625 0.9296875 0.15 0.95625 0.1609375 0.971875 0.1625 0.984375 0.1609375 0.9984375 0.0515625 0.9984375 0.05 0.996875 0.0140625 0.9984375 0.0109375 0.9953125 0.0078125 0.996875 0.0015625 0.9953125 0 0.9921875 0.0015625 0.9890625 0 0.9859375 0 0.928125 0.003125 0.925 0.0234375 0.921875 0.034375 0.9140625 0.0421875 0.9125 0.0453125 0.909375 0.05625 0.9078125 0.059375 0.9046875 0.08125 0.903125
1 0.0375 0.29375 0.0453125 0.2921875 0.059375 0.29375 0.071875 0.3 0.0765625 0.3046875 0.0859375 0.328125 0.0765625 0.3375 0.06875 0.353125 0.0515625 0.353125 0.0484375 0.3484375 0.05 0.3328125 0.046875 0.325 0.0421875 0.321875 0.0359375 0.3296875 0.0375 0.34375 0.0359375 0.3515625 0.0328125 0.31875 0.034375 0.3171875 0.034375 0.3015625 0.0375 0.2953125
1 0.7921875 0.2578125 0.796875 0.2734375 0.7953125 0.296875 0.7921875 0.2984375 0.790625 0.296875 0.790625 0.290625 0.784375 0.2765625 0.771875 0.2703125 0.775 0.2625 0.78125 0.259375 0.790625 0.259375
1 0.1296875 0.3140625 0.1390625 0.3109375 0.153125 0.3109375 0.1609375 0.3140625 0.171875 0.325 0.178125 0.34375 0.1765625 0.365625 0.171875 0.365625 0.1671875 0.3625 0.153125 0.3625 0.146875 0.365625 0.140625 0.365625 0.1265625 0.346875 0.121875 0.3359375 0.121875 0.325 0.1296875 0.315625
1 0.1171875 0.3328125 0.1296875 0.353125 0.1296875 0.35625 0.134375 0.359375 0.140625 0.36875 0.140625 0.39375 0.1390625 0.3953125 0.1328125 0.3953125 0.128125 0.3921875 0.1171875 0.3953125 0.1140625 0.39375 0.1046875 0.3953125 0.1 0.3875 0.0984375 0.3796875 0.0875 0.3640625 0.08125 0.3578125 0.0734375 0.35625 0.071875 0.353125 0.08125 0.334375 0.096875 0.33125 0.115625 0.3328125
5 0.7546875 0.2515625 0.7578125 0.253125 0.7578125 0.2625 0.759375 0.2671875 0.7625 0.26875 0.75625 0.2765625 0.746875 0.2765625 0.734375 0.2703125 0.7359375 0.2546875 0.7421875 0.2515625 0.753125 0.2515625
5 0.7 0.2640625 0.709375 0.2765625 0.7125 0.296875 0.703125 0.3125 0.7015625 0.3203125 0.690625 0.3234375 0.68125 0.3359375 0.6765625 0.33125 0.6671875 0.3328125 0.6625 0.328125 0.65625 0.33125 0.6515625 0.3265625 0.6484375 0.3125 0.65 0.2828125 0.653125 0.275 0.6625 0.26875 0.684375 0.26875 0.690625 0.2640625 0.6984375 0.2640625
3 0.6359375 0.334375 0.64375 0.34375 0.6484375 0.34375 0.65 0.3390625 0.653125 0.34375 0.6546875 0.3421875 0.659375 0.34375 0.6609375 0.35 0.659375 0.3703125 0.6515625 0.371875 0.640625 0.3640625 0.63125 0.371875 0.625 0.3703125 0.6234375 0.3671875 0.625 0.3515625 0.63125 0.3375 0.634375 0.3359375
3 0.784375 0.390625 0.7859375 0.390625 0.7875 0.4125 0.7921875 0.4171875 0.8 0.415625 0.8 0.4328125 0.7953125 0.4578125 0.7890625 0.45625 0.7828125 0.4421875 0.78125 0.428125 0.784375 0.3921875
3 0.2890625 0.3 0.2953125 0.2984375 0.2984375 0.3015625 0.3 0.309375 0.3 0.3234375 0.2953125 0.3234375 0.2890625 0.3140625 0.2890625 0.3015625
3 0.5875 0.34375 0.590625 0.34375 0.596875 0.35 0.6015625 0.359375 0.5984375 0.3796875 0.590625 0.3734375 0.5875 0.3796875 0.5828125 0.3828125 0.5796875 0.3765625 0.5796875 0.3703125 0.584375 0.35625 0.584375 0.3484375 0.5875 0.3453125
3 0.24375 0.2984375 0.25 0.3 0.253125 0.30625 0.253125 0.3265625 0.2484375 0.3265625 0.2421875 0.321875 0.24375 0.3
2 0.215625 0.3046875 0.05625 0.05625