5 0.7734375 0.3203125 0.79375 0.325 0.8 0.334375 0.7984375 0.3703125 0.7890625 0.378125 0.7859375 0.3890625 0.778125 0.38125 0.771875 0.38125 0.7671875 0.378125 0.7609375 0.3796875 0.7546875 0.3875 0.75 0.3859375 0.75 0.375 0.746875 0.365625 0.75 0.346875 0.753125 0.3375 0.7625 0.328125 0.7640625 0.3234375 0.771875 0.3203125
1 0.0421875 0.2875 0.046875 0.2890625 0.053125 0.2984375 0.0546875 0.3046875 0.05 0.3078125 0.04375 0.3078125 0.0421875 0.303125 0.0375 0.3 0.021875 0.296875 0.025 0.2890625 0.040625 0.2875
1 0.6671875 0.3375 0.64375 0.334375 0.64375 0.31875 0.65625 0.29375 0.6640625 0.2890625 0.678125 0.2890625 0.6828125 0.29375 0.684375 0.328125 0.6828125 0.33125 0.6734375 0.33125 0.66875 0.3359375
1 0 0.8625 0.0125 0.8640625 0.01875 0.8671875 0.05625 0.8625 0.0734375 0.8640625 0.0796875 0.878125 0.0828125 0.896875 0.090625 0.91875 0.090625 0.965625 0.0875 0.9984375 0.0609375 0.9984375 0.059375 0.996875 0.0578125 0.9984375 0 0.9984375 0 0.8640625
1 0.1125 0.2984375 0.115625 0.3109375 0.1125 0.3140625 0.1109375 0.325 0.1015625 0.3234375 0.0875 0.325 0.08125 0.321875 0.0796875 0.315625 0.0796875 0.309375 0.0859375 0.296875 0.0984375 0.2953125 0.1109375 0.2984375
1 0.7671875 0.278125 0.775 0.284375 0.775 0.3125 0.7734375 0.315625 0.7671875 0.3171875 0.7609375 0.325 0.7578125 0.3234375 0.75625 0.296875 0.7484375 0.2890625 0.7484375 0.2828125 0.7546875 0.278125 0.765625 0.278125
1 0.753125 0.2921875 0.7578125 0.309375 0.7578125 0.321875 0.7546875 0.33125 0.74375 0.3390625 0.715625 0.3375 0.7125 0.3328125 0.7125 0.325 0.715625 0.3109375 0.7265625 0.29375 0.74375 0.2921875 0.746875 0.2890625 0.7515625 0.2921875
1 0.0734375 0.384375 0.06875 0.3671875 0.06875 0.3515625 0.071875 0.334375 0.0765625 0.328125 0.0828125 0.325 0.109375 0.328125 0.11875 0.3375 0.1296875 0.3546875 0.134375 0.36875 0.134375 0.3859375 0.13125 0.3921875 0.1265625 0.3921875 0.1234375 0.3890625 0.0984375 0.3890625 0.090625 0.3953125 0.084375 0.38125 0.0796875 0.38125 0.075 0.384375
1 0.721875 0.275 0.728125 0.2796875 0.7296875 0.2875 0.715625 0.30625 0.7109375 0.3203125 0.6953125 0.3203125 0.6921875 0.3140625 0.6921875 0.296875 0.7015625 0.278125 0.7078125 0.275 0.7203125 0.2765625
1 0.996875 0.9703125 0.9953125 0.9671875 0.9890625 0.965625 0.9828125 0.959375 0.975 0.9453125 0.9734375 0.9328125 0.95 0.9171875 0.9390625 0.90625 0.928125 0.878125 0.925 0.8625 0.9265625 0.81875 0.93125 0.8 0.940625 0.7828125 0.9515625 0.7671875 0.978125 0.7640625 0.996875 0.7546875 0.9984375 0.7546875 0.9984375 0.9703125
1 0.7671875 0.2640625 0.7734375 0.2625 0.7796875 0.2640625 0.784375 0.2890625 0.784375 0.3046875 0.778125 0.3125 0.775 0.3109375 0.7765625 0.2875 0.76875 0.278125 0.759375 0.2765625 0.759375 0.271875 0.7671875 0.265625
1 0.8328125 0.2390625 0.8359375 0.2375 0.8484375 0.2390625 0.846875 0.2640625 0.84375 0.2671875 0.8265625 0.2640625 0.8265625 0.2484375 0.8328125 0.240625
1 0.80625 0.2421875 0.8140625 0.25 0.8140625 0.2640625 0.8109375 0.271875 0.80625 0.2703125 0.8046875 0.2625 0.8 0.25625 0.7875 0.253125 0.7875 0.2484375 0.7921875 0.24375 0.8046875 0.2421875
1 0 0.278125 0.003125 0.2796875 0.0125 0.296875 0.0046875 0.321875 0.003125 0.3234375 0 0.3203125 0 0.2796875
1 0.8 0.2578125 0.803125 0.2609375 0.80625 0.2734375 0.80625 0.2859375 0.8 0.2984375 0.7859375 0.296875 0.78125 0.2734375 0.78125 0.2609375 0.7859375 0.25625 0.7984375 0.2578125
1 0.859375 0.415625 0.8765625 0.4234375 0.8796875 0.428125 0.8859375 0.4296875 0.89375 0.440625 0.8984375 0.4640625 0.8984375 0.5046875 0.8953125 0.5109375 0.8859375 0.515625 0.865625 0.5125 0.8453125 0.5125 0.8390625 0.5203125 0.8328125 0.5203125 0.8296875 0.5171875 0.821875 0.4984375 0.81875 0.4984375 0.8015625 0.4875 0.7890625 0.48125 0.7828125 0.4828125 0.7796875 0.4875 0.7734375 0.4859375 0.7703125 0.48125 0.7671875 0.4671875 0.765625 0.453125 0.7671875 0.4421875 0.7703125 0.4375 0.7796875 0.434375 0.790625 0.425 0.80625 0.4171875 0.825 0.4125 0.8515625 0.4125 0.8578125 0.415625
1 0.190625 0.321875 0.1984375 0.325 0.209375 0.3390625 0.21875 0.359375 0.21875 0.378125 0.215625 0.384375 0.2078125 0.38125 0.190625 0.38125 0.18125 0.3875 0.175 0.378125 0.1671875 0.375 0.159375 0.3765625 0.15625 0.371875 0.1546875 0.3390625 0.159375 0.321875 0.1890625 0.321875
1 0.0171875 0.3 0.021875 0.2984375 0.0375 0.3 0.0421875 0.3046875 0.0421875 0.309375 0.034375 0.31875 0.03125 0.3359375 0.028125 0.3359375 0.0296875 0.321875 0.028125 0.3171875 0.0234375 0.309375 0.021875 0.3078125 0.0203125 0.309375 0.0171875 0.325 0.01875 0.3359375 0.021875 0.3421875 0.025 0.34375 0.0234375 0.35 0.0203125 0.3515625 0.009375 0.340625 0.00625 0.3265625 0.0109375 0.309375 0.0140625 0.303125 0.0171875 0.3015625
1 0.5984375 0.7296875 0.61875 0.7390625 0.6453125 0.7578125 0.6796875 0.7671875 0.6890625 0.7765625 0.696875 0.7921875 0.7015625 0.8078125 0.7046875 0.834375 0.703125 0.8375 0.70625 0.846875 0.7078125 0.8734375 0.7109375 0.8828125 0.7109375 0.909375 0.703125 0.9328125 0.678125 0.9453125 0.6703125 0.9453125 0.6671875 0.9359375 0.6546875 0.971875 0.6484375 0.98125 0.6421875 0.984375 0.6265625 0.9828125 0.61875 0.978125 0.6140625 0.971875 0.6125 0.9625 0.6078125 0.953125 0.60625 0.9546875 0.603125 0.953125 0.5703125 0.953125 0.5546875 0.95625 0.5296875 0.95625 0.4921875 0.9609375 0.44375 0.9625 0.434375 0.98125 0.428125 0.9859375 0.4171875 0.9890625 0.4015625 0.9875 0.390625 0.9703125 0.390625 0.9640625 0.3734375 0.9578125 0.3671875 0.9515625 0.353125 0.9265625 0.35 0.915625 0.346875 0.8765625 0.353125 0.853125 0.353125 0.84375 0.35625 0.834375 0.375 0.8046875 0.3828125 0.796875 0.4078125 0.7796875 0.4203125 0.778125 0.45 0.7671875 0.4796875 0.74375 0.484375 0.7421875 0.4859375 0.7390625 0.503125 0.7296875 0.5328125 0.7234375 0.5828125 0.725 0.596875 0.7296875
1 0.1390625 0.3078125 0.1484375 0.309375 0.15625 0.31875 0.153125 0.3609375 0.140625 0.3625 0.134375 0.35625 0.134375 0.3484375 0.1296875 0.346875 0.1140625 0.328125 0.115625 0.315625 0.11875 0.309375 0.1375 0.3078125
1 0 0.325 0.0046875 0.328125 0.009375 0.346875 0.0078125 0.3625 0 0.3625 0 0.3265625
1 0.0703125 0.309375 0.0765625 0.31875 0.0765625 0.325 0.0703125 0.334375 0.0671875 0.3625 0.065625 0.365625 0.059375 0.365625 0.053125 0.3703125 0.046875 0.3625 0.0375 0.359375 0.034375 0.34375 0.034375 0.3234375 0.0375 0.315625 0.0453125 0.309375 0.06875 0.309375
3 0.8734375 0.2671875 0.8765625 0.275 0.8703125 0.2921875 0.8640625 0.290625 0.8640625 0.271875 0.8671875 0.2671875 0.871875 0.2671875
3 0.1921875 0.4953125 0.1875 0.478125 0.1890625 0.4703125 0.1890625 0.459375 0.1859375 0.4546875 0.1875 0.4421875 0.1984375 0.4453125 0.209375 0.4421875 0.215625 0.4484375 0.215625 0.4703125 0.21875 0.478125 0.2203125 0.49375 0.2171875 0.50625 0.215625 0.509375 0.2109375 0.5078125 0.2015625 0.4890625 0.196875 0.4953125 0.19375 0.4953125
3 0.834375 0.2984375 0.8375 0.3 0.834375 0.334375 0.8328125 0.3375 0.8265625 0.3390625 0.8234375 0.3328125 0.8234375 0.3171875 0.8296875 0.3171875 0.8328125 0.3140625 0.834375 0.3
3 0.8234375 0.31875 0.8296875 0.31875 0.8328125 0.325 0.8328125 0.3359375 0.828125 0.340625 0.8234375 0.3328125 0.8234375 0.3203125
4 0.1109375 0.3828125 0.1125 0.378125 0.1234375 0.378125 0.121875 0.3828125 0.1125 0.3828125
4 0.7015625 0.309375 0.703125 0.3109375 0.7015625 0.315625 0.696875 0.3140625 0.696875 0.3109375 0.7 0.309375
4 0.3515625 0.8578125 0.353125 0.8671875 0.3484375 0.8921875 0.3453125 0.8859375 0.3453125 0.878125 0.35 0.859375
4 0.9265625 0.834375 0.93125 0.8375 0.9328125 0.846875 0.9328125 0.8640625 0.9296875 0.8625 0.9265625 0.85 0.9265625 0.8359375
4 0.8828125 0.478125 0.8859375 0.4796875 0.8859375 0.490625 0.88125 0.4921875 0.875 0.490625 0.875 0.4796875 0.88125 0.478125
4 0.21328125 0.45859375 0.00625 0.01015625