1 0.0359375 0.275 0.053125 0.275 0.059375 0.2828125 0.059375 0.2921875 0.053125 0.290625 0.0375 0.290625 0.0359375 0.2921875 0.0328125 0.290625 0.0328125 0.2796875 0.0359375 0.2765625
1 0.8453125 0.2234375 0.8484375 0.2421875 0.8453125 0.2515625 0.8390625 0.253125 0.828125 0.2515625 0.828125 0.2375 0.84375 0.2234375
1 0.0078125 0.2546875 0.0265625 0.2546875 0.03125 0.2609375 0.03125 0.2671875 0.0234375 0.2671875 0.015625 0.2703125 0.0109375 0.278125 0.00625 0.2734375 0.00625 0.2578125 0.0078125 0.25625
1 0.090625 0.303125 0.1109375 0.3109375 0.1203125 0.31875 0.1234375 0.328125 0.1359375 0.346875 0.140625 0.3671875 0.1375 0.3875 0.13125 0.3875 0.128125 0.38125 0.1234375 0.378125 0.1015625 0.38125 0.0953125 0.390625 0.090625 0.3890625 0.084375 0.3734375 0.078125 0.3796875 0.0734375 0.3796875 0.06875 0.3703125 0.0671875 0.3296875 0.0703125 0.321875 0.0703125 0.3140625 0.0734375 0.3078125 0.0796875 0.3078125 0.084375 0.303125 0.0890625 0.303125
1 0 0.3125 0.0109375 0.3125 0.015625 0.3171875 0.025 0.3375 0.03125 0.359375 0.03125 0.3796875 0.0296875 0.38125 0.0234375 0.38125 0.021875 0.378125 0.0125 0.375 0.00625 0.3765625 0 0.375 0 0.3140625
1 0.809375 0.234375 0.8171875 0.246875 0.8171875 0.2578125 0.8140625 0.2625 0.803125 0.2625 0.7984375 0.265625 0.7921875 0.265625 0.7875 0.24375 0.7921875 0.2375 0.796875 0.2375 0.8 0.234375 0.8078125 0.234375
1 0.8046875 0.23125 0.8234375 0.228125 0.8265625 0.234375 0.8265625 0.246875 0.8203125 0.25625 0.815625 0.240625 0.809375 0.234375 0.8046875 0.2328125
1 0.0234375 0.290625 0.0296875 0.296875 0.0265625 0.3109375 0.028125 0.3171875 0.0265625 0.334375 0.0171875 0.315625 0.0125 0.3109375 0.009375 0.3109375 0.0140625 0.2984375 0.021875 0.2921875
1 0 0.2734375 0.00625 0.2734375 0.0125 0.2828125 0.0078125 0.2859375 0 0.2859375 0 0.275
1 0.1359375 0.2984375 0.1390625 0.303125 0.140625 0.3125 0.134375 0.31875 0.1296875 0.33125 0.125 0.3265625 0.121875 0.31875 0.103125 0.303125 0.109375 0.296875 0.1328125 0.296875 0.134375 0.2984375
1 0.165625 0.3140625 0.18125 0.3296875 0.1875 0.3453125 0.1890625 0.3625 0.1859375 0.3703125 0.1609375 0.3703125 0.153125 0.3734375 0.1484375 0.3703125 0.1390625 0.3546875 0.1390625 0.3484375 0.1328125 0.3375 0.1328125 0.328125 0.1359375 0.31875 0.140625 0.3140625 0.1484375 0.3125 0.1640625 0.3140625
1 0.021875 0.2859375 0.0265625 0.2890625 0.028125 0.29375 0.015625 0.296875 0.0125 0.3 0.0109375 0.3109375 0 0.3078125 0 0.2875 0.0078125 0.284375 0.0203125 0.2859375
1 0.059375 0.29375 0.071875 0.303125 0.065625 0.328125 0.0671875 0.3578125 0.065625 0.3609375 0.05625 0.3625 0.0515625 0.3671875 0.046875 0.365625 0.0421875 0.35625 0.0359375 0.3578125 0.0328125 0.35625 0.03125 0.3421875 0.028125 0.334375 0.028125 0.3046875 0.0296875 0.296875 0.034375 0.29375 0.0578125 0.29375
1 0.5140625 0.3640625 0.51875 0.3609375 0.525 0.3515625 0.5375 0.34375 0.5625 0.3421875 0.5671875 0.34375 0.571875 0.35 0.578125 0.375 0.5734375 0.403125 0.5703125 0.4078125 0.5671875 0.4078125 0.5625 0.403125 0.55 0.4078125 0.5421875 0.4234375 0.5328125 0.41875 0.51875 0.4171875 0.5078125 0.41875 0.5015625 0.4125 0.5 0.4015625 0.503125 0.3859375 0.5125 0.371875 0.5140625 0.365625
1 0.3265625 0.25703125 0.02421875 0.01640625
1 0.0734375 0.2828125 0.0828125 0.284375 0.0921875 0.29375 0.09375 0.3 0.0828125 0.3 0.0765625 0.29375 0.0734375 0.296875 0.065625 0.2953125 0.0609375 0.290625 0.0625 0.284375 0.071875 0.284375
1 0.034375 0.26875 0.0359375 0.2765625 0.0328125 0.278125 0.03125 0.2890625 0.0203125 0.2828125 0.015625 0.2828125 0.0109375 0.275 0.0171875 0.26875 0.0265625 0.2671875 0.0328125 0.26875
1 0.7859375 0.24375 0.790625 0.259375 0.7890625 0.28125 0.7859375 0.2859375 0.7796875 0.2859375 0.775 0.290625 0.76875 0.2875 0.75 0.2875 0.7484375 0.271875 0.7609375 0.2484375 0.7765625 0.24375 0.784375 0.24375
3 0.8390625 0.3375 0.8375 0.3140625 0.84375 0.3140625 0.8453125 0.31875 0.8453125 0.33125 0.84375 0.3359375 0.840625 0.3375
4 0.5140625 0.40625 0.521875 0.4078125 0.5203125 0.4125 0.5078125 0.4109375 0.50625 0.4078125 0.5125 0.40625
4 0.184375 0.3578125 0.184375 0.3625 0.1796875 0.3640625 0.171875 0.3640625 0.16875 0.3625 0.16875 0.359375 0.1828125 0.3578125
4 0 0.359375 0.0140625 0.359375 0.0140625 0.365625 0 0.3671875 0 0.3609375
4 0.1125 0.365625 0.11875 0.3671875 0.11875 0.3703125 0.1078125 0.371875 0.1078125 0.3671875 0.1109375 0.3671875
4 0.109375 0.36875 0.1171875 0.365625 0.1265625 0.3671875 0.125 0.371875 0.109375 0.3703125
4 0.128125 0.365625 0.13125 0.3703125 0.1265625 0.371875 0.11875 0.3703125 0.1203125 0.3671875 0.1265625 0.365625