1 0.9984375 0.2765625 0.9984375 0.2953125 0.9921875 0.2921875 0.9765625 0.290625 0.98125 0.2796875 0.9875 0.275 0.996875 0.2765625
1 0.95625 0.346875 0.9671875 0.3484375 0.971875 0.35625 0.971875 0.3734375 0.975 0.3828125 0.9734375 0.4125 0.9703125 0.415625 0.959375 0.4171875 0.959375 0.4 0.9515625 0.3859375 0.9515625 0.3796875 0.9453125 0.3765625 0.940625 0.3796875 0.940625 0.3875 0.9296875 0.403125 0.9265625 0.4203125 0.9125 0.421875 0.909375 0.425 0.903125 0.421875 0.903125 0.3984375 0.9078125 0.3828125 0.915625 0.3703125 0.91875 0.359375 0.925 0.35 0.93125 0.346875 0.9546875 0.346875
1 0.1546875 0.2203125 0.1578125 0.221875 0.1625 0.2328125 0.1625 0.246875 0.159375 0.2515625 0.1578125 0.2609375 0.153125 0.2609375 0.15 0.246875 0.15 0.221875 0.153125 0.2203125
1 0.9875 0.33125 0.9984375 0.334375 0.9984375 0.3921875 0.9828125 0.3921875 0.98125 0.39375 0.9765625 0.390625 0.9734375 0.3578125 0.9671875 0.3453125 0.975 0.334375 0.9859375 0.33125
1 0.9671875 0.3015625 0.978125 0.3046875 0.9859375 0.325 0.9734375 0.3328125 0.965625 0.3453125 0.95625 0.34375 0.9546875 0.3046875 0.965625 0.303125
1 0.88125 0.3421875 0.8875 0.346875 0.89375 0.3671875 0.8953125 0.378125 0.89375 0.403125 0.8890625 0.4109375 0.8828125 0.40625 0.8765625 0.40625 0.86875 0.421875 0.8640625 0.421875 0.8578125 0.415625 0.853125 0.4140625 0.834375 0.415625 0.828125 0.41875 0.825 0.4171875 0.821875 0.40625 0.821875 0.396875 0.8265625 0.3796875 0.834375 0.36875 0.840625 0.353125 0.846875 0.346875 0.859375 0.3421875 0.8796875 0.3421875
1 0.2265625 0.2765625 0.225 0.2703125 0.2125 0.2625 0.2140625 0.2484375 0.21875 0.2453125 0.2375 0.246875 0.2421875 0.253125 0.2421875 0.259375 0.2359375 0.2640625 0.2375 0.275 0.228125 0.2765625
1 0.296875 0.2734375 0.3015625 0.275 0.303125 0.2828125 0.296875 0.2875 0.29375 0.296875 0.29375 0.3109375 0.290625 0.315625 0.2828125 0.30625 0.275 0.290625 0.275 0.2828125 0.278125 0.275 0.28125 0.2734375 0.2953125 0.2734375
1 0.1890625 0.2328125 0.1921875 0.2453125 0.1796875 0.25 0.175 0.2703125 0.16875 0.2625 0.1703125 0.234375 0.1734375 0.2296875 0.184375 0.2296875 0.1875 0.2328125
1 0.98984375 0.26328125 0.01953125 0.0265625
1 0.225 0.2796875 0.2359375 0.278125 0.24375 0.2828125 0.2421875 0.3140625 0.2359375 0.3203125 0.2265625 0.321875 0.21875 0.3140625 0.2171875 0.3 0.2203125 0.2859375 0.225 0.28125
1 0.2453125 0.259375 0.2578125 0.2640625 0.265625 0.271875 0.26875 0.2796875 0.26875 0.2875 0.2484375 0.2859375 0.2421875 0.278125 0.2359375 0.2765625 0.2359375 0.265625 0.24375 0.2609375
1 0.9484375 0.3015625 0.953125 0.3046875 0.953125 0.3203125 0.95625 0.328125 0.9546875 0.34375 0.953125 0.3453125 0.93125 0.3453125 0.925 0.3484375 0.9140625 0.3671875 0.903125 0.3703125 0.896875 0.3765625 0.89375 0.3546875 0.890625 0.3484375 0.89375 0.3375 0.9015625 0.3265625 0.9109375 0.3046875 0.91875 0.303125 0.921875 0.3 0.946875 0.3015625
1 0.215625 0.2671875 0.2234375 0.271875 0.225 0.278125 0.2203125 0.2828125 0.2171875 0.290625 0.2171875 0.303125 0.2140625 0.30625 0.209375 0.30625 0.2015625 0.3015625 0.1984375 0.2921875 0.203125 0.271875 0.209375 0.2671875 0.2140625 0.2671875
1 0.8125 0.334375 0.825 0.321875 0.834375 0.31875 0.8546875 0.31875 0.859375 0.328125 0.859375 0.3390625 0.8484375 0.3421875 0.84375 0.346875 0.834375 0.365625 0.828125 0.375 0.8234375 0.378125 0.8078125 0.3796875 0.8046875 0.3734375 0.80625 0.35 0.8125 0.3359375
1 0.18125 0.25 0.1984375 0.2484375 0.20625 0.259375 0.20625 0.2671875 0.2 0.2734375 0.196875 0.2875 0.19375 0.290625 0.184375 0.290625 0.178125 0.278125 0.178125 0.259375 0.18125 0.2515625
1 0.9515625 0.28828125 0.04609375 0.0296875
1 0.9796875 0.2625 0.9828125 0.265625 0.9828125 0.2765625 0.9734375 0.2859375 0.971875 0.2796875 0.965625 0.2734375 0.9609375 0.2734375 0.9609375 0.26875 0.96875 0.2609375 0.978125 0.2625
1 0.990625 0.29375 0.9984375 0.2984375 0.9984375 0.3109375 0.990625 0.3234375 0.9875 0.325 0.9796875 0.3046875 0.9671875 0.3015625 0.9671875 0.2984375 0.9734375 0.2921875 0.9890625 0.29375
1 0.3 0.2859375 0.3203125 0.284375 0.325 0.2875 0.3359375 0.303125 0.340625 0.321875 0.3359375 0.33125 0.31875 0.3328125 0.315625 0.3359375 0.3109375 0.3359375 0.309375 0.3296875 0.3046875 0.3265625 0.2984375 0.328125 0.2953125 0.31875 0.296875 0.3125 0.2953125 0.3 0.3 0.2875
1 0.25 0.2859375 0.271875 0.2890625 0.2875 0.31875 0.2859375 0.3359375 0.275 0.334375 0.259375 0.3375 0.2515625 0.33125 0.246875 0.33125 0.24375 0.3234375 0.24375 0.2921875 0.2453125 0.2875 0.2484375 0.2859375
1 0.8625 0.3375 0.8625 0.3296875 0.8578125 0.3203125 0.8578125 0.3109375 0.8765625 0.284375 0.8875 0.2828125 0.9046875 0.2828125 0.909375 0.296875 0.9078125 0.3109375 0.8890625 0.3421875 0.8640625 0.3375
1 0.9421875 0.28828125 0.02890625 0.0265625
1 0.95625 0.275 0.959375 0.2734375 0.96875 0.275 0.975 0.2828125 0.975 0.2875 0.965625 0.2984375 0.9609375 0.3015625 0.95625 0.3015625 0.9546875 0.3 0.95625 0.2765625
1 0.9984375 0.3109375 0.9984375 0.3296875 0.9953125 0.33125 0.9890625 0.328125 0.996875 0.3125
3 0.79375 0.2921875 0.796875 0.296875 0.8 0.29375 0.803125 0.3 0.8015625 0.3203125 0.7921875 0.321875 0.7921875 0.29375
3 0.9390625 0.415625 0.9453125 0.4171875 0.9484375 0.4234375 0.95 0.45625 0.9484375 0.4609375 0.9453125 0.4625 0.934375 0.4609375 0.9296875 0.4734375 0.9265625 0.475 0.9234375 0.4734375 0.921875 0.4671875 0.9265625 0.428125 0.9296875 0.4171875 0.9375 0.415625
3 0.2796875 0.4703125 0.2890625 0.46875 0.2921875 0.4703125 0.2921875 0.48125 0.296875 0.496875 0.296875 0.5015625 0.29375 0.5015625 0.290625 0.50625 0.290625 0.515625 0.2890625 0.5171875 0.2875 0.515625 0.2796875 0.4984375 0.2796875 0.471875
3 0.2796875 0.46875 0.28125 0.4703125 0.2921875 0.46875 0.296875 0.5015625 0.290625 0.50625 0.290625 0.515625 0.2890625 0.5171875 0.2875 0.515625 0.278125 0.4953125 0.278125 0.4703125
3 0.6109375 0.4421875 0.6203125 0.45 0.621875 0.45625 0.6265625 0.4609375 0.625 0.478125 0.6265625 0.484375 0.6328125 0.4921875 0.6375 0.4921875 0.6421875 0.4859375 0.6421875 0.4671875 0.653125 0.465625 0.6546875 0.446875 0.653125 0.4671875 0.6578125 0.4765625 0.6546875 0.4921875 0.659375 0.496875 0.6640625 0.509375 0.6640625 0.5265625 0.659375 0.5328125 0.653125 0.53125 0.6453125 0.515625 0.6375 0.5171875 0.6296875 0.5125 0.6234375 0.5203125 0.615625 0.5171875 0.6125 0.5109375 0.609375 0.4921875 0.6125 0.478125 0.6125 0.471875 0.609375 0.465625 0.6109375 0.44375
3 0.2828125 0.359375 0.2875 0.371875 0.2875 0.40625 0.2859375 0.4078125 0.2828125 0.403125 0.2765625 0.4015625 0.271875 0.3921875 0.271875 0.3765625 0.278125 0.3703125 0.278125 0.3625 0.28125 0.3609375
4 0.903125 0.353125 0.915625 0.353125 0.9140625 0.3578125 0.9046875 0.3578125 0.903125 0.3546875
4 0.9171875 0.4046875 0.9265625 0.4046875 0.9265625 0.4109375 0.915625 0.4109375 0.9171875 0.40625
4 0.8234375 0.365625 0.01640625 0.009375
4 0.9765625 0.3796875 0.984375 0.3796875 0.9828125 0.3859375 0.978125 0.3859375 0.9765625 0.38125
4 0.840625 0.403125 0.846875 0.4046875 0.8484375 0.40625 0.846875 0.409375 0.8328125 0.4078125 0.834375 0.403125 0.8390625 0.403125
4 0.2859375 0.475 0.290625 0.478125 0.290625 0.484375 0.2859375 0.4859375 0.284375 0.4765625