1 0.9390625 0.2921875 0.9390625 0.2828125 0.9453125 0.275 0.9625 0.275 0.965625 0.2796875 0.965625 0.290625 0.940625 0.2921875
1 0.15625 0.2234375 0.1703125 0.2375 0.16875 0.253125 0.153125 0.2515625 0.1515625 0.2484375 0.15 0.2359375 0.1515625 0.225 0.1546875 0.2234375
1 0.990625 0.2546875 0.9921875 0.2734375 0.9875 0.278125 0.9828125 0.2703125 0.975 0.2671875 0.9671875 0.2671875 0.9671875 0.2609375 0.971875 0.2546875 0.9890625 0.2546875
1 0.9140625 0.303125 0.91875 0.3078125 0.925 0.3078125 0.928125 0.3140625 0.928125 0.321875 0.93125 0.3296875 0.9296875 0.3703125 0.925 0.3796875 0.9203125 0.3796875 0.9140625 0.3734375 0.90625 0.390625 0.903125 0.390625 0.896875 0.38125 0.875 0.378125 0.8703125 0.38125 0.8671875 0.3875 0.8609375 0.3875 0.8578125 0.3671875 0.8625 0.346875 0.875 0.328125 0.878125 0.31875 0.890625 0.309375 0.9015625 0.3046875 0.9125 0.303125
1 0.9828125 0.346875 0.03359375 0.07109375
1 0.1890625 0.234375 0.1984375 0.234375 0.2015625 0.2375 0.20625 0.2375 0.2109375 0.24375 0.20625 0.265625 0.2 0.265625 0.1953125 0.2625 0.184375 0.2625 0.18125 0.2578125 0.18125 0.246875 0.1890625 0.2359375
1 0.19375 0.23125 0.1828125 0.240625 0.178125 0.25625 0.171875 0.246875 0.1734375 0.2296875 0.1796875 0.228125 0.1921875 0.23125
1 0.975 0.290625 0.984375 0.2984375 0.9890625 0.3109375 0.9859375 0.3109375 0.98125 0.315625 0.9734375 0.334375 0.971875 0.334375 0.9703125 0.31875 0.971875 0.3109375 0.96875 0.296875 0.9734375 0.2921875
1 0.9984375 0.2734375 0.9984375 0.2859375 0.990625 0.2859375 0.9859375 0.2828125 0.9921875 0.2734375 0.996875 0.2734375
1 0.8921875 0.2984375 0.8953125 0.3046875 0.8875 0.3078125 0.8765625 0.31875 0.8703125 0.33125 0.8671875 0.3296875 0.8640625 0.31875 0.8578125 0.3125 0.8609375 0.3 0.865625 0.296875 0.8890625 0.296875 0.890625 0.2984375
1 0.83828125 0.34296875 0.0578125 0.06171875
1 0.996875 0.2859375 0.9984375 0.2875 0.9984375 0.3078125 0.990625 0.3109375 0.9875 0.3109375 0.9875 0.3046875 0.9828125 0.296875 0.9703125 0.29375 0.9703125 0.2921875 0.9734375 0.2875 0.9796875 0.284375 0.9953125 0.2859375
1 0.9640625 0.29375 0.96875 0.296875 0.9703125 0.3046875 0.9703125 0.334375 0.9671875 0.3421875 0.965625 0.35625 0.9640625 0.3578125 0.95625 0.35625 0.95 0.3671875 0.946875 0.3671875 0.9421875 0.3625 0.9328125 0.3609375 0.93125 0.3578125 0.9328125 0.328125 0.9265625 0.303125 0.9390625 0.29375 0.9625 0.29375
1 0.465625 0.346875 0.4734375 0.3515625 0.4796875 0.3609375 0.484375 0.3640625 0.4859375 0.371875 0.4953125 0.3859375 0.4984375 0.4046875 0.496875 0.4125 0.490625 0.41875 0.484375 0.4171875 0.465625 0.41875 0.4578125 0.4234375 0.453125 0.4203125 0.4484375 0.4078125 0.4390625 0.403125 0.4359375 0.403125 0.43125 0.4078125 0.4265625 0.40625 0.4203125 0.375 0.4265625 0.35 0.43125 0.34375 0.453125 0.3421875 0.4609375 0.34375 0.4640625 0.346875
1 0.6640625 0.25 0.678125 0.25 0.684375 0.2546875 0.6828125 0.2625 0.66875 0.265625 0.6625 0.2625 0.6640625 0.2515625
1 0.925 0.2828125 0.9359375 0.284375 0.9375 0.290625 0.9296875 0.296875 0.925 0.296875 0.921875 0.29375 0.915625 0.3 0.9046875 0.3 0.90625 0.29375 0.915625 0.284375 0.9234375 0.284375
1 0.9640625 0.26875 0.9671875 0.2671875 0.98125 0.26875 0.9875 0.275 0.9828125 0.2828125 0.978125 0.2828125 0.9671875 0.2890625 0.965625 0.278125 0.9625 0.2765625 0.9640625 0.2703125
1 0.2125 0.24375 0.221875 0.24375 0.2375 0.2484375 0.25 0.271875 0.2484375 0.2875 0.2296875 0.2875 0.2234375 0.290625 0.21875 0.2859375 0.2125 0.2859375 0.209375 0.28125 0.2078125 0.2703125 0.209375 0.25 0.2125 0.2453125
3 0.1546875 0.3140625 0.1609375 0.3140625 0.159375 0.3375 0.15625 0.3375 0.153125 0.33125 0.1546875 0.315625
4 0.490625 0.40625 0.4921875 0.4078125 0.490625 0.4109375 0.4859375 0.4125 0.478125 0.4125 0.4765625 0.4078125 0.4890625 0.40625
4 0.8140625 0.3578125 0.8296875 0.359375 0.8296875 0.3625 0.8265625 0.3640625 0.8140625 0.3625 0.8140625 0.359375
4 0.984375 0.359375 0.9984375 0.359375 0.9984375 0.3671875 0.984375 0.365625 0.984375 0.3609375
4 0.8859375 0.365625 0.890625 0.3671875 0.890625 0.371875 0.88125 0.371875 0.8796875 0.3671875 0.884375 0.3671875
4 0.8890625 0.36875 0.8859375 0.371875 0.8734375 0.371875 0.871875 0.3671875 0.88125 0.365625 0.8875 0.36875
4 0.8734375 0.365625 0.8796875 0.36875 0.878125 0.371875 0.8671875 0.3703125 0.871875 0.365625