3 0 0.3421875 0.00625 0.353125 0.00625 0.3875 0.003125 0.3921875 0 0.3890625 0 0.34375
3 0.871875 0.459375 0.8765625 0.4640625 0.8765625 0.4703125 0.871875 0.4796875 0.8734375 0.5203125 0.8765625 0.5234375 0.8828125 0.5203125 0.8828125 0.5015625 0.8953125 0.503125 0.909375 0.49375 0.921875 0.5 0.9234375 0.5015625 0.921875 0.5203125 0.925 0.5296875 0.925 0.5453125 0.928125 0.55 0.9265625 0.5515625 0.9234375 0.5359375 0.9203125 0.5328125 0.9109375 0.5484375 0.9015625 0.5484375 0.8953125 0.54375 0.89375 0.5390625 0.8875 0.5328125 0.878125 0.53125 0.871875 0.5265625 0.86875 0.528125 0.86875 0.5328125 0.865625 0.53125 0.8515625 0.5328125 0.846875 0.528125 0.84375 0.5203125 0.84375 0.509375 0.846875 0.5 0.8609375 0.490625 0.8625 0.475 0.871875 0.4609375
1 0.3125 0.309375 0.325 0.3234375 0.328125 0.3453125 0.3234375 0.35 0.321875 0.35625 0.3171875 0.35625 0.315625 0.353125 0.303125 0.353125 0.296875 0.3578125 0.29375 0.3578125 0.2875 0.35 0.2828125 0.3484375 0.2734375 0.3484375 0.26875 0.3515625 0.2640625 0.34375 0.2640625 0.328125 0.2671875 0.3234375 0.2734375 0.3203125 0.2828125 0.3078125 0.2984375 0.30625 0.3109375 0.309375
1 0.0796875 0.28046875 0.02734375 0.03984375
1 0.028125 0.2546875 0.034375 0.2546875 0.0375 0.259375 0.0328125 0.26875 0.0328125 0.28125 0.0265625 0.28125 0.025 0.2796875 0.025 0.259375 0.028125 0.25625
1 0.0828125 0.26875 0.09375 0.26875 0.1046875 0.2796875 0.1046875 0.2828125 0.096875 0.284375 0.09375 0.2828125 0.084375 0.2859375 0.0765625 0.3015625 0.0734375 0.296875 0.0734375 0.2828125 0.0828125 0.2703125
1 0.203125 0.3 0.215625 0.303125 0.221875 0.3015625 0.2265625 0.3046875 0.2296875 0.3125 0.2390625 0.3234375 0.2390625 0.3296875 0.2359375 0.3359375 0.2296875 0.334375 0.2203125 0.3265625 0.19375 0.325 0.1875 0.321875 0.190625 0.3046875 0.196875 0.3 0.2015625 0.3
1 0.1015625 0.328125 0.103125 0.3296875 0.1171875 0.328125 0.128125 0.3390625 0.140625 0.3703125 0.140625 0.39375 0.134375 0.3953125 0.1328125 0.3921875 0.125 0.39375 0.121875 0.3921875 0.1109375 0.39375 0.10625 0.3984375 0.103125 0.3984375 0.096875 0.3859375 0.090625 0.3859375 0.0875 0.3890625 0.084375 0.3875 0.08125 0.3625 0.0859375 0.3328125 0.090625 0.3296875 0.1 0.3296875
1 0.0140625 0.2890625 0.0203125 0.2921875 0.03125 0.2921875 0.0375 0.303125 0.0359375 0.31875 0.03125 0.315625 0.025 0.31875 0.021875 0.3265625 0.021875 0.3359375 0.015625 0.3390625 0.0078125 0.3390625 0.0015625 0.3265625 0.0015625 0.3015625 0.0046875 0.29375 0.0125 0.290625
1 0 0.253125 0.009375 0.2546875 0.0046875 0.265625 0.0046875 0.275 0 0.2734375 0 0.2546875
1 0.4171875 0.3078125 0.4265625 0.3140625 0.43125 0.3234375 0.4359375 0.34375 0.434375 0.353125 0.41875 0.3703125 0.4078125 0.3703125 0.4015625 0.3625 0.39375 0.3609375 0.365625 0.3625 0.3609375 0.3671875 0.3546875 0.36875 0.35 0.365625 0.34375 0.3546875 0.34375 0.3390625 0.346875 0.3328125 0.3515625 0.3328125 0.359375 0.328125 0.365625 0.328125 0.38125 0.3125 0.3890625 0.3078125 0.415625 0.3078125
1 0.2703125 0.2859375 0.275 0.2890625 0.278125 0.296875 0.278125 0.3109375 0.271875 0.3203125 0.2625 0.328125 0.2609375 0.3328125 0.253125 0.3328125 0.246875 0.340625 0.2390625 0.3203125 0.2328125 0.3140625 0.228125 0.3046875 0.228125 0.3 0.234375 0.2890625 0.240625 0.284375 0.2671875 0.284375 0.26875 0.2859375
1 0.0546875 0.259375 0.05625 0.2671875 0.053125 0.271875 0.0515625 0.2875 0.0375 0.2859375 0.034375 0.2828125 0.034375 0.2734375 0.0421875 0.259375 0.046875 0.2578125 0.053125 0.259375
1 0.0859375 0.284375 0.1015625 0.284375 0.109375 0.2875 0.1125 0.290625 0.1125 0.30625 0.1140625 0.3078125 0.1140625 0.31875 0.1109375 0.325 0.090625 0.3265625 0.0796875 0.3078125 0.0796875 0.296875 0.0828125 0.2875 0.0859375 0.2859375
1 0.0484375 0.2484375 0.053125 0.25 0.05625 0.259375 0.05 0.2671875 0.05 0.2796875 0.04375 0.2859375 0.0375 0.2859375 0.0328125 0.28125 0.0328125 0.2734375 0.0375 0.2609375 0.0359375 0.2546875 0.0390625 0.25 0.046875 0.2484375
1 0.0171875 0.25625 0.0234375 0.259375 0.0234375 0.2765625 0.021875 0.278125 0.0078125 0.2765625 0.0046875 0.271875 0.009375 0.259375 0.015625 0.25625
1 0.0734375 0.259375 0.0765625 0.2625 0.0671875 0.2734375 0.0640625 0.290625 0.0546875 0.290625 0.053125 0.275 0.0609375 0.259375 0.071875 0.259375
1 0.1671875 0.2875 0.1828125 0.2890625 0.1875 0.3 0.1875 0.3109375 0.184375 0.3203125 0.178125 0.325 0.175 0.3203125 0.1734375 0.30625 0.1671875 0.296875 0.1671875 0.2890625
1 0.0734375 0.30625 0.0796875 0.3109375 0.0875 0.328125 0.0828125 0.3375 0.0796875 0.3609375 0.065625 0.3625 0.059375 0.3703125 0.0546875 0.36875 0.05 0.3578125 0.0453125 0.3609375 0.040625 0.35625 0.0390625 0.3484375 0.040625 0.309375 0.04375 0.3046875 0.0703125 0.3046875 0.071875 0.30625
1 0.21875 0.2828125 0.2234375 0.2859375 0.225 0.290625 0.2265625 0.296875 0.2234375 0.3015625 0.19375 0.2984375 0.19375 0.29375 0.1984375 0.284375 0.2171875 0.2828125
1 0.184375 0.3265625 0.1953125 0.328125 0.2109375 0.3265625 0.2234375 0.3296875 0.2296875 0.3359375 0.24375 0.359375 0.24375 0.3828125 0.240625 0.3875 0.2203125 0.3859375 0.209375 0.390625 0.19375 0.3765625 0.1875 0.3765625 0.18125 0.38125 0.178125 0.375 0.1765625 0.359375 0.1796875 0.3515625 0.18125 0.334375 0.184375 0.328125
1 0.165625 0.271875 0.1796875 0.271875 0.1859375 0.2828125 0.184375 0.2921875 0.1765625 0.2875 0.1671875 0.2890625 0.165625 0.2734375
1 0.0765625 0.2640625 0.0828125 0.2640625 0.0875 0.26875 0.075 0.2796875 0.0765625 0.296875 0.0734375 0.3 0.065625 0.2921875 0.065625 0.2796875 0.0703125 0.2703125 0.0765625 0.265625
1 0.10546875 0.27265625 0.01640625 0.0234375
1 0 0.278125 0.0078125 0.278125 0.015625 0.2859375 0.0140625 0.290625 0.0046875 0.2921875 0 0.296875 0 0.3 0 0.2796875
5 0.1453125 0.2625 0.153125 0.2640625 0.1625 0.26875 0.1640625 0.271875 0.165625 0.296875 0.171875 0.3046875 0.1734375 0.321875 0.178125 0.334375 0.1765625 0.353125 0.1734375 0.3609375 0.159375 0.359375 0.153125 0.3609375 0.1484375 0.3671875 0.14375 0.365625 0.1296875 0.3375 0.1140625 0.321875 0.115625 0.3140625 0.1140625 0.3125 0.1125 0.2640625 0.14375 0.2625