1 0.2875 0.2921875 0.2921875 0.296875 0.3078125 0.325 0.3078125 0.34375 0.30625 0.3453125 0.2875 0.3453125 0.2828125 0.3484375 0.28125 0.35625 0.278125 0.353125 0.26875 0.3515625 0.2671875 0.3421875 0.2578125 0.3375 0.2578125 0.33125 0.2546875 0.325 0.2546875 0.3078125 0.2578125 0.303125 0.2578125 0.296875 0.2625 0.2921875 0.2765625 0.290625 0.2859375 0.2921875
1 0.3171875 0.278125 0.3265625 0.284375 0.33125 0.2953125 0.3375 0.303125 0.3390625 0.3171875 0.334375 0.33125 0.3265625 0.33125 0.321875 0.328125 0.3140625 0.3296875 0.3109375 0.328125 0.2984375 0.303125 0.296875 0.2890625 0.3015625 0.28125 0.315625 0.278125
1 0.7828125 0.3796875 0.7921875 0.3765625 0.8234375 0.378125 0.8421875 0.396875 0.8421875 0.4171875 0.8375 0.4453125 0.834375 0.446875 0.828125 0.44375 0.8171875 0.4484375 0.8125 0.4546875 0.809375 0.4671875 0.80625 0.46875 0.796875 0.4609375 0.7859375 0.4609375 0.7796875 0.4578125 0.765625 0.4578125 0.7625 0.4625 0.7578125 0.4640625 0.753125 0.4609375 0.7515625 0.4546875 0.7515625 0.428125 0.775 0.3921875 0.775 0.3890625 0.7828125 0.38125
1 0.2578125 0.271875 0.2703125 0.275 0.275 0.28125 0.275 0.2875 0.26875 0.290625 0.2609375 0.290625 0.2578125 0.29375 0.2515625 0.3171875 0.2421875 0.315625 0.240625 0.290625 0.2375 0.278125 0.2515625 0.271875 0.25625 0.271875
1 0.1609375 0.23125 0.165625 0.2328125 0.171875 0.2421875 0.1734375 0.2484375 0.171875 0.2609375 0.1546875 0.2609375 0.153125 0.259375 0.1515625 0.234375 0.159375 0.23125
1 0.3109375 0.5828125 0.328125 0.59375 0.33125 0.5984375 0.3328125 0.6078125 0.3515625 0.6296875 0.35625 0.65 0.35625 0.6671875 0.3609375 0.675 0.359375 0.7046875 0.3515625 0.7203125 0.3421875 0.728125 0.340625 0.74375 0.334375 0.765625 0.3234375 0.7765625 0.3125 0.7765625 0.3046875 0.7703125 0.303125 0.7640625 0.296875 0.7578125 0.26875 0.7734375 0.25625 0.7859375 0.2390625 0.7953125 0.221875 0.8109375 0.196875 0.8265625 0.19375 0.8296875 0.1921875 0.8453125 0.1875 0.859375 0.18125 0.8703125 0.1671875 0.88125 0.1578125 0.884375 0.153125 0.884375 0.1453125 0.878125 0.140625 0.8703125 0.1359375 0.853125 0.1234375 0.853125 0.11875 0.85625 0.1171875 0.8546875 0.0984375 0.85625 0.0796875 0.8453125 0.065625 0.83125 0.059375 0.821875 0.0578125 0.809375 0.0625 0.7796875 0.06875 0.765625 0.0703125 0.753125 0.0765625 0.740625 0.090625 0.725 0.1359375 0.690625 0.15 0.6640625 0.1546875 0.6625 0.1734375 0.6390625 0.1890625 0.625 0.20625 0.6140625 0.2515625 0.59375 0.2859375 0.5828125 0.309375 0.5828125
1 0.2 0.2546875 0.20625 0.2578125 0.2078125 0.2609375 0.2078125 0.2703125 0.2046875 0.2734375 0.2015625 0.2921875 0.1921875 0.2921875 0.184375 0.2859375 0.1859375 0.259375 0.190625 0.2546875 0.1984375 0.2546875
1 0.2203125 0.2546875 0.2359375 0.253125 0.2421875 0.2578125 0.24375 0.2640625 0.2484375 0.26875 0.246875 0.2734375 0.2359375 0.275 0.2234375 0.2671875 0.2140625 0.2671875 0.2125 0.265625 0.2140625 0.2625 0.2203125 0.25625
1 0.9546875 0.3234375 0.9609375 0.328125 0.9671875 0.346875 0.9671875 0.38125 0.965625 0.390625 0.9546875 0.396875 0.953125 0.40625 0.95 0.4078125 0.94375 0.4015625 0.934375 0.3984375 0.9109375 0.3984375 0.8984375 0.403125 0.896875 0.371875 0.903125 0.359375 0.903125 0.3484375 0.909375 0.346875 0.9140625 0.334375 0.921875 0.325 0.953125 0.3234375
1 0.315625 0.2734375 0.328125 0.2859375 0.3375 0.303125 0.3390625 0.31875 0.334375 0.33125 0.328125 0.33125 0.3234375 0.328125 0.3109375 0.328125 0.30625 0.315625 0.2921875 0.2921875 0.2921875 0.284375 0.296875 0.2765625 0.3140625 0.2734375
1 0.2265625 0.2703125 0.2359375 0.278125 0.2375 0.2890625 0.2359375 0.303125 0.23125 0.30625 0.2171875 0.3078125 0.2125 0.3078125 0.2046875 0.3 0.2046875 0.278125 0.20625 0.271875 0.2140625 0.2671875 0.225 0.2703125
3 0.8109375 0.3625 0.8109375 0.3484375 0.8140625 0.3453125 0.8140625 0.3375 0.821875 0.321875 0.828125 0.3234375 0.828125 0.3625 0.825 0.3640625 0.8125 0.3625
3 0.2671875 0.3453125 0.26875 0.334375 0.275 0.328125 0.284375 0.3390625 0.2859375 0.34375 0.284375 0.35625 0.2828125 0.3609375 0.2796875 0.3609375 0.2765625 0.35625 0.26875 0.353125 0.26875 0.346875
3 0.39375 0.3921875 0.396875 0.39375 0.3984375 0.4109375 0.4046875 0.4234375 0.403125 0.440625 0.396875 0.44375 0.3890625 0.4375 0.38125 0.4421875 0.3734375 0.453125 0.3671875 0.453125 0.3640625 0.4453125 0.3625 0.4328125 0.3640625 0.4125 0.3765625 0.4140625 0.384375 0.40625 0.3859375 0.3984375 0.390625 0.396875 0.3921875 0.39375
3 0.9625 0.2640625 0.9671875 0.265625 0.9671875 0.2734375 0.9640625 0.2796875 0.9609375 0.2734375 0.9625 0.265625
3 0.5390625 0.359375 0.54375 0.3671875 0.5421875 0.3734375 0.546875 0.3828125 0.546875 0.396875 0.54375 0.4015625 0.540625 0.4015625 0.5359375 0.3953125 0.5328125 0.3953125 0.521875 0.4078125 0.51875 0.40625 0.515625 0.3953125 0.5171875 0.3734375 0.5359375 0.371875 0.5390625 0.3671875 0.5390625 0.3609375
3 0.8640625 0.275 0.865625 0.2875 0.8625 0.290625 0.85625 0.290625 0.85625 0.2796875 0.8625 0.275
4 0.32734375 0.32265625 0.01015625 0.00625
4 0.3625 0.425 0.3671875 0.425 0.365625 0.43125 0.3625 0.43125 0.3625 0.4265625
4 0.0578125 0.809375 0.0609375 0.809375 0.075 0.8265625 0.075 0.8390625 0.0734375 0.8390625 0.059375 0.8234375 0.0578125 0.8109375
4 0.7640625 0.446875 0.765625 0.4453125 0.778125 0.446875 0.7796875 0.4484375 0.778125 0.453125 0.76875 0.453125 0.765625 0.4515625 0.765625 0.4484375
4 0.9265625 0.3890625 0.928125 0.396875 0.9171875 0.396875 0.9125 0.3921875 0.9140625 0.3890625 0.925 0.3890625
4 0.51796875 0.3859375 0.00546875 0.00703125