1 0.8140625 0.234375 0.81875 0.2421875 0.8203125 0.2625 0.8125 0.2703125 0.8046875 0.26875 0.8046875 0.24375 0.803125 0.2421875 0.8046875 0.2359375 0.8125 0.234375
1 0.01875 0.2875 0.021875 0.290625 0.015625 0.296875 0.0109375 0.3203125 0.0015625 0.3109375 0 0.2890625 0.0078125 0.2859375 0.0171875 0.2875
1 0.659375 0.2953125 0.6703125 0.2984375 0.671875 0.3015625 0.6734375 0.3375 0.671875 0.3453125 0.6609375 0.346875 0.653125 0.3578125 0.6453125 0.35625 0.6421875 0.353125 0.621875 0.353125 0.6203125 0.3515625 0.6203125 0.3296875 0.621875 0.3234375 0.6296875 0.315625 0.6359375 0.3 0.646875 0.2953125 0.6578125 0.2953125
1 0.0421875 0.3359375 0.0515625 0.3421875 0.0578125 0.353125 0.0671875 0.38125 0.0671875 0.4015625 0.065625 0.403125 0.0328125 0.4015625 0.01875 0.4046875 0.0140625 0.4015625 0.0125 0.396875 0.00625 0.39375 0.0046875 0.3859375 0.00625 0.3546875 0.0125 0.3390625 0.01875 0.334375 0.0390625 0.334375 0.040625 0.3359375
1 0.0390625 0.271875 0.053125 0.2703125 0.059375 0.2734375 0.0640625 0.2796875 0.0640625 0.2828125 0.0484375 0.290625 0.0390625 0.2859375 0.0375 0.2828125 0.0390625 0.2734375
1 0.403125 0.4203125 0.4203125 0.4234375 0.428125 0.4296875 0.434375 0.4484375 0.434375 0.4609375 0.4375 0.46875 0.4375 0.4984375 0.4359375 0.50625 0.43125 0.5125 0.4203125 0.5109375 0.3921875 0.528125 0.3875 0.540625 0.38125 0.546875 0.3765625 0.5453125 0.371875 0.5375 0.3609375 0.5375 0.35 0.5328125 0.3328125 0.53125 0.3265625 0.5203125 0.3265625 0.5015625 0.3328125 0.4796875 0.34375 0.465625 0.346875 0.4546875 0.3609375 0.434375 0.3796875 0.421875 0.3921875 0.41875 0.4015625 0.4203125
1 0.759375 0.240625 0.7703125 0.2484375 0.7703125 0.2515625 0.75 0.253125 0.74375 0.2578125 0.740625 0.265625 0.7390625 0.2640625 0.7390625 0.2453125 0.7421875 0.2421875 0.7578125 0.240625
1 0.6765625 0.36875 0.6890625 0.375 0.696875 0.403125 0.6984375 0.4578125 0.6953125 0.4625 0.690625 0.4625 0.6859375 0.4578125 0.6453125 0.453125 0.6453125 0.396875 0.6484375 0.390625 0.65 0.3765625 0.6578125 0.36875 0.675 0.36875
1 0.0484375 0.3 0.0765625 0.303125 0.0859375 0.31875 0.084375 0.3265625 0.0765625 0.3265625 0.0734375 0.3296875 0.071875 0.3359375 0.0734375 0.3640625 0.0640625 0.3625 0.05625 0.34375 0.0484375 0.3359375 0.0375 0.33125 0.0375 0.321875 0.040625 0.3171875 0.0421875 0.3078125 0.0484375 0.3015625
1 0.1375 0.3078125 0.1421875 0.309375 0.1515625 0.31875 0.153125 0.328125 0.1578125 0.3359375 0.15625 0.3546875 0.153125 0.3609375 0.15 0.3609375 0.146875 0.35625 0.13125 0.325 0.1171875 0.3125 0.121875 0.3078125 0.1359375 0.3078125
1 0.7375 0.290625 0.7359375 0.2765625 0.740625 0.2640625 0.7484375 0.2546875 0.75625 0.253125 0.765625 0.2546875 0.76875 0.259375 0.76875 0.2859375 0.7578125 0.2921875 0.7390625 0.290625
1 0.075 0.284375 0.08125 0.2921875 0.0796875 0.303125 0.075 0.3 0.059375 0.3 0.053125 0.296875 0.053125 0.2890625 0.059375 0.284375 0.0734375 0.284375
1 0.1671875 0.325 0.171875 0.3234375 0.2015625 0.325 0.215625 0.3390625 0.225 0.3625 0.225 0.378125 0.2203125 0.3859375 0.2125 0.3828125 0.196875 0.3828125 0.1875 0.3890625 0.18125 0.378125 0.171875 0.3734375 0.1640625 0.3796875 0.159375 0.378125 0.15625 0.3578125 0.1625 0.3328125 0.1671875 0.3265625
1 0 0.3125 0.0109375 0.321875 0.0140625 0.3296875 0.0140625 0.3359375 0.0046875 0.3546875 0.003125 0.36875 0 0.371875 0 0.3140625
1 0.8 0.2375 0.803125 0.2421875 0.803125 0.2703125 0.7984375 0.2765625 0.7890625 0.28125 0.7828125 0.278125 0.7703125 0.2765625 0.7703125 0.25625 0.7796875 0.2390625 0.7984375 0.2375
1 0.090625 0.31875 0.1171875 0.3171875 0.125 0.321875 0.13125 0.328125 0.14375 0.353125 0.1484375 0.3703125 0.1484375 0.39375 0.1453125 0.3984375 0.1421875 0.3984375 0.1375 0.390625 0.1171875 0.390625 0.1125 0.3921875 0.10625 0.4015625 0.103125 0.4015625 0.0984375 0.3953125 0.0953125 0.378125 0.090625 0.378125 0.0875 0.3859375 0.08125 0.3875 0.0765625 0.3734375 0.0765625 0.3546875 0.0734375 0.334375 0.0765625 0.328125 0.0828125 0.3296875 0.0859375 0.328125 0.090625 0.3203125
1 0.8234375 0.24375 0.0203125 0.0390625
1 0.2015625 0.2640625 0.20625 0.275 0.20625 0.290625 0.2078125 0.2921875 0.2078125 0.30625 0.2046875 0.31875 0.2015625 0.321875 0.1953125 0.315625 0.1875 0.315625 0.18125 0.3203125 0.175 0.3203125 0.1671875 0.3125 0.165625 0.315625 0.159375 0.315625 0.1578125 0.3109375 0.159375 0.2890625 0.175 0.265625 0.1765625 0.2640625 0.2 0.2640625
1 0.1046875 0.2953125 0.1109375 0.3015625 0.115625 0.3125 0.1109375 0.315625 0.0953125 0.315625 0.09375 0.3171875 0.0875 0.3171875 0.08125 0.303125 0.08125 0.296875 0.084375 0.29375 0.1015625 0.29375 0.103125 0.2953125
1 0.0171875 0.33125 0.0140625 0.3265625 0.0125 0.3171875 0.015625 0.3 0.021875 0.2890625 0.046875 0.290625 0.05 0.29375 0.05 0.2984375 0.040625 0.3078125 0.0359375 0.3203125 0.0359375 0.33125 0.01875 0.33125
1 0.725 0.271875 0.7296875 0.2765625 0.73125 0.2828125 0.73125 0.303125 0.7296875 0.3078125 0.7203125 0.3109375 0.715625 0.3171875 0.690625 0.315625 0.6890625 0.3140625 0.690625 0.29375 0.696875 0.2796875 0.703125 0.2734375 0.7234375 0.271875
3 0.34375 0.3546875 0.3484375 0.3625 0.3484375 0.3734375 0.353125 0.384375 0.3515625 0.4 0.3484375 0.4 0.340625 0.390625 0.3359375 0.390625 0.3328125 0.396875 0.325 0.3953125 0.321875 0.390625 0.3234375 0.3625 0.3265625 0.3703125 0.3328125 0.3734375 0.3359375 0.3671875 0.3421875 0.3625 0.34375 0.35625
4 0.2078125 0.36875 0.2171875 0.36875 0.2171875 0.3734375 0.2140625 0.375 0.209375 0.375 0.20625 0.371875 0.2078125 0.3703125
4 0.0375 0.3890625 0.0484375 0.3875 0.053125 0.3890625 0.05 0.3953125 0.040625 0.3953125 0.0375 0.390625
4 0.6984375 0.30625 0.7 0.3109375 0.6953125 0.3125 0.690625 0.3109375 0.690625 0.3078125 0.696875 0.30625
4 0.67421875 0.44765625 0.0125 0.00859375
4 0.63359375 0.34375 0.01015625 0.00703125
4 0.1359375 0.371875 0.1359375 0.3765625 0.1328125 0.378125 0.1203125 0.378125 0.11875 0.3734375 0.134375 0.371875
4 0.2 0.2953125 0.203125 0.2984375 0.2015625 0.303125 0.1875 0.303125 0.1890625 0.296875 0.1984375 0.2953125
4 0.146875 0.3484375 0.153125 0.35 0.15 0.3578125 0.146875 0.35625 0.146875 0.35
4 0.3375 0.5109375 0.35 0.5140625 0.3515625 0.521875 0.3359375 0.5203125 0.334375 0.515625 0.3359375 0.5125