1 0.3359375 0.2953125 0.3453125 0.2984375 0.3546875 0.3203125 0.3515625 0.334375 0.3515625 0.346875 0.3453125 0.3515625 0.3390625 0.3484375 0.3359375 0.3375 0.33125 0.334375 0.3265625 0.321875 0.3171875 0.3109375 0.31875 0.3 0.3234375 0.296875 0.334375 0.2953125
1 0.15 0.2171875 0.1578125 0.2171875 0.1640625 0.2234375 0.1625 0.228125 0.1578125 0.228125 0.153125 0.23125 0.15 0.2265625 0.15 0.21875
1 0.1921875 0.2515625 0.1921875 0.246875 0.1953125 0.2421875 0.20625 0.2421875 0.209375 0.246875 0.209375 0.2546875 0.203125 0.25625 0.19375 0.2515625
1 0.1921875 0.2515625 0.2015625 0.25625 0.2 0.2875 0.1859375 0.290625 0.1828125 0.2859375 0.18125 0.265625 0.184375 0.2625 0.1859375 0.2546875 0.190625 0.253125
1 0.2203125 0.2359375 0.234375 0.2390625 0.2375 0.24375 0.2265625 0.25 0.225 0.2578125 0.21875 0.2578125 0.209375 0.253125 0.209375 0.2390625 0.21875 0.2359375
1 0.290625 0.3 0.296875 0.3046875 0.3 0.3140625 0.2953125 0.315625 0.2875 0.3234375 0.2859375 0.3453125 0.2828125 0.3515625 0.278125 0.3515625 0.2703125 0.3421875 0.2625 0.3421875 0.259375 0.33125 0.259375 0.3203125 0.2609375 0.3109375 0.265625 0.303125 0.2703125 0.3 0.2796875 0.2984375 0.2890625 0.3
1 0.675 0.2984375 0.6796875 0.3 0.6828125 0.309375 0.6921875 0.3171875 0.696875 0.3265625 0.703125 0.328125 0.70625 0.3328125 0.70625 0.3453125 0.7 0.3578125 0.696875 0.3578125 0.69375 0.353125 0.68125 0.353125 0.6625 0.3359375 0.634375 0.3375 0.634375 0.3234375 0.6390625 0.3 0.6734375 0.2984375
1 0.1890625 0.2359375 0.1921875 0.2375 0.19375 0.2421875 0.184375 0.2578125 0.1828125 0.265625 0.178125 0.265625 0.1734375 0.2625 0.171875 0.2578125 0.1765625 0.2375 0.1875 0.2359375
1 0.9984375 0.2875 0.9984375 0.328125 0.98125 0.328125 0.9796875 0.3265625 0.96875 0.328125 0.9671875 0.325 0.9703125 0.3 0.975 0.29375 0.9796875 0.2890625 0.996875 0.2875
1 0.2109375 0.3109375 0.2078125 0.2984375 0.2109375 0.278125 0.2171875 0.2734375 0.2265625 0.271875 0.234375 0.275 0.2375 0.28125 0.2296875 0.3015625 0.228125 0.3140625 0.2203125 0.3171875 0.2125 0.3109375
1 0 0.4890625 0.0234375 0.4890625 0.034375 0.49375 0.040625 0.5 0.05625 0.5046875 0.090625 0.5078125 0.1046875 0.5125 0.1171875 0.5375 0.1171875 0.55625 0.1 0.578125 0.0921875 0.58125 0.0765625 0.5734375 0.0671875 0.578125 0.046875 0.5828125 0.04375 0.5859375 0.0328125 0.5875 0.0296875 0.590625 0.01875 0.5921875 0.0109375 0.596875 0 0.5984375 0 0.490625
1 0.2375 0.246875 0.246875 0.2484375 0.2546875 0.2546875 0.2546875 0.2671875 0.25 0.2796875 0.246875 0.2828125 0.240625 0.2828125 0.225 0.2578125 0.228125 0.2484375 0.2359375 0.2484375
1 0.1703125 0.2296875 0.175 0.2359375 0.171875 0.2578125 0.16875 0.25625 0.1609375 0.2578125 0.153125 0.2515625 0.1546875 0.23125 0.159375 0.228125 0.16875 0.2296875
1 0.2375 0.284375 0.253125 0.284375 0.2640625 0.3 0.2625 0.3078125 0.259375 0.3109375 0.25625 0.33125 0.2421875 0.3328125 0.2328125 0.3234375 0.2296875 0.3140625 0.23125 0.3 0.2375 0.2859375
1 0.9984375 0.25 0.9984375 0.2734375 0.99375 0.2765625 0.990625 0.275 0.990625 0.259375 0.99375 0.253125 0.996875 0.2515625
1 0.8796875 0.2734375 0.88125 0.2859375 0.875 0.3140625 0.8578125 0.3109375 0.8515625 0.315625 0.8484375 0.3078125 0.8484375 0.29375 0.85625 0.275 0.8625 0.271875 0.878125 0.2734375
1 0.80625 0.2859375 0.8109375 0.2875 0.8234375 0.3015625 0.825 0.3078125 0.8234375 0.33125 0.8203125 0.3328125 0.8171875 0.3296875 0.815625 0.33125 0.8109375 0.3296875 0.8109375 0.3140625 0.8078125 0.30625 0.8046875 0.3078125 0.803125 0.3140625 0.79375 0.3125 0.7890625 0.315625 0.7890625 0.3078125 0.7859375 0.3046875 0.7828125 0.315625 0.7796875 0.31875 0.7796875 0.3359375 0.775 0.3375 0.771875 0.3328125 0.7703125 0.3234375 0.771875 0.3078125 0.78125 0.2890625 0.8046875 0.2875
1 0.275 0.2578125 0.28125 0.259375 0.2859375 0.2640625 0.2890625 0.271875 0.290625 0.2875 0.2875 0.296875 0.271875 0.296875 0.2703125 0.2984375 0.265625 0.2984375 0.25625 0.28125 0.2546875 0.2671875 0.259375 0.2578125 0.2734375 0.2578125
1 0.153125 0.259375 0.1578125 0.2625 0.1609375 0.26875 0.1640625 0.2921875 0.1640625 0.3015625 0.153125 0.303125 0.1546875 0.2875 0.1546875 0.275 0.1515625 0.2640625 0.153125 0.2609375
1 0.96875 0.253125 0.971875 0.2546875 0.975 0.2625 0.975 0.28125 0.965625 0.2796875 0.953125 0.28125 0.9515625 0.2796875 0.9515625 0.2640625 0.9546875 0.2546875 0.9671875 0.253125
1 0.928125 0.2578125 0.9296875 0.259375 0.9359375 0.2578125 0.940625 0.2609375 0.946875 0.2734375 0.9453125 0.2859375 0.9421875 0.2890625 0.9265625 0.2875 0.921875 0.290625 0.9171875 0.290625 0.915625 0.2734375 0.91875 0.2609375 0.9265625 0.259375
1 0.3125 0.3140625 0.321875 0.31875 0.3296875 0.3359375 0.3359375 0.34375 0.3375 0.3625 0.3359375 0.3671875 0.3328125 0.36875 0.309375 0.3703125 0.303125 0.375 0.3 0.3734375 0.2984375 0.3671875 0.29375 0.3625 0.2890625 0.3625 0.2859375 0.3578125 0.2875 0.3265625 0.29375 0.3171875 0.3109375 0.3140625
1 0.3796875 0.31875 0.3875 0.321875 0.3953125 0.3296875 0.396875 0.3359375 0.40625 0.3484375 0.40625 0.3734375 0.4046875 0.3765625 0.3828125 0.375 0.3765625 0.378125 0.3734375 0.378125 0.3703125 0.371875 0.3640625 0.3671875 0.3546875 0.3671875 0.353125 0.3375 0.359375 0.3203125 0.378125 0.31875
1 0.6296875 0.3390625 0.6625 0.3375 0.671875 0.34375 0.671875 0.346875 0.68125 0.35625 0.684375 0.365625 0.684375 0.38125 0.6828125 0.3859375 0.678125 0.3890625 0.66875 0.3875 0.665625 0.390625 0.659375 0.390625 0.6515625 0.4 0.640625 0.396875 0.6390625 0.3921875 0.634375 0.3890625 0.6265625 0.390625 0.6203125 0.396875 0.615625 0.3875 0.615625 0.3671875 0.621875 0.3484375 0.6296875 0.340625
1 0.30625 0.2984375 0.03203125 0.0296875
1 0.903125 0.26875 0.9078125 0.271875 0.9140625 0.2828125 0.9125 0.296875 0.9078125 0.2984375 0.8984375 0.296875 0.89375 0.2984375 0.8921875 0.2875 0.8859375 0.28125 0.8859375 0.275 0.890625 0.2703125 0.9015625 0.26875
1 0.209375 0.25625 0.225 0.2625 0.228125 0.2671875 0.228125 0.271875 0.215625 0.2734375 0.209375 0.2796875 0.20625 0.296875 0.203125 0.296875 0.2015625 0.2890625 0.2015625 0.2625 0.203125 0.2578125 0.2078125 0.2578125
3 0.74375 0.353125 0.7484375 0.3609375 0.7578125 0.36875 0.75625 0.39375 0.7515625 0.396875 0.7515625 0.39375 0.7453125 0.390625 0.740625 0.4 0.7359375 0.3984375 0.7359375 0.3796875 0.740625 0.3546875 0.7421875 0.3546875
3 0.8 0.3390625 0.8015625 0.3421875 0.8 0.365625 0.79375 0.36875 0.7828125 0.365625 0.7828125 0.353125 0.790625 0.340625 0.7984375 0.3390625
4 0.4 0.3625 0.4 0.3671875 0.396875 0.36875 0.3921875 0.36875 0.390625 0.3640625 0.3984375 0.3625
4 0.6296875 0.365625 0.6328125 0.36875 0.6328125 0.3734375 0.625 0.371875 0.625 0.36875 0.628125 0.3671875