1 0.05546875 0.26953125 0.034375 0.04140625
1 0.89375 0.446875 0.9109375 0.453125 0.921875 0.4546875 0.9265625 0.4578125 0.940625 0.459375 0.95 0.4640625 0.9515625 0.4671875 0.9375 0.4875 0.9140625 0.5109375 0.90625 0.515625 0.8984375 0.5171875 0.896875 0.5203125 0.884375 0.5234375 0.865625 0.540625 0.8390625 0.53125 0.8265625 0.53125 0.81875 0.540625 0.809375 0.540625 0.803125 0.5359375 0.8 0.5296875 0.7984375 0.5171875 0.7921875 0.5046875 0.7921875 0.4953125 0.8 0.4765625 0.80625 0.471875 0.8265625 0.4671875 0.840625 0.46875 0.8703125 0.4484375 0.8921875 0.446875
1 0.034375 0.2484375 0.0390625 0.25 0.040625 0.253125 0.0359375 0.2703125 0.0359375 0.278125 0.03125 0.2796875 0.0203125 0.278125 0.01875 0.2640625 0.025 0.25 0.0328125 0.2484375
1 0.184375 0.321875 0.190625 0.3234375 0.196875 0.3296875 0.2015625 0.340625 0.209375 0.3484375 0.2125 0.359375 0.2125 0.3734375 0.209375 0.38125 0.184375 0.3796875 0.1765625 0.384375 0.1734375 0.384375 0.1703125 0.3796875 0.1703125 0.375 0.165625 0.3703125 0.1578125 0.3703125 0.153125 0.3765625 0.1484375 0.3734375 0.1453125 0.3515625 0.1515625 0.3296875 0.1578125 0.321875 0.1703125 0.3203125 0.1828125 0.321875
1 0.7 0.2875 0.7046875 0.2890625 0.7078125 0.2953125 0.709375 0.321875 0.7078125 0.328125 0.6953125 0.3359375 0.684375 0.3328125 0.6703125 0.3328125 0.6671875 0.328125 0.6671875 0.321875 0.671875 0.3015625 0.6796875 0.2890625 0.6984375 0.2875
1 0.7265625 0.2921875 0.7515625 0.290625 0.7578125 0.2953125 0.7609375 0.3015625 0.7609375 0.31875 0.7578125 0.328125 0.753125 0.328125 0.74375 0.3375 0.7171875 0.3375 0.7125 0.3359375 0.7109375 0.3328125 0.7109375 0.3234375 0.71875 0.3046875 0.7265625 0.29375
1 0.1078125 0.3140625 0.121875 0.3234375 0.1359375 0.3515625 0.1390625 0.365625 0.1390625 0.3875 0.1359375 0.3921875 0.1328125 0.3921875 0.1296875 0.3859375 0.125 0.3828125 0.109375 0.384375 0.1015625 0.3875 0.096875 0.3953125 0.090625 0.39375 0.0890625 0.3796875 0.0859375 0.371875 0.0796875 0.375 0.078125 0.3828125 0.0734375 0.3828125 0.06875 0.3703125 0.065625 0.328125 0.06875 0.3234375 0.0765625 0.3234375 0.078125 0.31875 0.084375 0.3140625 0.096875 0.3125 0.10625 0.3140625
1 0.3 0.3125 0.3015625 0.3140625 0.3046875 0.3125 0.3203125 0.3140625 0.325 0.31875 0.3328125 0.34375 0.33125 0.3671875 0.309375 0.3671875 0.3046875 0.3703125 0.2984375 0.3703125 0.2921875 0.359375 0.2828125 0.359375 0.275 0.3625 0.271875 0.35625 0.2734375 0.334375 0.28125 0.328125 0.28125 0.325 0.290625 0.3140625 0.2984375 0.3125
1 0.9984375 0.44375 0.9984375 0.65625 0.978125 0.6515625 0.959375 0.6421875 0.9546875 0.6421875 0.9375 0.6359375 0.934375 0.6328125 0.9203125 0.6296875 0.9171875 0.6296875 0.9078125 0.640625 0.896875 0.640625 0.8828125 0.6296875 0.878125 0.6203125 0.8765625 0.6109375 0.865625 0.6015625 0.8609375 0.5875 0.8625 0.5578125 0.865625 0.546875 0.8734375 0.534375 0.8859375 0.525 0.8984375 0.521875 0.915625 0.5125 0.925 0.5 0.940625 0.4859375 0.9421875 0.48125 0.953125 0.46875 0.9578125 0.4671875 0.971875 0.4546875 0.996875 0.44375
1 0.784375 0.2390625 0.796875 0.234375 0.8046875 0.234375 0.8078125 0.2375 0.809375 0.246875 0.809375 0.2625 0.80625 0.271875 0.7984375 0.2765625 0.784375 0.2765625 0.7796875 0.253125 0.7796875 0.2484375 0.784375 0.240625
1 0.84375 0.221875 0.8453125 0.2234375 0.8453125 0.2515625 0.834375 0.253125 0.8328125 0.240625 0.8328125 0.2265625 0.8359375 0.2234375 0.8421875 0.2234375
1 0 0.303125 0.009375 0.3046875 0.0140625 0.309375 0.0171875 0.31875 0.021875 0.3234375 0.025 0.3390625 0.025 0.3578125 0 0.3578125 0 0.3046875
1 0.7765625 0.25 0.78125 0.265625 0.78125 0.2796875 0.771875 0.2859375 0.7609375 0.2859375 0.7578125 0.2828125 0.7578125 0.2703125 0.7546875 0.2578125 0.7609375 0.25 0.775 0.25
1 0.7234375 0.2671875 0.7296875 0.2859375 0.7234375 0.2921875 0.7109375 0.315625 0.7078125 0.2921875 0.703125 0.2875 0.696875 0.2859375 0.6953125 0.2828125 0.703125 0.271875 0.709375 0.26875 0.721875 0.2671875
1 0.8265625 0.225 0.8296875 0.228125 0.8296875 0.240625 0.8328125 0.2546875 0.825 0.2625 0.8203125 0.2625 0.81875 0.246875 0.8125 0.2375 0.8125 0.2296875 0.8203125 0.225 0.825 0.225
1 0.7484375 0.2578125 0.753125 0.259375 0.75625 0.26875 0.75625 0.2890625 0.7546875 0.290625 0.7328125 0.2890625 0.728125 0.2828125 0.7265625 0.278125 0.728125 0.2765625 0.7234375 0.26875 0.7328125 0.259375 0.746875 0.2578125
1 0 0.2734375 0 0.253125 0.0015625 0.2515625 0.00625 0.2515625 0.009375 0.2546875 0.0140625 0.26875 0.0109375 0.2765625 0.0015625 0.2734375
1 0.0734375 0.2859375 0.071875 0.26875 0.078125 0.2546875 0.0984375 0.2546875 0.103125 0.2703125 0.103125 0.2859375 0.1 0.290625 0.0953125 0.2875 0.0828125 0.2890625 0.075 0.2859375
1 0.7828125 0.678125 0.8296875 0.6984375 0.865625 0.7234375 0.89375 0.7546875 0.9 0.75625 0.9046875 0.7671875 0.915625 0.7828125 0.9328125 0.8 0.946875 0.809375 0.98125 0.8390625 0.9890625 0.8484375 0.9953125 0.8625 0.9984375 0.8640625 0.9984375 0.9453125 0.9953125 0.946875 0.9953125 0.9625 0.9984375 0.9640625 0.9984375 0.9796875 0.9796875 0.9953125 0.9484375 0.996875 0.93125 0.9890625 0.9265625 0.9890625 0.9203125 0.9953125 0.903125 0.9984375 0.890625 0.9953125 0.878125 0.9859375 0.871875 0.9765625 0.8703125 0.9609375 0.8640625 0.94375 0.8515625 0.9375 0.83125 0.9203125 0.8234375 0.9171875 0.8046875 0.903125 0.7984375 0.9015625 0.7828125 0.8875 0.759375 0.8765625 0.74375 0.8609375 0.740625 0.8609375 0.7265625 0.8515625 0.721875 0.8515625 0.7140625 0.8609375 0.709375 0.8625 0.7015625 0.8609375 0.69375 0.85625 0.68125 0.8359375 0.6796875 0.81875 0.6578125 0.790625 0.65625 0.7578125 0.659375 0.7484375 0.659375 0.728125 0.665625 0.709375 0.6703125 0.7015625 0.6828125 0.6890625 0.7046875 0.68125 0.7296875 0.684375 0.740625 0.6828125 0.75625 0.6765625 0.78125 0.678125
1 0.1234375 0.303125 0.1359375 0.309375 0.146875 0.3296875 0.1484375 0.3375 0.14375 0.35625 0.1390625 0.35625 0.125 0.3234375 0.1171875 0.315625 0.1015625 0.3109375 0.1046875 0.3046875 0.121875 0.303125
5 0.184375 0.24375 0.1875 0.2640625 0.1875 0.3 0.178125 0.3046875 0.1765625 0.3140625 0.1734375 0.3171875 0.1640625 0.3125 0.153125 0.3125 0.15 0.31875 0.146875 0.31875 0.1421875 0.3109375 0.125 0.3 0.1265625 0.2421875 0.1296875 0.2390625 0.16875 0.2390625 0.1828125 0.24375
3 0.5984375 0.3421875 0.6015625 0.3484375 0.6015625 0.365625 0.596875 0.3765625 0.59375 0.378125 0.5890625 0.3765625 0.5890625 0.3625 0.590625 0.3609375 0.590625 0.3453125 0.59375 0.340625 0.596875 0.3421875
3 0.790625 0.3875 0.7953125 0.3921875 0.8015625 0.4078125 0.8 0.4125 0.790625 0.4203125 0.784375 0.4421875 0.78125 0.44375 0.7734375 0.4296875 0.7765625 0.38125 0.784375 0.3796875 0.7890625 0.3875
3 0.24375 0.3046875 0.246875 0.309375 0.253125 0.3109375 0.253125 0.33125 0.24375 0.3328125 0.240625 0.328125 0.240625 0.3078125 0.2421875 0.30625
3 0.0640625 0.3078125 0.06875 0.3078125 0.0734375 0.3046875 0.078125 0.3140625 0.078125 0.3203125 0.0734375 0.325 0.065625 0.328125 0.0640625 0.3265625 0.0640625 0.309375
3 0.2078125 0.328125 0.2109375 0.33125 0.2125 0.34375 0.2171875 0.353125 0.2171875 0.3625 0.2140625 0.3625 0.209375 0.3484375 0.2015625 0.3390625 0.2015625 0.3328125 0.20625 0.328125
3 0.534375 0.328125 0.5390625 0.3265625 0.5453125 0.3328125 0.55 0.33125 0.5546875 0.3328125 0.5609375 0.3421875 0.5609375 0.3484375 0.5546875 0.359375 0.5390625 0.35625 0.5359375 0.3609375 0.53125 0.3625 0.528125 0.3609375 0.5265625 0.3484375 0.53125 0.3328125 0.534375 0.3296875
3 0.2046875 0.328125 0.209375 0.3296875 0.2125 0.3375 0.2125 0.346875 0.20625 0.3453125 0.2015625 0.3375 0.2015625 0.3328125 0.2046875 0.3296875
4 0.065625 0.2734375 0.0671875 0.275 0.065625 0.278125 0.053125 0.2765625 0.05625 0.2734375 0.0640625 0.2734375
4 0.121875 0.36953125 0.0140625 0.00703125
4 0.1953125 0.3640625 0.2046875 0.3625 0.2046875 0.3671875 0.2015625 0.3703125 0.1953125 0.3703125 0.19375 0.3671875 0.1953125 0.365625
4 0.3265625 0.353125 0.3265625 0.3609375 0.3203125 0.3625 0.3171875 0.3609375 0.315625 0.3546875 0.325 0.353125