1 0.9890625 0.2671875 0.990625 0.2765625 0.984375 0.2828125 0.9640625 0.2828125 0.9625 0.278125 0.9671875 0.2703125 0.975 0.265625 0.9875 0.2671875
1 0.925 0.2796875 0.9296875 0.2828125 0.928125 0.2921875 0.9296875 0.303125 0.91875 0.30625 0.915625 0.3046875 0.9140625 0.2828125 0.9234375 0.28125
1 0.4140625 0.4484375 0.421875 0.4546875 0.4453125 0.4953125 0.446875 0.5359375 0.440625 0.54375 0.440625 0.55 0.4375 0.55625 0.4328125 0.5578125 0.4265625 0.546875 0.4125 0.5484375 0.396875 0.553125 0.3875 0.56875 0.3796875 0.565625 0.3765625 0.5453125 0.36875 0.5359375 0.3609375 0.53125 0.3578125 0.53125 0.353125 0.5359375 0.3484375 0.5359375 0.3453125 0.53125 0.3421875 0.5125 0.34375 0.484375 0.3453125 0.4796875 0.3546875 0.471875 0.365625 0.4546875 0.38125 0.4484375 0.3984375 0.4453125 0.4125 0.4484375
1 0.9296875 0.290625 0.93125 0.284375 0.9421875 0.275 0.95625 0.275 0.959375 0.2796875 0.95625 0.2828125 0.9515625 0.2828125 0.946875 0.2875 0.9390625 0.303125 0.9359375 0.3046875 0.93125 0.303125 0.9296875 0.296875 0.93125 0.2921875
1 0.9796875 0.8734375 0.9984375 0.8765625 0.9984375 0.9828125 0.996875 0.984375 0.9984375 0.996875 0.9953125 0.9984375 0.878125 0.9984375 0.8765625 0.9953125 0.8796875 0.9703125 0.8921875 0.934375 0.909375 0.909375 0.921875 0.8984375 0.9375 0.8890625 0.953125 0.8828125 0.959375 0.8828125 0.971875 0.875 0.978125 0.875
1 0.19375 0.240625 0.1984375 0.2421875 0.2078125 0.2546875 0.209375 0.26875 0.20625 0.271875 0.1890625 0.2703125 0.1859375 0.265625 0.18125 0.265625 0.1796875 0.25625 0.18125 0.24375 0.1859375 0.2390625 0.1921875 0.240625
1 0.9671875 0.334375 0.98125 0.328125 0.9984375 0.3296875 0.9984375 0.403125 0.9765625 0.396875 0.9484375 0.3984375 0.946875 0.39375 0.9484375 0.371875 0.9578125 0.3484375 0.9671875 0.3359375
1 0.259375 0.2953125 0.2609375 0.296875 0.278125 0.2953125 0.2859375 0.3 0.2953125 0.321875 0.296875 0.3296875 0.2953125 0.340625 0.29375 0.3421875 0.271875 0.3421875 0.265625 0.346875 0.2640625 0.340625 0.259375 0.3359375 0.2546875 0.3375 0.253125 0.3359375 0.25 0.3078125 0.253125 0.3 0.2578125 0.296875
1 0.3265625 0.2890625 0.3390625 0.3046875 0.34375 0.31875 0.34375 0.33125 0.3328125 0.3359375 0.3140625 0.3359375 0.309375 0.3296875 0.3 0.328125 0.3 0.303125 0.3046875 0.2921875 0.3078125 0.2890625 0.325 0.2890625
1 0.9625 0.28125 0.9671875 0.284375 0.9828125 0.284375 0.984375 0.2875 0.984375 0.3078125 0.9796875 0.3234375 0.96875 0.33125 0.9625 0.3328125 0.9578125 0.3109375 0.9515625 0.30625 0.9421875 0.30625 0.9453125 0.2921875 0.953125 0.284375 0.9609375 0.2828125
1 0.1640625 0.240625 0.1703125 0.24375 0.178125 0.2609375 0.1765625 0.2734375 0.171875 0.278125 0.1578125 0.278125 0.153125 0.2703125 0.1515625 0.2421875 0.1625 0.240625
1 0.9984375 0.2796875 0.9984375 0.3 0.9890625 0.30625 0.9859375 0.3046875 0.984375 0.3 0.9859375 0.2859375 0.996875 0.2796875
1 0.8734375 0.30625 0.8765625 0.3078125 0.878125 0.315625 0.8703125 0.325 0.8640625 0.340625 0.8609375 0.3625 0.859375 0.3640625 0.8359375 0.3625 0.828125 0.3671875 0.825 0.3640625 0.825 0.3421875 0.828125 0.3296875 0.8375 0.3140625 0.85 0.3046875 0.8703125 0.3046875 0.871875 0.30625
1 0.95 0.3078125 0.9546875 0.309375 0.9578125 0.3140625 0.9609375 0.3375 0.95 0.359375 0.940625 0.3671875 0.9359375 0.365625 0.9390625 0.3515625 0.9390625 0.3390625 0.9375 0.3375 0.9375 0.31875 0.9328125 0.309375 0.9484375 0.3078125
1 0.98984375 0.31640625 0.01953125 0.02578125
2 0.90078125 0.353125 0.0765625 0.0796875
3 0.1296875 0.2703125 0.13125 0.275 0.1296875 0.2953125 0.1265625 0.2953125 0.121875 0.2828125 0.121875 0.2734375 0.128125 0.2703125
3 0.8828125 0.4140625 0.8875 0.4140625 0.8890625 0.425 0.896875 0.428125 0.9 0.4328125 0.8984375 0.440625 0.9015625 0.4546875 0.9046875 0.4578125 0.9109375 0.4546875 0.90625 0.475 0.9015625 0.4765625 0.896875 0.4703125 0.89375 0.4703125 0.8890625 0.4765625 0.8875 0.4859375 0.88125 0.4875 0.8796875 0.46875 0.8828125 0.4578125 0.8828125 0.4421875 0.8859375 0.434375 0.8828125 0.415625
3 0.7625 0.415625 0.7734375 0.421875 0.778125 0.428125 0.7765625 0.4453125 0.78125 0.45625 0.78125 0.4703125 0.778125 0.478125 0.771875 0.4828125 0.76875 0.4921875 0.765625 0.4921875 0.7640625 0.4890625 0.7640625 0.421875 0.7625 0.4171875
3 0.77265625 0.31328125 0.01484375 0.02109375
3 0.7921875 0.3359375 0.8 0.340625 0.8046875 0.3625 0.8015625 0.3671875 0.784375 0.3671875 0.7828125 0.365625 0.78125 0.3546875 0.7859375 0.346875 0.7875 0.3375 0.790625 0.3359375
4 0.8328125 0.35 0.8453125 0.35 0.846875 0.353125 0.8453125 0.35625 0.8359375 0.35625 0.8328125 0.3515625
4 0.4234375 0.515625 0.01328125 0.01640625
4 0.9625 0.3828125 0.975 0.3828125 0.975 0.3875 0.9625 0.3875 0.9625 0.384375
4 0.76875 0.4375 0.771875 0.440625 0.771875 0.446875 0.7703125 0.4484375 0.765625 0.446875 0.765625 0.4390625 0.7671875 0.4390625
4 0.8796875 0.3765625 0.8859375 0.378125 0.8875 0.3796875 0.8859375 0.3828125 0.875 0.3828125 0.875 0.378125 0.878125 0.3765625
4 0.884375 0.4484375 0.884375 0.440625 0.8875 0.4375 0.890625 0.4390625 0.890625 0.446875 0.8859375 0.4484375