1 0.975 0.2828125 0.9796875 0.2796875 0.984375 0.271875 0.9984375 0.2703125 0.9984375 0.2875 0.9875 0.2890625 0.978125 0.3015625 0.975 0.3015625 0.975 0.284375
1 0.9078125 0.4921875 0.91875 0.5046875 0.9265625 0.5203125 0.9375 0.5515625 0.9484375 0.55625 0.9484375 0.5640625 0.9421875 0.56875 0.9421875 0.5765625 0.9546875 0.6171875 0.9546875 0.65625 0.953125 0.665625 0.95 0.66875 0.9265625 0.6625 0.884375 0.6625 0.8734375 0.659375 0.8640625 0.6640625 0.859375 0.6625 0.85625 0.6578125 0.853125 0.64375 0.8546875 0.6359375 0.853125 0.6234375 0.8484375 0.6171875 0.8453125 0.60625 0.834375 0.596875 0.8328125 0.590625 0.8328125 0.5453125 0.8375 0.53125 0.840625 0.5078125 0.846875 0.49375 0.853125 0.4890625 0.865625 0.4875 0.8921875 0.4875 0.903125 0.4890625 0.90625 0.4921875
1 0.8640625 0.334375 0.8765625 0.3390625 0.8796875 0.3484375 0.8828125 0.3765625 0.88125 0.378125 0.88125 0.3953125 0.878125 0.4015625 0.8703125 0.4 0.8640625 0.4015625 0.8609375 0.4046875 0.8578125 0.415625 0.8515625 0.415625 0.8484375 0.4109375 0.815625 0.4125 0.8109375 0.4015625 0.8109375 0.3875 0.8140625 0.375 0.8171875 0.371875 0.8171875 0.359375 0.8265625 0.3515625 0.834375 0.3390625 0.8453125 0.334375 0.8625 0.334375
1 0.2296875 0.25 0.2359375 0.25625 0.2359375 0.2859375 0.234375 0.2875 0.225 0.2859375 0.2203125 0.2671875 0.2140625 0.2734375 0.2140625 0.2765625 0.2125 0.2734375 0.2125 0.259375 0.215625 0.2515625 0.228125 0.25
1 0.3015625 0.284375 0.309375 0.284375 0.3109375 0.2875 0.3109375 0.315625 0.3125 0.3171875 0.3109375 0.3265625 0.2984375 0.3203125 0.2984375 0.2921875 0.3015625 0.2859375
1 0.9265625 0.3515625 0.95 0.3546875 0.9546875 0.3625 0.9578125 0.3796875 0.959375 0.403125 0.95625 0.421875 0.946875 0.4203125 0.94375 0.4234375 0.9421875 0.434375 0.9390625 0.4390625 0.9234375 0.43125 0.9015625 0.4296875 0.89375 0.434375 0.8890625 0.4328125 0.8875 0.4265625 0.8875 0.4078125 0.89375 0.3921875 0.8921875 0.378125 0.89375 0.375 0.9 0.371875 0.903125 0.3640625 0.9109375 0.3546875 0.925 0.3515625
1 0.98671875 0.27421875 0.0265625 0.03046875
1 0.9734375 0.3140625 0.9796875 0.31875 0.9984375 0.315625 0.9984375 0.3765625 0.9953125 0.3796875 0.990625 0.3765625 0.959375 0.3765625 0.9578125 0.375 0.953125 0.3578125 0.95625 0.3359375 0.9640625 0.33125 0.9734375 0.315625
1 0.2515625 0.25625 0.2609375 0.259375 0.265625 0.2640625 0.259375 0.2984375 0.2515625 0.3 0.2453125 0.29375 0.2375 0.2921875 0.2375 0.2578125 0.246875 0.2546875 0.25 0.25625
1 0.3 0.625 0.3109375 0.6296875 0.3203125 0.6375 0.3375 0.6296875 0.3421875 0.6296875 0.353125 0.634375 0.3765625 0.65 0.3828125 0.6609375 0.3859375 0.6765625 0.3875 0.703125 0.384375 0.7171875 0.38125 0.721875 0.3703125 0.7296875 0.365625 0.7390625 0.3546875 0.7765625 0.35 0.78125 0.340625 0.7828125 0.334375 0.7765625 0.3328125 0.76875 0.3296875 0.765625 0.3125 0.7734375 0.3109375 0.7765625 0.3015625 0.78125 0.24375 0.8234375 0.2328125 0.8390625 0.23125 0.853125 0.21875 0.8734375 0.2046875 0.88125 0.1953125 0.88125 0.1859375 0.86875 0.175 0.8703125 0.1609375 0.8765625 0.15 0.8765625 0.134375 0.865625 0.115625 0.8421875 0.1109375 0.8296875 0.1109375 0.8 0.1140625 0.7953125 0.1171875 0.778125 0.1234375 0.76875 0.14375 0.7484375 0.1859375 0.715625 0.2109375 0.675 0.23125 0.653125 0.253125 0.6390625 0.2671875 0.6328125 0.26875 0.6296875 0.278125 0.628125 0.28125 0.625 0.2984375 0.625
1 0.196875 0.240625 0.209375 0.2421875 0.2140625 0.2484375 0.2109375 0.259375 0.209375 0.2796875 0.1984375 0.278125 0.1921875 0.271875 0.1921875 0.2578125 0.1953125 0.2421875
1 0.184375 0.25390625 0.01953125 0.034375
1 0.1296875 0.2546875 0.1328125 0.2546875 0.134375 0.2828125 0.1375 0.2921875 0.1359375 0.296875 0.1296875 0.296875 0.1265625 0.2875 0.1265625 0.271875 0.1296875 0.25625
1 0.9859375 0.3015625 0.02890625 0.03125
1 0.7515625 0.3921875 0.765625 0.4015625 0.775 0.41875 0.7765625 0.45625 0.7734375 0.4625 0.771875 0.48125 0.765625 0.4921875 0.7625 0.4921875 0.7546875 0.484375 0.7421875 0.4875 0.734375 0.496875 0.73125 0.5140625 0.7265625 0.5203125 0.7203125 0.5203125 0.7125 0.5078125 0.703125 0.50625 0.6984375 0.503125 0.6859375 0.503125 0.6734375 0.5109375 0.6671875 0.503125 0.6625 0.4734375 0.6703125 0.4515625 0.68125 0.4375 0.6796875 0.428125 0.68125 0.425 0.6859375 0.425 0.7046875 0.403125 0.725 0.39375 0.75 0.3921875
1 0.284375 0.271875 0.2890625 0.2734375 0.296875 0.284375 0.296875 0.3109375 0.29375 0.315625 0.2796875 0.3171875 0.2765625 0.3171875 0.271875 0.3109375 0.2625 0.30625 0.2625 0.284375 0.265625 0.2734375 0.2828125 0.271875
5 0.16875 0.19375 0.1890625 0.2046875 0.1921875 0.2296875 0.190625 0.2359375 0.18125 0.2359375 0.1734375 0.2421875 0.171875 0.2609375 0.1671875 0.25625 0.1609375 0.2578125 0.1578125 0.2546875 0.1578125 0.24375 0.153125 0.2359375 0.15 0.221875 0.15 0.196875 0.153125 0.19375 0.1671875 0.19375
5 0.3484375 0.275 0.353125 0.2796875 0.3609375 0.3046875 0.3625 0.321875 0.359375 0.3390625 0.3578125 0.3375 0.346875 0.3390625 0.334375 0.3203125 0.3296875 0.325 0.3265625 0.3359375 0.3203125 0.3390625 0.3171875 0.3375 0.3109375 0.3203125 0.3125 0.2734375 0.3140625 0.271875 0.340625 0.271875 0.346875 0.275
3 0.115625 0.3234375 0.1234375 0.325 0.125 0.334375 0.125 0.3484375 0.1171875 0.3484375 0.115625 0.325
3 0.328125 0.35 0.3296875 0.353125 0.3328125 0.353125 0.340625 0.34375 0.3453125 0.353125 0.346875 0.36875 0.3453125 0.3828125 0.3421875 0.3828125 0.3375 0.3765625 0.33125 0.378125 0.3265625 0.3703125 0.328125 0.3515625
3 0.2171875 0.26875 0.2203125 0.26875 0.2234375 0.2734375 0.225 0.28125 0.2234375 0.2921875 0.2125 0.290625 0.2125 0.2765625 0.2171875 0.2703125
3 0.265625 0.3625 0.271875 0.3671875 0.2734375 0.365625 0.2828125 0.3671875 0.284375 0.3640625 0.290625 0.3640625 0.2890625 0.39375 0.2859375 0.396875 0.28125 0.3953125 0.2734375 0.3875 0.265625 0.39375 0.2609375 0.390625 0.2609375 0.3734375 0.2640625 0.3640625
3 0.3828125 0.35 0.390625 0.3671875 0.3953125 0.3625 0.39375 0.359375 0.396875 0.3546875 0.4 0.353125 0.4046875 0.3546875 0.409375 0.3765625 0.4078125 0.390625 0.403125 0.3921875 0.3984375 0.3828125 0.39375 0.3796875 0.3890625 0.3859375 0.384375 0.3859375 0.38125 0.378125 0.3796875 0.3640625 0.3796875 0.3515625 0.38125 0.3515625
4 0.896875 0.6375 0.9109375 0.6390625 0.91875 0.6375 0.9296875 0.640625 0.928125 0.65 0.9265625 0.6484375 0.896875 0.6484375 0.896875 0.6390625
4 0.1171875 0.8328125 0.1203125 0.8328125 0.1265625 0.8390625 0.1390625 0.859375 0.1359375 0.8609375 0.1265625 0.853125 0.1203125 0.8453125 0.1171875 0.834375
4 0.903125 0.4125 0.91875 0.4125 0.9203125 0.4140625 0.91875 0.421875 0.9046875 0.4203125 0.903125 0.4140625
4 0.971875 0.365625 0.9765625 0.3703125 0.9734375 0.371875 0.9625 0.3703125 0.9625 0.3671875 0.9703125 0.365625
4 0.675 0.4828125 0.6890625 0.484375 0.6921875 0.4875 0.6921875 0.49375 0.684375 0.4953125 0.6796875 0.4921875 0.675 0.4921875 0.675 0.484375
4 0.825 0.3890625 0.834375 0.390625 0.8359375 0.3953125 0.8234375 0.396875 0.821875 0.3953125 0.821875 0.390625 0.8234375 0.390625