1 0.946875 0.259375 0.9671875 0.2578125 0.9703125 0.2609375 0.9703125 0.2671875 0.9671875 0.265625 0.9640625 0.26875 0.9640625 0.278125 0.9609375 0.2828125 0.9421875 0.2828125 0.9421875 0.2671875 0.946875 0.2609375
1 0.89375 0.2765625 0.903125 0.2828125 0.903125 0.2859375 0.896875 0.2921875 0.86875 0.2921875 0.8703125 0.2828125 0.875 0.278125 0.8859375 0.275 0.8921875 0.2765625
1 0.821875 0.278125 0.8265625 0.28125 0.8328125 0.29375 0.8328125 0.30625 0.8296875 0.3109375 0.8203125 0.3125 0.8171875 0.315625 0.8046875 0.315625 0.8015625 0.30625 0.7953125 0.2984375 0.7953125 0.2859375 0.8 0.278125 0.8203125 0.278125
1 0.984375 0.25 0.990625 0.2484375 0.996875 0.25 0.9984375 0.253125 0.9984375 0.271875 0.99375 0.2765625 0.98125 0.2765625 0.978125 0.26875 0.984375 0.2515625
1 0.915625 0.3328125 0.921875 0.3484375 0.921875 0.38125 0.9171875 0.3859375 0.9109375 0.3859375 0.9046875 0.396875 0.8890625 0.3921875 0.8703125 0.3921875 0.8625 0.3953125 0.859375 0.390625 0.859375 0.371875 0.871875 0.34375 0.8796875 0.334375 0.8875 0.33125 0.9140625 0.3328125
1 0.9703125 0.284375 0.98125 0.2875 0.984375 0.290625 0.9859375 0.3078125 0.98125 0.321875 0.9765625 0.328125 0.959375 0.3328125 0.953125 0.3375 0.9484375 0.309375 0.9453125 0.303125 0.9546875 0.2890625 0.959375 0.2859375 0.96875 0.284375
1 0.9140625 0.29765625 0.03203125 0.02109375
1 0.1171875 0.2484375 0.121875 0.2390625 0.1296875 0.2390625 0.134375 0.2546875 0.134375 0.271875 0.1328125 0.2734375 0.1203125 0.271875 0.11875 0.25
1 0.7859375 0.2890625 0.8015625 0.3078125 0.8 0.33125 0.7984375 0.3359375 0.79375 0.3359375 0.7890625 0.33125 0.7796875 0.33125 0.775 0.340625 0.771875 0.3421875 0.76875 0.340625 0.7671875 0.334375 0.7625 0.33125 0.75625 0.3328125 0.75 0.340625 0.7453125 0.3390625 0.740625 0.325 0.740625 0.3078125 0.7453125 0.29375 0.75 0.2890625 0.75625 0.2875 0.7828125 0.2875 0.784375 0.2890625
1 0.9984375 0.334375 0.9984375 0.3921875 0.9890625 0.3984375 0.984375 0.4078125 0.975 0.4046875 0.975 0.3875 0.9703125 0.3828125 0.9625 0.3828125 0.959375 0.3859375 0.9546875 0.39375 0.953125 0.4015625 0.9484375 0.40625 0.9359375 0.403125 0.934375 0.3984375 0.9359375 0.3796875 0.9515625 0.34375 0.9578125 0.3375 0.96875 0.3328125 0.996875 0.334375
1 0.3 0.3140625 0.3015625 0.315625 0.3109375 0.3140625 0.3203125 0.3171875 0.325 0.321875 0.3296875 0.3296875 0.3296875 0.334375 0.3390625 0.3484375 0.3375 0.365625 0.328125 0.36875 0.3078125 0.3703125 0.303125 0.375 0.3 0.3734375 0.3 0.36875 0.2953125 0.3625 0.2875 0.3609375 0.2859375 0.3578125 0.2875 0.328125 0.2921875 0.31875 0.2984375 0.315625
1 0.6921875 0.31875 0.7125 0.34375 0.715625 0.35 0.715625 0.3625 0.7125 0.3734375 0.709375 0.375 0.703125 0.3703125 0.6921875 0.3703125 0.6859375 0.375 0.684375 0.38125 0.6796875 0.3859375 0.671875 0.3859375 0.6640625 0.3765625 0.6578125 0.3765625 0.653125 0.3828125 0.646875 0.3828125 0.6390625 0.3609375 0.6390625 0.346875 0.640625 0.3390625 0.6515625 0.3203125 0.659375 0.3171875 0.690625 0.31875
1 0.271875 0.2546875 0.2828125 0.2625 0.2890625 0.2765625 0.2890625 0.2859375 0.284375 0.296875 0.2640625 0.296875 0.259375 0.2875 0.2515625 0.2796875 0.253125 0.259375 0.2703125 0.2546875
1 0.225 0.2421875 0.234375 0.24375 0.2390625 0.246875 0.2484375 0.265625 0.2484375 0.2796875 0.234375 0.28125 0.228125 0.2859375 0.2140625 0.2828125 0.2109375 0.2734375 0.2125 0.246875 0.2140625 0.24375 0.2234375 0.2421875
1 0.2484375 0.2828125 0.253125 0.284375 0.2625 0.3015625 0.2625 0.30625 0.2578125 0.3140625 0.2578125 0.328125 0.2484375 0.33125 0.240625 0.33125 0.228125 0.3203125 0.2296875 0.2890625 0.2328125 0.284375 0.246875 0.2828125
1 0.9234375 0.7796875 0.934375 0.7828125 0.95625 0.784375 0.9609375 0.7875 0.9796875 0.7890625 0.9921875 0.7921875 0.9984375 0.796875 0.9984375 0.815625 0.9953125 0.8265625 0.996875 0.8328125 0.9953125 0.8453125 0.9984375 0.8515625 0.9984375 0.9953125 0.978125 0.9984375 0.8390625 0.9984375 0.834375 0.996875 0.8296875 0.98125 0.8265625 0.9625 0.8265625 0.9046875 0.8296875 0.8984375 0.8296875 0.8921875 0.8375 0.878125 0.8359375 0.853125 0.840625 0.8203125 0.846875 0.8125 0.8578125 0.8078125 0.8765625 0.784375 0.921875 0.7796875
1 0.284375 0.2984375 0.296875 0.3046875 0.2984375 0.3140625 0.2921875 0.3171875 0.2875 0.325 0.2828125 0.3515625 0.278125 0.3515625 0.2703125 0.3421875 0.2625 0.3421875 0.2609375 0.3375 0.2609375 0.309375 0.26875 0.3 0.2828125 0.2984375
1 0.9328125 0.28125 0.940625 0.2828125 0.9421875 0.2859375 0.9421875 0.2984375 0.9375 0.3015625 0.93125 0.3015625 0.925 0.2890625 0.9140625 0.2875 0.9140625 0.284375 0.9171875 0.2828125 0.93125 0.28125
1 0.87578125 0.321875 0.04765625 0.059375
1 0.315625 0.284375 0.3203125 0.2921875 0.3171875 0.3125 0.3015625 0.3125 0.2984375 0.3046875 0.2921875 0.2984375 0.2875 0.296875 0.2890625 0.2875 0.2953125 0.2828125 0.3125 0.2828125 0.3140625 0.284375
1 0.175 0.2359375 0.184375 0.2515625 0.1859375 0.2625 0.1828125 0.2640625 0.165625 0.2640625 0.1609375 0.2578125 0.1578125 0.2453125 0.159375 0.2390625 0.1640625 0.234375 0.1734375 0.2359375
1 0.846875 0.3125 0.85625 0.31875 0.859375 0.3609375 0.85625 0.3671875 0.853125 0.365625 0.8421875 0.3671875 0.8359375 0.378125 0.8296875 0.3734375 0.809375 0.3734375 0.8046875 0.3765625 0.7984375 0.3765625 0.7953125 0.3671875 0.7953125 0.3515625 0.8 0.3390625 0.815625 0.31875 0.828125 0.3125 0.8453125 0.3125
1 0.3671875 0.3125 0.3765625 0.3171875 0.390625 0.3421875 0.390625 0.3671875 0.365625 0.3671875 0.3625 0.3703125 0.3578125 0.36875 0.35625 0.3625 0.3515625 0.3578125 0.3421875 0.35625 0.340625 0.3234375 0.3515625 0.3125 0.365625 0.3125
1 0.15 0.21875 0.16875 0.2203125 0.1734375 0.225 0.1765625 0.234375 0.1765625 0.2375 0.1640625 0.2359375 0.1578125 0.2421875 0.1546875 0.2421875 0.15 0.23125 0.15 0.2203125
1 0.878125 0.2640625 0.8875 0.2703125 0.8875 0.275 0.875 0.278125 0.8703125 0.2828125 0.86875 0.290625 0.8578125 0.3015625 0.8546875 0.296875 0.8546875 0.284375 0.8578125 0.2734375 0.8625 0.2671875 0.8765625 0.2640625
1 0.9390625 0.3046875 0.9453125 0.3078125 0.946875 0.3125 0.9484375 0.3390625 0.94375 0.3546875 0.9359375 0.359375 0.9296875 0.3734375 0.925 0.371875 0.925 0.353125 0.9203125 0.3359375 0.9125 0.3296875 0.8984375 0.328125 0.8984375 0.325 0.909375 0.3078125 0.9171875 0.3046875 0.9375 0.3046875
3 0.796875 0.5578125 0.8015625 0.565625 0.80625 0.56875 0.803125 0.575 0.8046875 0.5765625 0.8046875 0.5921875 0.8015625 0.6 0.803125 0.6234375 0.8015625 0.6265625 0.7921875 0.6296875 0.790625 0.628125 0.7859375 0.6328125 0.7765625 0.6546875 0.771875 0.653125 0.76875 0.6453125 0.7765625 0.5953125 0.7765625 0.571875 0.7875 0.5578125 0.7953125 0.5578125
3 0.159375 0.27109375 0.01015625 0.02109375
3 0.7515625 0.4796875 0.7546875 0.490625 0.7609375 0.4984375 0.778125 0.5015625 0.784375 0.49375 0.79375 0.4953125 0.7890625 0.509375 0.7859375 0.53125 0.7828125 0.5328125 0.7765625 0.5515625 0.7609375 0.5484375 0.759375 0.55 0.759375 0.565625 0.75 0.571875 0.7453125 0.571875 0.7421875 0.5671875 0.740625 0.5515625 0.7484375 0.5234375 0.7484375 0.5015625 0.7453125 0.490625 0.75 0.48125
3 0.675 0.4875 0.6796875 0.4875 0.6875 0.4921875 0.6921875 0.5 0.6921875 0.5234375 0.690625 0.525 0.6921875 0.5453125 0.6828125 0.540625 0.678125 0.546875 0.6734375 0.5625 0.6703125 0.565625 0.665625 0.565625 0.6625 0.5578125 0.6625 0.5421875 0.66875 0.5203125 0.66875 0.50625 0.675 0.4890625
4 0.6546875 0.346875 0.6578125 0.3484375 0.6578125 0.3546875 0.65625 0.35625 0.65 0.3546875 0.65 0.3484375 0.653125 0.3484375
4 0.83125 0.9140625 0.8296875 0.9109375 0.83125 0.8890625 0.8328125 0.8875 0.8359375 0.8890625 0.8359375 0.90625 0.8328125 0.9125
4 0.871875 0.38125 0.8703125 0.378125 0.871875 0.375 0.8796875 0.375 0.8828125 0.3796875 0.8734375 0.38125
4 0.6703125 0.5046875 0.6734375 0.5046875 0.675 0.509375 0.675 0.5125 0.671875 0.5140625 0.66875 0.5125 0.6703125 0.50625
4 0.7484375 0.309375 0.7546875 0.309375 0.7546875 0.315625 0.7515625 0.3171875 0.7484375 0.315625 0.7484375 0.3109375
4 0.8078125 0.3625 0.8171875 0.3625 0.8171875 0.3671875 0.8078125 0.3671875 0.8078125 0.3640625
4 0.3765625 0.3546875 0.3859375 0.35625 0.3828125 0.3609375 0.3765625 0.3609375 0.3765625 0.35625