1 0.0265625 0.2671875 0.034375 0.275 0.0359375 0.278125 0.034375 0.2828125 0.0140625 0.2828125 0.009375 0.2796875 0.0078125 0.2765625 0.009375 0.2671875 0.0125 0.265625 0.025 0.2671875
1 0.0734375 0.2796875 0.084375 0.2828125 0.0828125 0.3046875 0.0796875 0.30625 0.06875 0.303125 0.0703125 0.3015625 0.06875 0.2828125 0.071875 0.28125
1 0.609375 0.446875 0.6328125 0.4546875 0.64375 0.471875 0.653125 0.4796875 0.65625 0.4953125 0.65625 0.5125 0.653125 0.53125 0.65 0.5359375 0.6453125 0.5359375 0.640625 0.53125 0.6296875 0.5359375 0.621875 0.5453125 0.6203125 0.5609375 0.61875 0.565625 0.6140625 0.56875 0.6078125 0.565625 0.6015625 0.553125 0.5859375 0.5484375 0.571875 0.546875 0.565625 0.5578125 0.5609375 0.55625 0.5578125 0.55 0.5578125 0.54375 0.5515625 0.5359375 0.553125 0.4953125 0.5625 0.48125 0.5703125 0.4640625 0.5765625 0.4546875 0.5875 0.446875 0.5953125 0.4453125 0.6078125 0.446875
1 0.0609375 0.278125 0.0671875 0.284375 0.06875 0.290625 0.0671875 0.303125 0.0625 0.3046875 0.0578125 0.3015625 0.0515625 0.2875 0.046875 0.2828125 0.0421875 0.2828125 0.0390625 0.2796875 0.0421875 0.275 0.05625 0.275 0.059375 0.278125
1 0.01875 0.8734375 0.0265625 0.875 0.0390625 0.8828125 0.0453125 0.8828125 0.0609375 0.8890625 0.0765625 0.8984375 0.0890625 0.909375 0.10625 0.934375 0.115625 0.9609375 0.1203125 0.9796875 0.121875 0.9953125 0.1203125 0.9984375 0.003125 0.9984375 0 0.996875 0.0015625 0.9859375 0 0.9828125 0 0.8765625 0.0171875 0.875
1 0.80546875 0.25546875 0.03046875 0.03359375
1 0 0.3296875 0.0171875 0.328125 0.03125 0.334375 0.04375 0.3546875 0.0515625 0.3796875 0.05 0.3984375 0.021875 0.396875 0 0.403125 0 0.33125
1 0.7328125 0.2953125 0.7421875 0.296875 0.7484375 0.3078125 0.7453125 0.3359375 0.74375 0.3375 0.7390625 0.3359375 0.734375 0.340625 0.7328125 0.346875 0.7265625 0.3421875 0.7046875 0.3421875 0.7015625 0.334375 0.703125 0.321875 0.7125 0.3 0.7203125 0.2953125 0.73125 0.2953125
1 0.690625 0.2890625 0.6984375 0.303125 0.6984375 0.328125 0.6890625 0.3296875 0.684375 0.3359375 0.665625 0.3359375 0.65625 0.3328125 0.6546875 0.31875 0.659375 0.3046875 0.671875 0.2890625 0.6890625 0.2890625
1 0.0359375 0.28125 0.0453125 0.284375 0.053125 0.2921875 0.05625 0.3 0.05625 0.30625 0.046875 0.30625 0.040625 0.3109375 0.0359375 0.3328125 0.0296875 0.33125 0.01875 0.3234375 0.0140625 0.3078125 0.015625 0.284375 0.034375 0.2828125
1 0.84375 0.240625 0.846875 0.2421875 0.8453125 0.2703125 0.840625 0.278125 0.8234375 0.2765625 0.8203125 0.2609375 0.8296875 0.2421875 0.8421875 0.240625
1 0 0.2796875 0.0125 0.2859375 0.0140625 0.2984375 0.0109375 0.30625 0 0.3 0 0.28125
1 0.1515625 0.30625 0.1609375 0.3140625 0.1703125 0.3296875 0.1734375 0.3421875 0.1734375 0.3640625 0.1703125 0.3671875 0.1625 0.3625 0.1578125 0.3640625 0.153125 0.3625 0.1390625 0.3640625 0.1375 0.3625 0.134375 0.340625 0.128125 0.325 0.1203125 0.315625 0.121875 0.3078125 0.128125 0.3046875 0.1484375 0.3046875 0.15 0.30625
1 0.0640625 0.3078125 0.065625 0.3109375 0.0609375 0.31875 0.0609375 0.3375 0.059375 0.3390625 0.059375 0.3515625 0.0625 0.359375 0.0609375 0.3671875 0.0546875 0.365625 0.0484375 0.359375 0.0390625 0.3421875 0.0375 0.3296875 0.040625 0.3140625 0.04375 0.309375 0.0625 0.3078125
1 0 0.3046875 0.009375 0.30625 0.0125 0.309375 0.0171875 0.3234375 0.015625 0.328125 0 0.328125 0 0.30625
2 0.09921875 0.353125 0.0765625 0.0796875
3 0.86875 0.2703125 0.8765625 0.2734375 0.875 0.2875 0.871875 0.2953125 0.86875 0.2953125 0.8671875 0.2859375 0.86875 0.271875
3 0.1109375 0.4140625 0.115625 0.4140625 0.1125 0.434375 0.115625 0.4421875 0.115625 0.4578125 0.11875 0.46875 0.1171875 0.4875 0.1109375 0.4859375 0.109375 0.4765625 0.1046875 0.4703125 0.1015625 0.4703125 0.096875 0.4765625 0.09375 0.4765625 0.0875 0.459375 0.0875 0.4546875 0.09375 0.4578125 0.096875 0.4546875 0.1 0.440625 0.0984375 0.4328125 0.1015625 0.428125 0.109375 0.425 0.1109375 0.415625
3 0.2359375 0.415625 0.234375 0.421875 0.234375 0.4890625 0.2328125 0.4921875 0.228125 0.490625 0.2265625 0.4828125 0.21875 0.475 0.2171875 0.45625 0.221875 0.4453125 0.2203125 0.428125 0.225 0.421875 0.234375 0.4171875
3 0.2203125 0.3046875 0.2328125 0.30625 0.2296875 0.3234375 0.2203125 0.3203125 0.2203125 0.30625
3 0.209375 0.3359375 0.2171875 0.3546875 0.2140625 0.3671875 0.196875 0.3671875 0.19375 0.3625 0.1984375 0.340625 0.2078125 0.3359375
4 0.153125 0.35 0.165625 0.35 0.1625 0.35625 0.153125 0.35625 0.1515625 0.353125 0.153125 0.3515625
4 0.5703125 0.5078125 0.58125 0.5109375 0.58125 0.521875 0.575 0.5234375 0.5703125 0.5203125 0.5703125 0.509375
4 0.0234375 0.3828125 0.0359375 0.3828125 0.0359375 0.3875 0.0234375 0.3875 0.0234375 0.384375
4 0.2296875 0.4375 0.2328125 0.4390625 0.2328125 0.446875 0.23125 0.4484375 0.2265625 0.446875 0.228125 0.4390625
4 0.121875 0.3765625 0.1234375 0.3828125 0.1109375 0.38125 0.1125 0.378125 0.1203125 0.3765625
4 0.1125 0.44296875 0.0078125 0.0140625