1 0.08125 0.2640625 0.090625 0.278125 0.090625 0.2953125 0.08125 0.2859375 0.0765625 0.284375 0.0640625 0.2859375 0.0625 0.284375 0.0671875 0.2671875 0.071875 0.2640625 0.0796875 0.2640625
1 0.8328125 0.2265625 0.8375 0.2296875 0.8390625 0.2375 0.840625 0.2484375 0.8390625 0.26875 0.8375 0.271875 0.8234375 0.28125 0.825 0.26875 0.8203125 0.246875 0.8125 0.240625 0.8046875 0.240625 0.803125 0.2375 0.809375 0.2296875 0.83125 0.2265625
1 0.871875 0.259375 0.878125 0.265625 0.875 0.2953125 0.871875 0.2984375 0.8609375 0.2953125 0.8640625 0.265625 0.865625 0.2625 0.8703125 0.2609375
1 0.0765625 0.2859375 0.08125 0.2875 0.0921875 0.3 0.096875 0.3140625 0.096875 0.3296875 0.075 0.3296875 0.0734375 0.328125 0.065625 0.3296875 0.0578125 0.328125 0.0546875 0.325 0.053125 0.309375 0.0578125 0.2890625 0.0640625 0.2859375 0.075 0.2859375
1 0.5796875 0.378125 0.6 0.390625 0.6046875 0.40625 0.6046875 0.415625 0.6078125 0.41875 0.6078125 0.4359375 0.6046875 0.4359375 0.5828125 0.4109375 0.5671875 0.403125 0.5375 0.4046875 0.5234375 0.4109375 0.5140625 0.421875 0.509375 0.421875 0.509375 0.4078125 0.5125 0.4 0.525 0.39375 0.5359375 0.384375 0.54375 0.3796875 0.5609375 0.375 0.578125 0.378125
1 0.8390625 0.228125 0.8484375 0.2296875 0.8484375 0.246875 0.846875 0.2515625 0.84375 0.253125 0.840625 0.253125 0.840625 0.2390625 0.8375 0.23125 0.8390625 0.2296875
1 0.7578125 0.2875 0.7609375 0.2890625 0.7640625 0.2953125 0.765625 0.3234375 0.7609375 0.3296875 0.7578125 0.3296875 0.7515625 0.3359375 0.725 0.3359375 0.721875 0.33125 0.721875 0.3234375 0.725 0.309375 0.7296875 0.3015625 0.74375 0.2890625 0.75625 0.2875
1 0.5328125 0.5484375 0.5484375 0.5546875 0.5703125 0.56875 0.58125 0.5796875 0.5921875 0.5953125 0.596875 0.6 0.6015625 0.6 0.6046875 0.603125 0.60625 0.6171875 0.6390625 0.6515625 0.646875 0.6734375 0.646875 0.71875 0.6390625 0.73125 0.634375 0.7359375 0.609375 0.746875 0.5796875 0.7453125 0.5734375 0.7515625 0.565625 0.7515625 0.5546875 0.7421875 0.5484375 0.721875 0.54375 0.715625 0.528125 0.70625 0.5265625 0.703125 0.521875 0.7015625 0.4921875 0.678125 0.48125 0.671875 0.471875 0.6796875 0.4625 0.6765625 0.45625 0.665625 0.4546875 0.6515625 0.4421875 0.63125 0.440625 0.615625 0.4421875 0.6140625 0.4421875 0.5890625 0.446875 0.575 0.4546875 0.5671875 0.4703125 0.559375 0.4890625 0.5578125 0.503125 0.55 0.53125 0.5484375
1 0.815625 0.3078125 0.825 0.325 0.825 0.3375 0.8234375 0.3453125 0.815625 0.35 0.809375 0.3578125 0.796875 0.35625 0.79375 0.353125 0.7828125 0.353125 0.7796875 0.35625 0.775 0.35625 0.771875 0.346875 0.771875 0.3328125 0.775 0.3234375 0.7859375 0.30625 0.8125 0.30625 0.8140625 0.3078125
1 0.6828125 0.2796875 0.6875 0.278125 0.70625 0.2796875 0.7078125 0.2828125 0.7125 0.284375 0.715625 0.2921875 0.7140625 0.3171875 0.709375 0.321875 0.7015625 0.321875 0.6984375 0.3140625 0.6890625 0.303125 0.6765625 0.3015625 0.6734375 0.2984375 0.6765625 0.2890625 0.6828125 0.28125
1 0.8109375 0.2421875 0.815625 0.24375 0.8203125 0.2515625 0.821875 0.259375 0.8203125 0.275 0.821875 0.2765625 0.8171875 0.2890625 0.8078125 0.2921875 0.80625 0.2921875 0.8046875 0.2671875 0.8 0.2609375 0.790625 0.259375 0.790625 0.2484375 0.7984375 0.2421875 0.809375 0.2421875
1 0.7421875 0.265625 0.7484375 0.26875 0.7515625 0.2734375 0.753125 0.271875 0.7546875 0.2734375 0.7546875 0.2796875 0.75 0.2859375 0.74375 0.2859375 0.740625 0.290625 0.7375 0.290625 0.7296875 0.2984375 0.7265625 0.30625 0.721875 0.3109375 0.715625 0.29375 0.715625 0.275 0.71875 0.26875 0.7296875 0.265625 0.740625 0.265625
1 0.771875 0.2765625 0.778125 0.2796875 0.784375 0.3 0.778125 0.3140625 0.7671875 0.321875 0.7640625 0.3140625 0.765625 0.3 0.759375 0.2875 0.759375 0.2796875 0.7703125 0.2765625
1 0.209375 0.290625 0.225 0.29375 0.2296875 0.303125 0.2328125 0.315625 0.2328125 0.3359375 0.2296875 0.34375 0.2265625 0.3453125 0.2234375 0.3421875 0.215625 0.3421875 0.2109375 0.3328125 0.203125 0.328125 0.1984375 0.321875 0.1953125 0.3375 0.184375 0.3375 0.18125 0.334375 0.18125 0.3125 0.184375 0.3046875 0.1921875 0.29375 0.2 0.290625 0.2078125 0.290625
1 0.7890625 0.259375 0.8 0.2625 0.803125 0.2671875 0.8046875 0.2734375 0.803125 0.275 0.8046875 0.2765625 0.803125 0.3 0.7875 0.303125 0.784375 0.3 0.78125 0.2828125 0.775 0.2765625 0.7765625 0.26875 0.7875 0.2609375
1 0.0359375 0.2546875 0.040625 0.259375 0.0453125 0.2734375 0.0421875 0.28125 0.040625 0.2796875 0.025 0.28125 0.0203125 0.2765625 0.0234375 0.2578125 0.0265625 0.2546875 0.034375 0.2546875
1 0.7390625 0.25 0.746875 0.246875 0.7609375 0.246875 0.7640625 0.259375 0.7640625 0.271875 0.759375 0.2765625 0.753125 0.278125 0.753125 0.275 0.7453125 0.265625 0.7359375 0.2625 0.7359375 0.2546875 0.7390625 0.2515625
1 0 0.2546875 0.00625 0.2546875 0.0109375 0.265625 0.0109375 0.271875 0.0078125 0.275 0 0.275 0 0.25625
1 0.571875 0.4078125 0.584375 0.4140625 0.5953125 0.425 0.5984375 0.43125 0.6109375 0.440625 0.6140625 0.465625 0.6125 0.4796875 0.6015625 0.4859375 0.5984375 0.490625 0.5734375 0.4921875 0.5625 0.5 0.559375 0.5 0.5546875 0.4953125 0.5515625 0.4859375 0.540625 0.478125 0.5359375 0.478125 0.5171875 0.4703125 0.5109375 0.4703125 0.503125 0.475 0.5 0.4734375 0.496875 0.4703125 0.490625 0.453125 0.4921875 0.4515625 0.4921875 0.4359375 0.4953125 0.4296875 0.5140625 0.421875 0.5296875 0.409375 0.5390625 0.4078125 0.54375 0.4046875 0.5671875 0.4046875 0.5703125 0.4078125
1 0.6796875 0.303125 0.6875 0.3046875 0.69375 0.309375 0.6984375 0.31875 0.6984375 0.3390625 0.6953125 0.3453125 0.6828125 0.3484375 0.678125 0.35625 0.671875 0.353125 0.6578125 0.353125 0.6453125 0.35 0.6453125 0.334375 0.659375 0.309375 0.6671875 0.303125 0.678125 0.303125
1 0.7640625 0.246875 0.771875 0.24375 0.7859375 0.24375 0.7890625 0.246875 0.7875 0.2578125 0.7796875 0.2625 0.771875 0.2734375 0.7640625 0.271875 0.7640625 0.2484375
1 0.1140625 0.275 0.1328125 0.275 0.1375 0.2796875 0.14375 0.296875 0.140625 0.3109375 0.1375 0.3109375 0.1359375 0.3078125 0.121875 0.3109375 0.1078125 0.3078125 0.1046875 0.303125 0.1046875 0.2921875 0.1109375 0.278125 0.1140625 0.2765625
3 0.1953125 0.4359375 0.1984375 0.434375 0.2046875 0.4359375 0.2109375 0.43125 0.2078125 0.440625 0.2109375 0.446875 0.2125 0.4625 0.2125 0.4828125 0.209375 0.5 0.2078125 0.5015625 0.203125 0.4875 0.1953125 0.4859375 0.19375 0.48125 0.19375 0.465625 0.1953125 0.4640625 0.19375 0.453125 0.196875 0.4484375 0.1953125 0.4375
3 0.121875 0.359375 0.125 0.359375 0.125 0.365625 0.121875 0.36875 0.1265625 0.390625 0.125 0.4109375 0.1203125 0.4125 0.11875 0.4078125 0.1109375 0.40625 0.1109375 0.3671875 0.121875 0.3609375
3 0.396875 0.3421875 0.4 0.3421875 0.40625 0.334375 0.4109375 0.334375 0.415625 0.359375 0.4125 0.3890625 0.409375 0.390625 0.403125 0.38125 0.3984375 0.38125 0.3953125 0.3859375 0.390625 0.378125 0.390625 0.36875 0.396875 0.34375
3 0.2671875 0.309375 0.26875 0.3109375 0.2671875 0.3328125 0.2546875 0.33125 0.2546875 0.3140625 0.2578125 0.309375 0.265625 0.309375
3 0.1984375 0.325 0.1984375 0.334375 0.2015625 0.3375 0.2046875 0.3328125 0.209375 0.3328125 0.2125 0.346875 0.215625 0.35 0.215625 0.365625 0.2140625 0.3671875 0.1984375 0.3671875 0.196875 0.365625 0.1953125 0.3546875 0.1984375 0.3484375 0.1984375 0.3265625
4 0.21875 0.3125 0.221875 0.3140625 0.221875 0.3203125 0.2171875 0.321875 0.2171875 0.3140625
4 0.596875 0.4546875 0.6015625 0.453125 0.6046875 0.45625 0.603125 0.4671875 0.5984375 0.46875 0.5953125 0.4640625 0.596875 0.45625
4 0.4109375 0.3703125 0.4125 0.3625 0.415625 0.3671875 0.415625 0.3703125 0.4140625 0.371875 0.4125 0.3703125
4 0.734375 0.3234375 0.7375 0.325 0.7375 0.328125 0.73125 0.33125 0.7265625 0.328125 0.7265625 0.3234375 0.7328125 0.3234375
4 0.6578125 0.346875 0.0078125 0.00703125
4 0.7890625 0.33125 0.79375 0.3328125 0.7921875 0.3375 0.78125 0.3359375 0.7828125 0.3328125 0.7875 0.33125
4 0.203125 0.453125 0.2046875 0.44375 0.2078125 0.4453125 0.2078125 0.453125 0.2046875 0.453125
4 0.6421875 0.70625 0.6421875 0.715625 0.6390625 0.7203125 0.6296875 0.7265625 0.6234375 0.7265625 0.6234375 0.71875 0.628125 0.7140625 0.640625 0.7078125
5 0.703125 0.278125 0.7140625 0.284375 0.71875 0.3046875 0.71875 0.3109375 0.7125 0.3203125 0.703125 0.3234375 0.6953125 0.309375 0.6890625 0.303125 0.675 0.3 0.6765625 0.2890625 0.6828125 0.2796875 0.7015625 0.278125
5 0.74375 0.265625 0.7546875 0.275 0.7546875 0.2828125 0.75 0.2890625 0.746875 0.2875 0.7375 0.2921875 0.721875 0.3109375 0.7171875 0.3015625 0.715625 0.275 0.71875 0.26875 0.721875 0.2671875 0.7328125 0.2640625 0.7421875 0.265625