1 0.0171875 0.2578125 0.0203125 0.25625 0.034375 0.2578125 0.040625 0.2671875 0.0359375 0.2828125 0.0375 0.2859375 0.0359375 0.2875 0.0234375 0.2859375 0.015625 0.278125 0.015625 0.2609375 0.0171875 0.259375
1 0 0.2796875 0.009375 0.2796875 0.015625 0.284375 0.0078125 0.29375 0.0046875 0.3109375 0.0015625 0.3125 0 0.3109375 0.0015625 0.309375 0 0.28125
1 0.0453125 0.2984375 0.053125 0.309375 0.0546875 0.3171875 0.0484375 0.328125 0.046875 0.346875 0.04375 0.3484375 0.0390625 0.3421875 0.0328125 0.325 0.0234375 0.31875 0.01875 0.3125 0.01875 0.3078125 0.0234375 0.2984375 0.03125 0.296875 0.04375 0.2984375
1 0.7328125 0.2671875 0.7359375 0.26875 0.7375 0.275 0.7265625 0.2828125 0.7265625 0.2859375 0.715625 0.3 0.709375 0.3140625 0.7046875 0.3125 0.703125 0.28125 0.7109375 0.26875 0.721875 0.265625 0.73125 0.2671875
1 0.75 0.253125 0.7546875 0.25625 0.7546875 0.26875 0.75 0.2765625 0.740625 0.2765625 0.734375 0.2671875 0.725 0.265625 0.7234375 0.2625 0.7265625 0.2546875 0.7328125 0.2515625 0.7390625 0.25 0.7484375 0.253125
1 0.1390625 0.3875 0.1484375 0.39375 0.15625 0.4046875 0.1578125 0.4109375 0.16875 0.41875 0.1671875 0.4296875 0.175 0.4484375 0.1765625 0.4703125 0.1734375 0.48125 0.1703125 0.4828125 0.1640625 0.4796875 0.1484375 0.4828125 0.1265625 0.4828125 0.1203125 0.4921875 0.1171875 0.4921875 0.1140625 0.4875 0.1109375 0.46875 0.1078125 0.465625 0.1 0.4625 0.09375 0.46875 0.0890625 0.4640625 0.0875 0.41875 0.0953125 0.3953125 0.1 0.3890625 0.128125 0.3859375 0.1375 0.3875
1 0.021875 0.31875 0.03125 0.325 0.0359375 0.334375 0.0359375 0.340625 0.04375 0.353125 0.0453125 0.3828125 0.0375 0.384375 0.034375 0.38125 0.0109375 0.38125 0.0015625 0.3859375 0 0.3859375 0 0.31875 0.0015625 0.3171875 0.0203125 0.31875
1 0.73984375 0.3078125 0.05234375 0.06953125
1 0.38125 0.4484375 0.3921875 0.4546875 0.4171875 0.4828125 0.41875 0.48125 0.421875 0.4828125 0.4203125 0.4875 0.421875 0.4921875 0.434375 0.509375 0.4390625 0.51875 0.440625 0.5296875 0.440625 0.5484375 0.43125 0.5625 0.3890625 0.5703125 0.3859375 0.578125 0.3828125 0.5796875 0.375 0.5765625 0.36875 0.55625 0.359375 0.5484375 0.3375 0.5359375 0.334375 0.5359375 0.33125 0.5421875 0.3265625 0.5453125 0.321875 0.540625 0.31875 0.5234375 0.3140625 0.515625 0.3125 0.5078125 0.3125 0.4796875 0.31875 0.4671875 0.321875 0.4671875 0.3375 0.4546875 0.3546875 0.4484375 0.3640625 0.446875 0.3796875 0.4484375
1 0.98203125 0.578125 0.03671875 0.10859375
1 0 0.2578125 0.0109375 0.259375 0.0140625 0.275 0.0109375 0.2796875 0.003125 0.2765625 0 0.259375
1 0.8296875 0.2265625 0.834375 0.2546875 0.83125 0.2609375 0.8203125 0.2625 0.8203125 0.2484375 0.815625 0.2359375 0.815625 0.2296875 0.81875 0.2265625 0.825 0.225 0.828125 0.2265625
1 0.78125 0.2609375 0.7859375 0.275 0.7859375 0.30625 0.784375 0.309375 0.7734375 0.3171875 0.765625 0.3140625 0.7640625 0.284375 0.7578125 0.275 0.7578125 0.26875 0.7609375 0.2640625 0.7640625 0.2625 0.778125 0.2640625 0.7796875 0.2625
1 0.0953125 0.303125 0.10625 0.2984375 0.121875 0.3 0.1296875 0.3078125 0.1359375 0.3203125 0.1375 0.33125 0.1359375 0.346875 0.1171875 0.346875 0.115625 0.3453125 0.1125 0.346875 0.1015625 0.3328125 0.0921875 0.3140625 0.0921875 0.309375 0.0953125 0.3046875
1 0.784375 0.246875 0.79375 0.2484375 0.7984375 0.2625 0.796875 0.275 0.7890625 0.2765625 0.7875 0.265625 0.784375 0.2609375 0.7828125 0.2515625 0.784375 0.2484375
1 0.0421875 0.271875 0.05625 0.2734375 0.059375 0.2765625 0.05625 0.28125 0.0515625 0.28125 0.0484375 0.284375 0.0453125 0.2953125 0.0390625 0.2921875 0.0375 0.2796875 0.040625 0.2734375
1 0.2234375 0.334375 0.2375 0.3375 0.2453125 0.3421875 0.2671875 0.36875 0.2703125 0.3765625 0.2703125 0.39375 0.265625 0.3984375 0.2453125 0.3984375 0.234375 0.403125 0.2296875 0.403125 0.2234375 0.3953125 0.215625 0.3921875 0.196875 0.3921875 0.1890625 0.378125 0.1890625 0.3609375 0.19375 0.3421875 0.1984375 0.3375 0.2109375 0.334375 0.221875 0.334375
1 0.7796875 0.2421875 0.7828125 0.2453125 0.78125 0.2609375 0.76875 0.2625 0.7578125 0.2625 0.75625 0.25 0.7625 0.24375 0.778125 0.2421875
1 0.7984375 0.234375 0.8125 0.2328125 0.815625 0.234375 0.81875 0.24375 0.81875 0.2640625 0.8125 0.2671875 0.8109375 0.2703125 0.80625 0.2703125 0.8 0.265625 0.7984375 0.25625 0.79375 0.2484375 0.7953125 0.2390625 0.7984375 0.2359375
1 0.0703125 0.2828125 0.071875 0.2875 0.065625 0.296875 0.065625 0.309375 0.059375 0.3125 0.05625 0.3109375 0.046875 0.296875 0.046875 0.2890625 0.0484375 0.284375 0.0546875 0.2796875 0.065625 0.2796875 0.06875 0.2828125
1 0.028125 0.2875 0.034375 0.2921875 0.034375 0.2953125 0.0234375 0.296875 0.0171875 0.30625 0.01875 0.3125 0.0109375 0.315625 0.00625 0.3125 0.00625 0.2984375 0.009375 0.290625 0.0125 0.2875 0.0265625 0.2875
1 0.059375 0.3140625 0.0875 0.3140625 0.0953125 0.3234375 0.109375 0.3484375 0.109375 0.3671875 0.1046875 0.371875 0.0984375 0.36875 0.0796875 0.36875 0.0703125 0.371875 0.0640625 0.3703125 0.0625 0.365625 0.0578125 0.3609375 0.053125 0.3625 0.05 0.35625 0.05 0.3296875 0.0515625 0.3234375 0.059375 0.315625
1 0.690625 0.275 0.696875 0.2765625 0.7015625 0.2828125 0.703125 0.296875 0.7015625 0.328125 0.6984375 0.33125 0.696875 0.3296875 0.6875 0.33125 0.68125 0.3390625 0.66875 0.334375 0.6546875 0.334375 0.6515625 0.33125 0.653125 0.3109375 0.659375 0.3015625 0.665625 0.284375 0.671875 0.278125 0.6890625 0.2765625
1 0.8390625 0.2390625 0.01640625 0.03359375
1 0.0890625 0.2875 0.09375 0.2890625 0.0984375 0.296875 0.090625 0.3078125 0.090625 0.3109375 0.0875 0.3125 0.06875 0.3109375 0.065625 0.3 0.0703125 0.2890625 0.0875 0.2875
1 0.1765625 0.31875 0.1859375 0.33125 0.190625 0.34375 0.1875 0.3703125 0.1859375 0.371875 0.1671875 0.371875 0.1640625 0.375 0.1609375 0.375 0.1546875 0.365625 0.146875 0.3640625 0.1453125 0.3671875 0.140625 0.3671875 0.1390625 0.3625 0.140625 0.321875 0.14375 0.3171875 0.1734375 0.3171875 0.175 0.31875
4 0.43125 0.5421875 0.4328125 0.54375 0.43125 0.5515625 0.421875 0.55625 0.4140625 0.5578125 0.4125 0.55625 0.4140625 0.5484375 0.4296875 0.54375
4 0.1859375 0.3609375 0.1875 0.3625 0.1859375 0.36875 0.18125 0.36875 0.178125 0.365625 0.1796875 0.3609375 0.184375 0.3609375
4 0.096875 0.3578125 0.0984375 0.3625 0.0953125 0.3640625 0.084375 0.3625 0.084375 0.359375 0.0875 0.3578125 0.0953125 0.3578125
4 0.2609375 0.3890625 0.01328125 0.009375
4 0.1609375 0.4625 0.1625 0.4640625 0.1609375 0.4703125 0.15 0.4734375 0.14375 0.471875 0.1453125 0.4640625 0.159375 0.4625
4 0.0328125 0.3671875 0.034375 0.36875 0.0328125 0.3734375 0.0265625 0.375 0.0171875 0.375 0.0140625 0.3703125 0.0203125 0.3671875 0.03125 0.3671875
4 0.7265625 0.3203125 0.7296875 0.321875 0.728125 0.325 0.721875 0.3234375 0.725 0.3203125
4 0.128125 0.3328125 0.13125 0.3359375 0.1296875 0.3390625 0.125 0.340625 0.11875 0.3390625 0.1171875 0.334375 0.1265625 0.3328125