0 0.73125 0.234375 0.7328125 0.2375 0.725 0.2421875 0.721875 0.2484375 0.7203125 0.2875 0.6875 0.2859375 0.6796875 0.2828125 0.678125 0.2796875 0.68125 0.2546875 0.6828125 0.25 0.6890625 0.24375 0.715625 0.234375 0.7296875 0.234375
0 0.79375 0.2234375 0.796875 0.2484375 0.7953125 0.290625 0.7859375 0.3 0.78125 0.3109375 0.7734375 0.3125 0.7625 0.321875 0.75 0.3203125 0.74375 0.296875 0.7359375 0.290625 0.7234375 0.2875 0.721875 0.284375 0.7234375 0.2484375 0.7296875 0.2375 0.734375 0.2375 0.74375 0.2328125 0.759375 0.221875 0.7703125 0.21875 0.78125 0.21875 0.7921875 0.2234375
0 0.5171875 0.265625 0.5453125 0.26875 0.5546875 0.271875 0.596875 0.275 0.6078125 0.278125 0.6375 0.2796875 0.6578125 0.284375 0.6765625 0.284375 0.6890625 0.2890625 0.7078125 0.2890625 0.715625 0.2921875 0.728125 0.2921875 0.734375 0.296875 0.734375 0.3484375 0.7328125 0.35 0.7296875 0.4484375 0.7265625 0.4515625 0.71875 0.453125 0.684375 0.4703125 0.6125 0.459375 0.609375 0.4625 0.6078125 0.471875 0.6046875 0.4734375 0.596875 0.4734375 0.590625 0.46875 0.584375 0.4515625 0.5796875 0.446875 0.5546875 0.440625 0.5515625 0.4375 0.5453125 0.4375 0.4984375 0.4203125 0.490625 0.4203125 0.484375 0.428125 0.4796875 0.428125 0.471875 0.4203125 0.4703125 0.409375 0.4640625 0.403125 0.4546875 0.4015625 0.453125 0.38125 0.4546875 0.3796875 0.45625 0.325 0.465625 0.2828125 0.4703125 0.275 0.4828125 0.2671875 0.49375 0.2640625 0.515625 0.265625
1 0.05 0.259375 0.05625 0.2640625 0.0609375 0.2765625 0.059375 0.2890625 0.053125 0.2859375 0.0375 0.2875 0.0328125 0.2828125 0.0359375 0.2625 0.040625 0.259375 0.0484375 0.259375
1 0.1171875 0.33125 0.11875 0.3328125 0.140625 0.3328125 0.1546875 0.3390625 0.1640625 0.3484375 0.1703125 0.365625 0.178125 0.3734375 0.184375 0.384375 0.1859375 0.4046875 0.184375 0.4171875 0.18125 0.421875 0.175 0.4203125 0.171875 0.415625 0.15 0.415625 0.1453125 0.4171875 0.1359375 0.4265625 0.1296875 0.4234375 0.128125 0.415625 0.1203125 0.4046875 0.11875 0.3953125 0.1203125 0.3625 0.115625 0.3578125 0.1109375 0.3578125 0.1046875 0.3640625 0.10625 0.4078125 0.103125 0.4015625 0.1046875 0.3515625 0.1109375 0.3328125 0.115625 0.33125
1 0.2546875 0.3 0.253125 0.3265625 0.2296875 0.3171875 0.209375 0.3140625 0.209375 0.309375 0.2140625 0.3 0.21875 0.296875 0.228125 0.2953125 0.246875 0.296875 0.253125 0.3
1 0.0484375 0.3375 0.059375 0.34375 0.065625 0.35 0.0703125 0.359375 0.0734375 0.371875 0.08125 0.3875 0.0828125 0.4125 0.0796875 0.41875 0.0734375 0.41875 0.065625 0.4125 0.059375 0.4109375 0.0546875 0.415625 0.05 0.4140625 0.040625 0.415625 0.03125 0.4234375 0.028125 0.421875 0.0234375 0.409375 0.01875 0.40625 0.0140625 0.40625 0.0109375 0.3984375 0.009375 0.390625 0.0109375 0.35 0.0171875 0.3375 0.0234375 0.3359375 0.046875 0.3375
1 0.04765625 0.315625 0.053125 0.0546875
1 0.7359375 0.2953125 0.74375 0.2984375 0.746875 0.309375 0.746875 0.334375 0.7421875 0.3421875 0.7359375 0.34375 0.7359375 0.303125 0.7375 0.3015625 0.7359375 0.296875
1 0.8375 0.2328125 0.8421875 0.2375 0.84375 0.246875 0.840625 0.2703125 0.834375 0.2734375 0.83125 0.2734375 0.8296875 0.2484375 0.825 0.2390625 0.821875 0.2375 0.821875 0.2328125 0.825 0.2296875 0.8359375 0.2328125
1 0.1390625 0.278125 0.14375 0.2890625 0.1453125 0.3 0.14375 0.315625 0.1390625 0.315625 0.1359375 0.3125 0.11875 0.3140625 0.115625 0.3078125 0.1140625 0.296875 0.115625 0.2859375 0.1203125 0.278125 0.121875 0.2765625 0.1375 0.278125
1 0.815625 0.2359375 0.8234375 0.2390625 0.828125 0.246875 0.8296875 0.2546875 0.828125 0.2765625 0.8140625 0.2859375 0.8109375 0.2828125 0.809375 0.2546875 0.803125 0.2453125 0.8078125 0.2390625 0.8140625 0.2375
1 0.9828125 0.575 0.9875 0.578125 0.9984375 0.578125 0.9984375 0.65625 0.9796875 0.6546875 0.9703125 0.665625 0.9640625 0.6671875 0.9546875 0.665625 0.946875 0.6578125 0.9390625 0.6390625 0.9234375 0.628125 0.921875 0.603125 0.928125 0.590625 0.934375 0.584375 0.94375 0.5796875 0.9578125 0.578125 0.971875 0.5734375 0.98125 0.575
1 0.003125 0.2546875 0.0140625 0.2546875 0.021875 0.2640625 0.021875 0.271875 0.01875 0.278125 0 0.278125 0 0.2578125 0.003125 0.25625
1 0.1671875 0.3171875 0.1734375 0.31875 0.1875 0.334375 0.1859375 0.3421875 0.1875 0.34375 0.1875 0.3765625 0.1828125 0.3765625 0.1734375 0.3671875 0.165625 0.346875 0.1546875 0.3359375 0.1421875 0.33125 0.1421875 0.3234375 0.146875 0.31875 0.165625 0.3171875
1 0 0.2828125 0.0109375 0.284375 0.0203125 0.3 0.015625 0.31875 0.003125 0.3171875 0 0.3125 0 0.284375
1 0.0734375 0.321875 0.1015625 0.321875 0.1109375 0.328125 0.1015625 0.3546875 0.1 0.38125 0.0984375 0.3828125 0.0875 0.38125 0.0828125 0.384375 0.065625 0.3453125 0.0734375 0.3234375
1 0.1953125 0.31875 0.2015625 0.3171875 0.228125 0.31875 0.25 0.328125 0.25625 0.334375 0.271875 0.3640625 0.275 0.3765625 0.275 0.396875 0.271875 0.40625 0.2390625 0.4078125 0.2328125 0.4140625 0.228125 0.4109375 0.2265625 0.4046875 0.2171875 0.396875 0.20625 0.3953125 0.1984375 0.3984375 0.19375 0.3921875 0.1921875 0.384375 0.190625 0.34375 0.1890625 0.3421875 0.1953125 0.3203125
1 0.2140625 0.2859375 0.2265625 0.2875 0.2296875 0.2953125 0.21875 0.296875 0.2109375 0.30625 0.209375 0.3140625 0.20625 0.315625 0.2 0.3140625 0.1984375 0.296875 0.203125 0.2875 0.2125 0.2859375
1 0.0765625 0.2671875 0.0796875 0.265625 0.09375 0.2671875 0.0984375 0.2734375 0.1015625 0.284375 0.1 0.2984375 0.078125 0.3 0.0703125 0.296875 0.06875 0.2828125 0.0765625 0.26875
1 0.8015625 0.24375 0.809375 0.2546875 0.8109375 0.2671875 0.809375 0.2828125 0.80625 0.2828125 0.8015625 0.290625 0.7953125 0.2921875 0.7953125 0.2578125 0.796875 0.2484375 0.8 0.2453125
1 0.9984375 0.79375 0.9984375 0.996875 0.978125 0.996875 0.9765625 0.9953125 0.96875 0.9640625 0.9546875 0.95625 0.9515625 0.9515625 0.934375 0.940625 0.925 0.9265625 0.9171875 0.9 0.91875 0.8515625 0.9390625 0.809375 0.95 0.8 0.984375 0.796875 0.996875 0.79375
1 0.015625 0.321875 0.025 0.3296875 0.025 0.334375 0.0171875 0.3359375 0.0125 0.3421875 0.0078125 0.3625 0.009375 0.38125 0.0078125 0.3859375 0.0015625 0.390625 0 0.390625 0 0.321875 0.0015625 0.3203125 0.0140625 0.321875
3 0.8046875 0.303125 0.809375 0.3078125 0.8109375 0.3171875 0.809375 0.328125 0.8046875 0.3328125 0.8 0.33125 0.8 0.3046875 0.803125 0.303125
3 0.9875 0.5453125 0.02421875 0.0609375
3 0.3046875 0.321875 0.3078125 0.3390625 0.30625 0.3484375 0.2921875 0.3453125 0.2921875 0.325 0.303125 0.321875
3 0.2640625 0.3171875 0.2703125 0.35625 0.2671875 0.35625 0.253125 0.328125 0.2546875 0.321875 0.2625 0.3171875
3 0.1046875 0.3078125 0.1125 0.309375 0.115625 0.3140625 0.115625 0.3234375 0.1140625 0.3265625 0.109375 0.3265625 0.103125 0.3203125 0.1046875 0.309375
2 0.30234375 0.81796875 0.37109375 0.33515625
4 0.1734375 0.3921875 0.175 0.396875 0.1671875 0.4 0.1609375 0.3984375 0.1625 0.39375 0.171875 0.3921875
4 0.1328125 0.2921875 0.134375 0.296875 0.128125 0.296875 0.128125 0.29375 0.13125 0.2921875
4 0.071875 0.3984375 0.0734375 0.4015625 0.0671875 0.40625 0.05625 0.4046875 0.05625 0.4 0.0703125 0.3984375
4 0.7171875 0.4453125 0.71875 0.4515625 0.7125 0.45625 0.7078125 0.4546875 0.7078125 0.45 0.709375 0.446875 0.715625 0.4453125
4 0.2625 0.390625 0.2640625 0.396875 0.2609375 0.4 0.2578125 0.3984375 0.2578125 0.3921875 0.2609375 0.390625