0 0.265625 0.234375 0.2703125 0.2328125 0.2828125 0.234375 0.3078125 0.24375 0.3125 0.2484375 0.315625 0.259375 0.31875 0.2890625 0.3078125 0.296875 0.3015625 0.3078125 0.3 0.315625 0.2953125 0.315625 0.2859375 0.3 0.2796875 0.29375 0.2765625 0.246875 0.265625 0.2359375
0 0.2375 0.221875 0.26875 0.2390625 0.2734375 0.24375 0.2765625 0.2625 0.2765625 0.290625 0.275 0.2921875 0.271875 0.290625 0.25625 0.2921875 0.2484375 0.303125 0.246875 0.315625 0.24375 0.31875 0.23125 0.3140625 0.23125 0.3109375 0.215625 0.2953125 0.203125 0.2890625 0.203125 0.225 0.215625 0.21875 0.2359375 0.221875
1 0.96875 0.296875 0.978125 0.3 0.984375 0.3109375 0.9828125 0.315625 0.9765625 0.321875 0.9671875 0.3234375 0.959375 0.33125 0.95625 0.33125 0.953125 0.3203125 0.94375 0.3140625 0.9421875 0.309375 0.9484375 0.3 0.95625 0.296875 0.9671875 0.296875
1 0.984375 0.2640625 0.02265625 0.02109375
1 0.8453125 0.39375 0.8484375 0.365625 0.859375 0.3515625 0.86875 0.33125 0.8796875 0.3265625 0.9078125 0.328125 0.9109375 0.334375 0.915625 0.365625 0.9125 0.3921875 0.90625 0.39375 0.9046875 0.390625 0.9015625 0.390625 0.8984375 0.3953125 0.896875 0.4046875 0.89375 0.4078125 0.884375 0.3984375 0.8765625 0.396875 0.85625 0.396875 0.8515625 0.403125 0.8484375 0.403125 0.846875 0.3953125
1 0.309375 0.296875 0.3140625 0.29375 0.33125 0.29375 0.3375 0.3 0.3390625 0.30625 0.35 0.321875 0.3484375 0.3375 0.3390625 0.3359375 0.328125 0.3375 0.3171875 0.3359375 0.315625 0.3328125 0.3078125 0.3328125 0.303125 0.321875 0.303125 0.3078125 0.309375 0.2984375
1 0.2828125 0.2984375 0.2953125 0.321875 0.296875 0.3296875 0.2953125 0.3453125 0.2890625 0.3421875 0.2765625 0.3421875 0.265625 0.3484375 0.259375 0.3375 0.2546875 0.3359375 0.2515625 0.3390625 0.25 0.3359375 0.2484375 0.325 0.25 0.3046875 0.25625 0.29375 0.2765625 0.29375 0.28125 0.2984375
1 0.9390625 0.403125 0.9375 0.3875 0.940625 0.365625 0.9578125 0.334375 0.96875 0.325 0.9765625 0.3234375 0.9984375 0.325 0.9984375 0.353125 0.996875 0.3546875 0.9984375 0.3625 0.996875 0.371875 0.9984375 0.3734375 0.99375 0.403125 0.9890625 0.4078125 0.984375 0.40625 0.975 0.396875 0.9484375 0.396875 0.9453125 0.403125 0.940625 0.403125
1 0.2046875 0.29375 0.215625 0.2984375 0.2265625 0.3125 0.2265625 0.321875 0.2296875 0.328125 0.228125 0.353125 0.2265625 0.35625 0.221875 0.35625 0.2171875 0.3484375 0.20625 0.3484375 0.1921875 0.359375 0.178125 0.3453125 0.1765625 0.3140625 0.184375 0.296875 0.1890625 0.29375 0.203125 0.29375
1 0.9953125 0.2671875 0.9984375 0.26875 0.9984375 0.290625 0.9734375 0.290625 0.9734375 0.2796875 0.9859375 0.26875 0.99375 0.2671875
1 0.1921875 0.2453125 0.1984375 0.2484375 0.2015625 0.253125 0.2015625 0.2890625 0.1953125 0.290625 0.1890625 0.2875 0.1875 0.2828125 0.1875 0.2578125 0.1890625 0.246875 0.190625 0.246875
1 0.175 0.234375 0.184375 0.2375 0.1875 0.2453125 0.1875 0.259375 0.184375 0.271875 0.1734375 0.278125 0.1671875 0.2765625 0.1640625 0.2703125 0.1625 0.2578125 0.1625 0.2421875 0.165625 0.2375 0.1734375 0.234375
1 0.8421875 0.328125 0.8515625 0.3328125 0.853125 0.340625 0.85625 0.34375 0.85625 0.353125 0.846875 0.3640625 0.8453125 0.3796875 0.8359375 0.39375 0.8265625 0.3890625 0.8109375 0.3875 0.80625 0.34375 0.809375 0.3375 0.8203125 0.328125 0.840625 0.328125
1 0.9875 0.290625 0.9984375 0.2921875 0.9984375 0.303125 0.9953125 0.3078125 0.984375 0.3140625 0.9828125 0.303125 0.978125 0.2984375 0.9703125 0.296875 0.9703125 0.29375 0.978125 0.290625 0.9859375 0.290625
1 0.1828125 0.225 0.1953125 0.23125 0.1953125 0.2359375 0.1859375 0.240625 0.184375 0.2375 0.1734375 0.234375 0.175 0.2265625 0.18125 0.225
1 0.9875 0.3140625 0.9984375 0.3078125 0.9984375 0.321875 0.9953125 0.3234375 0.9828125 0.321875 0.9875 0.315625
1 0.9375 0.3140625 0.9484375 0.3171875 0.9515625 0.3203125 0.953125 0.3375 0.9390625 0.3625 0.9375 0.371875 0.934375 0.375 0.9234375 0.3734375 0.91875 0.3765625 0.9171875 0.3546875 0.9109375 0.3328125 0.9109375 0.3234375 0.91875 0.3171875 0.9359375 0.3140625
2 0.77265625 0.384375 0.07421875 0.10390625
3 0.7171875 0.4515625 0.728125 0.4671875 0.728125 0.4828125 0.7296875 0.484375 0.7296875 0.5015625 0.721875 0.5046875 0.7171875 0.5203125 0.7140625 0.5203125 0.7125 0.5125 0.715625 0.453125
3 0.4078125 0.3125 0.409375 0.3140625 0.409375 0.33125 0.40625 0.3375 0.4015625 0.340625 0.3953125 0.3375 0.3953125 0.328125 0.4015625 0.3140625 0.40625 0.3125
3 0.671875 0.4078125 0.6765625 0.41875 0.678125 0.4453125 0.671875 0.453125 0.665625 0.4484375 0.6578125 0.4640625 0.6546875 0.45625 0.6578125 0.4375 0.6578125 0.4125 0.6609375 0.40625 0.6703125 0.4078125
3 0.7453125 0.3140625 0.7484375 0.31875 0.7484375 0.3328125 0.7375 0.3375 0.734375 0.3328125 0.734375 0.31875 0.74375 0.315625
4 0.8578125 0.3828125 0.871875 0.3828125 0.8703125 0.3890625 0.8625 0.3890625 0.8578125 0.384375
4 0.2 0.3328125 0.20625 0.334375 0.20625 0.340625 0.2 0.340625 0.1984375 0.3375 0.2 0.334375
4 0.75390625 0.421875 0.00859375 0.0109375
4 0.8109375 0.375 0.8171875 0.375 0.81875 0.378125 0.815625 0.3828125 0.8109375 0.3828125 0.809375 0.38125 0.8109375 0.3765625