5 0.34375 0.2609375 0.3546875 0.2625 0.3625 0.2578125 0.371875 0.259375 0.3828125 0.2640625 0.3921875 0.271875 0.3953125 0.2796875 0.3953125 0.290625 0.4015625 0.303125 0.4046875 0.3171875 0.4046875 0.3484375 0.3984375 0.3578125 0.3984375 0.3625 0.39375 0.365625 0.3875 0.3578125 0.3796875 0.3578125 0.3671875 0.3671875 0.3546875 0.353125 0.3421875 0.3515625 0.3390625 0.334375 0.328125 0.31875 0.328125 0.2671875 0.33125 0.2609375 0.3421875 0.2609375
0 0.9875 0.26875 0.9984375 0.265625 0.9984375 0.328125 0.96875 0.328125 0.9671875 0.3296875 0.965625 0.328125 0.965625 0.3078125 0.96875 0.2890625 0.9734375 0.2796875 0.9875 0.2703125
3 0.6671875 0.509375 0.6828125 0.5046875 0.6921875 0.51875 0.6890625 0.5296875 0.6875 0.5625 0.6859375 0.565625 0.6828125 0.565625 0.678125 0.5578125 0.6734375 0.559375 0.6703125 0.5671875 0.66875 0.5859375 0.665625 0.5875 0.6609375 0.578125 0.6609375 0.56875 0.6625 0.5671875 0.6625 0.521875 0.6671875 0.5109375
3 0.0984375 0.484375 0.1046875 0.4890625 0.1140625 0.490625 0.115625 0.49375 0.1140625 0.50625 0.11875 0.5109375 0.1265625 0.5125 0.13125 0.5203125 0.1328125 0.53125 0.128125 0.5453125 0.1234375 0.5484375 0.1046875 0.5453125 0.0828125 0.5515625 0.075 0.5640625 0.0671875 0.56875 0.0640625 0.56875 0.0578125 0.5625 0.053125 0.5640625 0.0515625 0.5625 0.0484375 0.51875 0.053125 0.5140625 0.06875 0.5125 0.0828125 0.521875 0.090625 0.5203125 0.0953125 0.5109375 0.0953125 0.5046875 0.0921875 0.503125 0.0921875 0.4984375 0.09375 0.4890625 0.096875 0.4859375
3 0.609375 0.4625 0.6125 0.4671875 0.6125 0.471875 0.61875 0.4765625 0.621875 0.4828125 0.6265625 0.4796875 0.6296875 0.48125 0.6265625 0.4875 0.628125 0.4984375 0.6328125 0.5046875 0.6375 0.5015625 0.6390625 0.5140625 0.6375 0.53125 0.6328125 0.5328125 0.6265625 0.528125 0.621875 0.534375 0.6171875 0.5515625 0.6125 0.5515625 0.609375 0.546875 0.6078125 0.540625 0.6078125 0.5203125 0.6109375 0.5078125 0.609375 0.4796875 0.6125 0.475 0.609375 0.4640625
1 0.903125 0.3296875 0.9078125 0.3390625 0.909375 0.36875 0.9125 0.378125 0.9078125 0.3953125 0.9 0.3921875 0.890625 0.40625 0.884375 0.40625 0.8796875 0.4015625 0.8625 0.3984375 0.853125 0.403125 0.8484375 0.403125 0.8453125 0.3921875 0.8453125 0.3796875 0.8484375 0.3671875 0.8546875 0.3578125 0.85625 0.3484375 0.8703125 0.33125 0.9015625 0.3296875
1 0.99375 0.33125 0.996875 0.3328125 0.9984375 0.3375 0.9984375 0.3875 0.990625 0.3953125 0.984375 0.4078125 0.978125 0.4015625 0.9609375 0.3984375 0.9359375 0.403125 0.934375 0.4015625 0.934375 0.38125 0.9359375 0.3703125 0.940625 0.359375 0.9546875 0.3375 0.96875 0.33125 0.9921875 0.33125
1 0.9015625 0.2875 0.9015625 0.2828125 0.90625 0.278125 0.9328125 0.2765625 0.9390625 0.2921875 0.9390625 0.309375 0.9375 0.3109375 0.9171875 0.3109375 0.915625 0.2921875 0.909375 0.2875 0.903125 0.2875
1 0.915625 0.3140625 0.9390625 0.3125 0.946875 0.31875 0.95 0.3296875 0.95 0.3390625 0.9421875 0.3546875 0.9375 0.359375 0.934375 0.36875 0.928125 0.3734375 0.9140625 0.3703125 0.9109375 0.3625 0.9109375 0.346875 0.90625 0.3328125 0.90625 0.325 0.915625 0.315625
1 0.1765625 0.2296875 0.1796875 0.2375 0.1796875 0.2515625 0.175 0.2578125 0.1640625 0.2578125 0.1609375 0.2546875 0.1609375 0.240625 0.1640625 0.2296875 0.165625 0.228125 0.175 0.2296875
1 0.2390625 0.271875 0.2546875 0.275 0.2671875 0.284375 0.2765625 0.3125 0.2765625 0.31875 0.271875 0.328125 0.2640625 0.3265625 0.24375 0.328125 0.2296875 0.3203125 0.228125 0.3109375 0.2296875 0.2796875 0.23125 0.2734375 0.2375 0.271875
1 0.20625 0.275 0.1953125 0.271875 0.196875 0.2453125 0.2015625 0.2421875 0.2125 0.2421875 0.21875 0.2453125 0.21875 0.253125 0.2125 0.2546875 0.2078125 0.2734375
1 0.1890625 0.2390625 0.1953125 0.2421875 0.1953125 0.259375 0.1921875 0.2671875 0.184375 0.2671875 0.178125 0.2609375 0.1828125 0.25625 0.1828125 0.24375 0.1875 0.2390625
1 0.9109375 0.2890625 0.915625 0.2953125 0.9140625 0.303125 0.915625 0.3109375 0.9078125 0.31875 0.9046875 0.3265625 0.903125 0.328125 0.8703125 0.3296875 0.865625 0.3328125 0.8625 0.340625 0.859375 0.3296875 0.8734375 0.2984375 0.878125 0.29375 0.8875 0.2921875 0.8921875 0.2890625 0.9 0.2875 0.909375 0.2890625
1 0.95625 0.315625 0.0203125 0.03984375
1 0.81875 0.321875 0.825 0.334375 0.828125 0.3484375 0.828125 0.371875 0.821875 0.3953125 0.8171875 0.396875 0.8109375 0.3890625 0.803125 0.390625 0.7984375 0.3953125 0.7953125 0.40625 0.790625 0.409375 0.7859375 0.4078125 0.78125 0.3984375 0.7609375 0.3984375 0.7546875 0.4046875 0.7484375 0.403125 0.7453125 0.384375 0.7484375 0.3625 0.7578125 0.353125 0.759375 0.34375 0.7765625 0.325 0.7921875 0.3203125 0.8171875 0.321875
1 0.3125 0.275 0.3171875 0.2796875 0.3203125 0.290625 0.325 0.296875 0.3265625 0.30625 0.325 0.315625 0.3078125 0.3125 0.303125 0.3078125 0.3 0.3078125 0.2890625 0.328125 0.284375 0.321875 0.2828125 0.3140625 0.2796875 0.3109375 0.2796875 0.3046875 0.275 0.296875 0.2734375 0.278125 0.2765625 0.2734375 0.3109375 0.275
1 0.3 0.3140625 0.3078125 0.3140625 0.325 0.31875 0.3375 0.340625 0.340625 0.35625 0.340625 0.3671875 0.3375 0.371875 0.3125 0.371875 0.30625 0.375 0.3 0.3640625 0.29375 0.3671875 0.2890625 0.3609375 0.290625 0.33125 0.2953125 0.31875 0.3 0.315625
1 0.8484375 0.3203125 0.853125 0.3234375 0.85625 0.3296875 0.85625 0.3421875 0.8453125 0.371875 0.8375 0.3796875 0.8296875 0.378125 0.8296875 0.3484375 0.821875 0.3234375 0.8328125 0.3203125 0.846875 0.3203125
4 0.95703125 0.38828125 0.01796875 0.009375
4 0.765625 0.384375 0.765625 0.3875 0.75625 0.3875 0.7578125 0.3828125 0.7640625 0.384375
4 0.05234375 0.5328125 0.0078125 0.01171875
4 0.6640625 0.5390625 0.6671875 0.5421875 0.6671875 0.5484375 0.6640625 0.5515625 0.6625 0.55 0.6640625 0.540625