5 0.1984375 0.2765625 0.1953125 0.2625 0.1921875 0.2578125 0.1890625 0.2328125 0.1890625 0.21875 0.1984375 0.2140625 0.215625 0.2171875 0.2296875 0.2234375 0.2296875 0.2453125 0.225 0.25625 0.2234375 0.26875 0.2125 0.2671875 0.2 0.2765625
5 0.1328125 0.196875 0.14375 0.196875 0.1546875 0.203125 0.159375 0.21875 0.159375 0.2265625 0.1546875 0.2359375 0.1515625 0.2203125 0.1453125 0.215625 0.1375 0.215625 0.1328125 0.1984375
1 0.3375 0.2984375 0.340625 0.3 0.3546875 0.3234375 0.3546875 0.3359375 0.3515625 0.340625 0.3484375 0.340625 0.3484375 0.3359375 0.3421875 0.328125 0.3328125 0.3375 0.328125 0.346875 0.321875 0.340625 0.315625 0.340625 0.309375 0.3375 0.3046875 0.3171875 0.3140625 0.2984375 0.3203125 0.296875 0.3359375 0.2984375
1 0.184375 0.228125 0.1890625 0.2328125 0.1921875 0.265625 0.1796875 0.26875 0.1703125 0.265625 0.165625 0.2578125 0.165625 0.25 0.1703125 0.23125 0.175 0.228125 0.1828125 0.228125
1 0.2375 0.2828125 0.25625 0.2828125 0.2640625 0.2890625 0.265625 0.29375 0.259375 0.3265625 0.2453125 0.328125 0.240625 0.3234375 0.2328125 0.3203125 0.2328125 0.296875 0.2375 0.284375
1 0.2234375 0.2703125 0.228125 0.275 0.2328125 0.2890625 0.23125 0.290625 0.23125 0.30625 0.225 0.3125 0.2140625 0.3125 0.209375 0.30625 0.2046875 0.30625 0.2015625 0.3 0.2015625 0.2828125 0.2046875 0.2734375 0.2125 0.26875 0.221875 0.2703125
1 0.9140625 0.33125 0.9203125 0.334375 0.9265625 0.346875 0.9265625 0.3765625 0.9234375 0.3875 0.915625 0.3890625 0.9078125 0.3984375 0.8921875 0.3921875 0.88125 0.3921875 0.8734375 0.3765625 0.86875 0.3796875 0.865625 0.3859375 0.8625 0.38125 0.8625 0.375 0.8703125 0.35625 0.8703125 0.3484375 0.875 0.346875 0.8796875 0.3375 0.8859375 0.33125 0.890625 0.3296875 0.9125 0.33125
1 0.2375 0.2515625 0.2484375 0.2546875 0.2515625 0.2578125 0.2515625 0.2625 0.246875 0.2625 0.240625 0.26875 0.2359375 0.28125 0.2328125 0.28125 0.2296875 0.2734375 0.225 0.26875 0.2265625 0.25625 0.23125 0.2515625 0.2359375 0.2515625
1 0.9984375 0.3171875 0.9984375 0.378125 0.98125 0.3765625 0.9765625 0.3796875 0.9734375 0.378125 0.971875 0.3734375 0.9765625 0.334375 0.984375 0.328125 0.9890625 0.31875 0.996875 0.3171875
1 0.2859375 0.2984375 0.29375 0.303125 0.3046875 0.325 0.30625 0.3453125 0.2828125 0.3484375 0.2734375 0.3484375 0.26875 0.3421875 0.265625 0.3421875 0.2609375 0.3359375 0.2609375 0.3265625 0.265625 0.3 0.284375 0.2984375
1 0.296875 0.2734375 0.3015625 0.275 0.3078125 0.2890625 0.3125 0.29375 0.3125 0.2984375 0.303125 0.315625 0.3 0.3140625 0.296875 0.3046875 0.290625 0.2984375 0.2828125 0.2953125 0.2796875 0.2875 0.28125 0.275 0.2953125 0.2734375
1 0.1578125 0.2828125 0.1609375 0.28125 0.1703125 0.2828125 0.18125 0.3015625 0.18125 0.3265625 0.171875 0.325 0.1515625 0.3265625 0.15 0.3234375 0.1515625 0.296875 0.1578125 0.284375
3 0.3484375 0.35 0.3515625 0.353125 0.3546875 0.3921875 0.3515625 0.3953125 0.340625 0.3875 0.3375 0.3796875 0.3390625 0.3578125 0.340625 0.3546875 0.346875 0.3515625
3 0.3796875 0.390625 0.3734375 0.3796875 0.371875 0.3703125 0.371875 0.3546875 0.378125 0.3484375 0.3828125 0.3484375 0.384375 0.3515625 0.3859375 0.371875 0.3890625 0.378125 0.3890625 0.3875 0.384375 0.3875 0.38125 0.390625
3 0.26875 0.3625 0.2703125 0.3859375 0.265625 0.3984375 0.2625 0.4 0.2578125 0.3984375 0.25625 0.39375 0.25 0.390625 0.2484375 0.3875 0.240625 0.396875 0.2375 0.3953125 0.2359375 0.384375 0.240625 0.3703125 0.2453125 0.375 0.2484375 0.375 0.25625 0.36875 0.2671875 0.3640625
3 0.421875 0.346875 0.4296875 0.3453125 0.4328125 0.3515625 0.4328125 0.3828125 0.428125 0.3921875 0.4203125 0.3828125 0.41875 0.375 0.421875 0.3484375
4 0.1625 0.3078125 0.165625 0.3046875 0.1703125 0.3046875 0.171875 0.30625 0.1703125 0.3109375 0.1640625 0.3109375 0.1640625 0.309375