1 0.3546875 0.40625 0.3609375 0.409375 0.3703125 0.41875 0.38125 0.4421875 0.3859375 0.4734375 0.38125 0.5015625 0.3765625 0.5078125 0.3734375 0.5078125 0.3671875 0.496875 0.359375 0.5 0.34375 0.5 0.3390625 0.5015625 0.3265625 0.515625 0.321875 0.515625 0.31875 0.5078125 0.3171875 0.49375 0.3125 0.4890625 0.309375 0.4875 0.296875 0.4890625 0.2921875 0.484375 0.290625 0.475 0.2921875 0.425 0.3 0.425 0.3078125 0.4140625 0.3140625 0.4109375 0.3234375 0.4109375 0.334375 0.4046875 0.3515625 0.4046875 0.353125 0.40625
1 0.9875 0.30625 0.990625 0.3015625 0.9890625 0.2890625 0.984375 0.284375 0.96875 0.2859375 0.9640625 0.2828125 0.965625 0.275 0.9765625 0.26875 0.9890625 0.2703125 0.99375 0.275 0.996875 0.2796875 0.9953125 0.28125 0.9953125 0.296875 0.9875 0.3078125
1 0.9265625 0.3578125 0.925 0.334375 0.9171875 0.3203125 0.91875 0.3078125 0.9203125 0.303125 0.9296875 0.29375 0.940625 0.290625 0.9515625 0.290625 0.9578125 0.29375 0.959375 0.328125 0.94375 0.3609375 0.928125 0.3578125
1 0.9125 0.321875 0.91875 0.325 0.9234375 0.3375 0.9234375 0.36875 0.91875 0.3828125 0.9140625 0.384375 0.9078125 0.38125 0.9 0.396875 0.8921875 0.390625 0.875 0.390625 0.8734375 0.3890625 0.8671875 0.3890625 0.859375 0.3953125 0.85625 0.3875 0.85625 0.36875 0.8734375 0.3328125 0.8765625 0.3328125 0.8859375 0.325 0.89375 0.321875 0.9109375 0.321875
1 0.203125 0.2421875 0.20625 0.2453125 0.2046875 0.2765625 0.1984375 0.2765625 0.190625 0.271875 0.1875 0.2578125 0.190625 0.24375 0.2015625 0.2421875
1 0.9953125 0.3140625 0.9984375 0.3171875 0.9984375 0.3765625 0.996875 0.378125 0.996875 0.4015625 0.99375 0.4078125 0.9875 0.40625 0.9828125 0.4015625 0.9671875 0.4 0.95625 0.4015625 0.95 0.40625 0.9453125 0.40625 0.9421875 0.4 0.9421875 0.38125 0.9453125 0.3640625 0.95 0.3578125 0.953125 0.346875 0.9640625 0.325 0.975 0.3171875 0.9796875 0.3171875 0.984375 0.3140625 0.990625 0.315625 0.99375 0.3140625
1 0.725 0.35 0.7359375 0.353125 0.7390625 0.35625 0.7421875 0.3625 0.74375 0.3765625 0.7375 0.375 0.7328125 0.3796875 0.7296875 0.3953125 0.7203125 0.409375 0.71875 0.415625 0.703125 0.43125 0.69375 0.425 0.671875 0.4234375 0.66875 0.41875 0.66875 0.3984375 0.6734375 0.384375 0.6875 0.3625 0.6953125 0.3546875 0.70625 0.35 0.7234375 0.35
1 0.2 0.2984375 0.20625 0.3078125 0.2109375 0.321875 0.2109375 0.3421875 0.2125 0.34375 0.2109375 0.3515625 0.2078125 0.353125 0.2046875 0.35 0.203125 0.3375 0.196875 0.3328125 0.1921875 0.3328125 0.184375 0.3390625 0.1828125 0.353125 0.178125 0.3546875 0.16875 0.3484375 0.165625 0.340625 0.1640625 0.33125 0.165625 0.3109375 0.1734375 0.296875 0.196875 0.296875 0.1984375 0.2984375
1 0.765625 0.390625 0.7625 0.3859375 0.7625 0.365625 0.765625 0.3546875 0.775 0.334375 0.7796875 0.3296875 0.7921875 0.325 0.803125 0.325 0.8171875 0.3296875 0.81875 0.334375 0.8171875 0.3453125 0.8203125 0.35 0.8171875 0.375 0.809375 0.3765625 0.803125 0.384375 0.8 0.384375 0.796875 0.3921875 0.790625 0.3875 0.771875 0.3875 0.7671875 0.390625
1 0.3140625 0.2875 0.3265625 0.2890625 0.3390625 0.3 0.3484375 0.31875 0.3484375 0.3359375 0.325 0.3375 0.3171875 0.340625 0.3140625 0.334375 0.3046875 0.328125 0.3015625 0.321875 0.3015625 0.296875 0.3046875 0.2890625 0.3125 0.2890625
1 0.953125 0.26875 0.959375 0.271875 0.9609375 0.2765625 0.959375 0.2859375 0.9546875 0.290625 0.9296875 0.2921875 0.9203125 0.3015625 0.9171875 0.3015625 0.915625 0.2921875 0.925 0.275 0.940625 0.26875 0.9515625 0.26875
1 0.9609375 0.321875 0.9578125 0.2921875 0.9640625 0.2859375 0.9875 0.2859375 0.990625 0.2921875 0.990625 0.303125 0.9859375 0.3109375 0.975 0.3140625 0.9625 0.321875
1 0.89453125 0.31328125 0.04609375 0.03203125
1 0.859375 0.3171875 0.8640625 0.3265625 0.86875 0.3296875 0.86875 0.3328125 0.859375 0.35625 0.846875 0.371875 0.840625 0.371875 0.834375 0.365625 0.83125 0.3578125 0.821875 0.35625 0.8203125 0.334375 0.825 0.325 0.834375 0.3171875 0.8578125 0.3171875
5 0.290625 0.2546875 0.29375 0.2578125 0.29375 0.265625 0.303125 0.2875 0.3 0.3015625 0.3 0.31875 0.296875 0.321875 0.2859375 0.3203125 0.28125 0.303125 0.28125 0.275 0.284375 0.259375 0.2890625 0.2546875
5 0.209375 0.2171875 0.215625 0.215625 0.2359375 0.2171875 0.25625 0.2234375 0.2703125 0.23125 0.2734375 0.2375 0.2734375 0.253125 0.2796875 0.2671875 0.2796875 0.3 0.28125 0.3015625 0.2796875 0.328125 0.2734375 0.328125 0.2703125 0.33125 0.240625 0.3328125 0.2375 0.3234375 0.2265625 0.3203125 0.215625 0.3140625 0.2125 0.3078125 0.2109375 0.2875 0.20625 0.26875 0.2078125 0.2671875 0.20625 0.2265625 0.209375 0.21875
3 0.7890625 0.3 0.79375 0.303125 0.8 0.3 0.796875 0.3234375 0.7890625 0.3234375 0.7875 0.31875 0.7890625 0.3015625
3 0.803125 0.396875 0.809375 0.40625 0.8140625 0.4078125 0.8140625 0.4234375 0.8171875 0.44375 0.821875 0.4546875 0.821875 0.4671875 0.8171875 0.459375 0.8140625 0.459375 0.8109375 0.465625 0.803125 0.4578125 0.8 0.4609375 0.7984375 0.4703125 0.79375 0.475 0.790625 0.459375 0.796875 0.41875 0.7953125 0.403125 0.8015625 0.396875
3 0.2015625 0.3625 0.203125 0.390625 0.2 0.3953125 0.1953125 0.3953125 0.190625 0.384375 0.190625 0.375 0.19375 0.371875 0.19375 0.3640625 0.2 0.3625
3 0.7234375 0.475 0.7203125 0.4703125 0.7203125 0.428125 0.7265625 0.415625 0.728125 0.4140625 0.73125 0.415625 0.734375 0.4265625 0.7390625 0.4328125 0.7421875 0.453125 0.746875 0.4578125 0.746875 0.465625 0.74375 0.4671875 0.740625 0.4625 0.7390625 0.4671875 0.7296875 0.4671875 0.725 0.4734375
4 0.8296875 0.3515625 0.83125 0.353125 0.8296875 0.3578125 0.821875 0.35625 0.821875 0.353125 0.828125 0.3515625
4 0.365625 0.4625 0.3671875 0.4703125 0.3640625 0.4765625 0.35625 0.4765625 0.3546875 0.471875 0.35625 0.4640625 0.3640625 0.4625
4 0.7734375 0.3734375 0.78125 0.375 0.7796875 0.38125 0.771875 0.3796875 0.76875 0.3765625 0.771875 0.3734375
4 0.95625 0.384375 0.96875 0.384375 0.971875 0.3875 0.971875 0.3921875 0.9625 0.3921875 0.95625 0.390625 0.95625 0.3859375
4 0.8796875 0.3765625 0.8828125 0.3796875 0.8796875 0.3828125 0.8734375 0.3828125 0.86875 0.3796875 0.8703125 0.3765625 0.878125 0.3765625
0 0.1671875 0.2015625 0.18125 0.209375 0.1859375 0.21875 0.1875 0.2515625 0.184375 0.2578125 0.18125 0.25625 0.1625 0.2578125 0.153125 0.25 0.1515625 0.21875 0.14375 0.2125 0.14375 0.2046875 0.15 0.2 0.165625 0.2015625