2 0.7203125 0.46875 0.109375 0.16328125
2 0.69609375 0.33046875 0.0484375 0.08671875
0 0.8234375 0.2046875 0.8421875 0.203125 0.846875 0.2078125 0.846875 0.215625 0.84375 0.2234375 0.8453125 0.2421875 0.8421875 0.2546875 0.8328125 0.259375 0.83125 0.2578125 0.8171875 0.259375 0.815625 0.2578125 0.815625 0.2265625 0.81875 0.209375 0.8234375 0.20625
0 0.090625 0.2546875 0.10625 0.2578125 0.125 0.2671875 0.1375 0.26875 0.140625 0.271875 0.153125 0.275 0.15625 0.2796875 0.1609375 0.3046875 0.1671875 0.309375 0.1671875 0.31875 0.1640625 0.3234375 0.165625 0.3328125 0.1640625 0.3578125 0.1578125 0.3703125 0.15 0.3625 0.134375 0.3640625 0.125 0.3625 0.125 0.3546875 0.1140625 0.3328125 0.103125 0.3234375 0.08125 0.321875 0.0734375 0.3109375 0.06875 0.2859375 0.06875 0.2625 0.071875 0.2578125 0.0890625 0.25625
1 0.06875 0.29375 0.0703125 0.3078125 0.06875 0.3125 0.0609375 0.3109375 0.0453125 0.3125 0.04375 0.3109375 0.0453125 0.3046875 0.053125 0.29375 0.0671875 0.29375
1 0.10625 0.328125 0.115625 0.3390625 0.1234375 0.35625 0.125 0.384375 0.121875 0.3890625 0.0984375 0.3875 0.0921875 0.3921875 0.0859375 0.390625 0.08125 0.378125 0.075 0.3828125 0.071875 0.38125 0.06875 0.353125 0.071875 0.3453125 0.071875 0.3375 0.08125 0.325 0.1015625 0.325 0.1046875 0.328125
1 0.0140625 0.328125 0.0328125 0.33125 0.046875 0.3421875 0.05 0.35625 0.059375 0.3734375 0.0609375 0.3828125 0.059375 0.4015625 0.053125 0.4015625 0.0484375 0.3984375 0.0296875 0.3984375 0.028125 0.4 0.025 0.3984375 0.0125 0.40625 0.0078125 0.396875 0 0.3921875 0 0.33125 0.0125 0.3296875
1 0.76875 0.26875 0.775 0.271875 0.778125 0.278125 0.775 0.30625 0.7671875 0.3109375 0.75 0.3109375 0.7484375 0.3125 0.7421875 0.3109375 0.7421875 0.3 0.75 0.2734375 0.75625 0.26875 0.7671875 0.26875
1 0 0.2875 0.0140625 0.2890625 0.021875 0.2875 0.0234375 0.2890625 0.028125 0.2953125 0.028125 0.3 0.0328125 0.309375 0.034375 0.3234375 0.0328125 0.3265625 0.0171875 0.325 0.0109375 0.309375 0.0046875 0.303125 0 0.3015625 0 0.2890625
1 0.428125 0.41875 0.453125 0.4296875 0.4578125 0.434375 0.459375 0.4671875 0.4546875 0.4765625 0.4515625 0.496875 0.44375 0.5015625 0.4390625 0.4953125 0.434375 0.4953125 0.4109375 0.5109375 0.4078125 0.5140625 0.4078125 0.5203125 0.4015625 0.5328125 0.3953125 0.5328125 0.3890625 0.528125 0.3765625 0.5296875 0.35 0.5265625 0.340625 0.5171875 0.3390625 0.5109375 0.340625 0.49375 0.346875 0.4765625 0.3609375 0.4609375 0.3609375 0.45 0.36875 0.4453125 0.375 0.434375 0.384375 0.425 0.3984375 0.4171875 0.4265625 0.41875
1 0.0453125 0.3125 0.0703125 0.3125 0.0765625 0.3171875 0.078125 0.321875 0.078125 0.3265625 0.071875 0.3328125 0.0703125 0.3453125 0.0671875 0.3515625 0.06875 0.365625 0.0640625 0.36875 0.059375 0.3671875 0.05625 0.3625 0.0484375 0.3390625 0.04375 0.3359375 0.0390625 0.328125 0.0421875 0.3171875 0.0453125 0.3140625
4 0.14609375 0.35625 0.009375 0.00859375
4 0.03984375 0.390625 0.02109375 0.00859375
4 0.7296875 0.4984375 0.7328125 0.496875 0.75 0.496875 0.7515625 0.4984375 0.75 0.5078125 0.7296875 0.5078125 0.7296875 0.5
4 0.1171875 0.375 0.1171875 0.38125 0.109375 0.3828125 0.1046875 0.38125 0.1046875 0.378125 0.1078125 0.375 0.115625 0.375
4 0.3609375 0.515625 0.3625 0.521875 0.3546875 0.521875 0.3515625 0.51875 0.353125 0.5140625 0.359375 0.515625
3 0.3328125 0.3671875 0.340625 0.365625 0.3421875 0.378125 0.35 0.3921875 0.35 0.4 0.3453125 0.4078125 0.340625 0.4078125 0.3390625 0.403125 0.33125 0.396875 0.3265625 0.396875 0.321875 0.40625 0.315625 0.3984375 0.3125 0.38125 0.3125 0.36875 0.315625 0.36875 0.325 0.3796875 0.3296875 0.3765625 0.3328125 0.36875