5 0.321875 0.253125 0.3234375 0.2546875 0.34375 0.2546875 0.3453125 0.253125 0.3546875 0.2546875 0.3671875 0.2625 0.371875 0.2671875 0.3734375 0.2734375 0.3734375 0.284375 0.38125 0.309375 0.3796875 0.3375 0.371875 0.353125 0.35625 0.3484375 0.3453125 0.3546875 0.3390625 0.3515625 0.334375 0.3421875 0.3171875 0.3421875 0.315625 0.321875 0.3078125 0.30625 0.3078125 0.278125 0.30625 0.2765625 0.309375 0.259375 0.3125 0.2546875 0.3203125 0.253125
1 0.1890625 0.2375 0.1921875 0.2453125 0.1890625 0.25 0.1875 0.265625 0.18125 0.265625 0.175 0.2625 0.175 0.2515625 0.178125 0.24375 0.1828125 0.2375 0.1875 0.2375
1 0.4796875 0.54375 0.496875 0.55 0.5078125 0.559375 0.5203125 0.596875 0.521875 0.6390625 0.5234375 0.640625 0.521875 0.65625 0.515625 0.671875 0.5125 0.6921875 0.503125 0.7015625 0.4984375 0.7015625 0.490625 0.69375 0.4796875 0.696875 0.4484375 0.7171875 0.446875 0.7203125 0.4296875 0.73125 0.421875 0.7390625 0.409375 0.7703125 0.3984375 0.7765625 0.3875 0.7671875 0.3828125 0.7703125 0.3671875 0.7703125 0.3515625 0.7671875 0.3375 0.7609375 0.328125 0.7515625 0.3203125 0.7265625 0.3203125 0.7 0.3234375 0.6921875 0.3234375 0.684375 0.3375 0.65625 0.346875 0.64375 0.353125 0.6390625 0.3765625 0.6 0.396875 0.575 0.428125 0.5546875 0.4390625 0.55 0.465625 0.5421875 0.478125 0.54375
1 0.9828125 0.2890625 0.99375 0.2796875 0.9984375 0.2796875 0.9984375 0.2984375 0.9859375 0.309375 0.98125 0.3203125 0.978125 0.3203125 0.978125 0.303125 0.9828125 0.290625
1 0.93125 0.3078125 0.9328125 0.309375 0.9515625 0.309375 0.95625 0.3140625 0.9578125 0.325 0.94375 0.3359375 0.934375 0.35625 0.9296875 0.3609375 0.91875 0.359375 0.9140625 0.3625 0.90625 0.3609375 0.9078125 0.33125 0.91875 0.3125 0.921875 0.309375 0.9296875 0.3078125
1 0.9796875 0.3296875 0.984375 0.334375 0.9921875 0.35 0.9921875 0.371875 0.9890625 0.3859375 0.984375 0.3875 0.9765625 0.3984375 0.9609375 0.396875 0.9609375 0.3734375 0.95625 0.3703125 0.9515625 0.3609375 0.9484375 0.3609375 0.9390625 0.371875 0.9375 0.3875 0.93125 0.396875 0.928125 0.3953125 0.928125 0.3796875 0.93125 0.365625 0.946875 0.334375 0.9546875 0.3296875 0.978125 0.3296875
1 0.253125 0.259375 0.2578125 0.2640625 0.2578125 0.2859375 0.2546875 0.296875 0.2453125 0.2953125 0.2375 0.290625 0.2328125 0.2765625 0.2328125 0.26875 0.2359375 0.2625 0.240625 0.259375 0.2515625 0.259375
1 0.79375 0.465625 0.8078125 0.46875 0.8171875 0.478125 0.828125 0.4828125 0.83125 0.4921875 0.8328125 0.509375 0.8234375 0.5609375 0.81875 0.565625 0.8109375 0.5609375 0.7875 0.5828125 0.784375 0.6015625 0.7796875 0.6078125 0.775 0.6078125 0.7703125 0.6015625 0.75 0.6015625 0.7125 0.590625 0.70625 0.5828125 0.70625 0.553125 0.7109375 0.534375 0.725 0.5109375 0.7234375 0.5 0.728125 0.5 0.7328125 0.4953125 0.7421875 0.4796875 0.7546875 0.4671875 0.765625 0.4625 0.7828125 0.4625 0.7921875 0.465625
1 0.175 0.228125 0.178125 0.2328125 0.178125 0.2421875 0.1734375 0.25 0.171875 0.2578125 0.1609375 0.25625 0.159375 0.2484375 0.1640625 0.2265625 0.1671875 0.225 0.1734375 0.228125
1 0.20625 0.26875 0.209375 0.2671875 0.225 0.26875 0.2296875 0.2734375 0.2375 0.29375 0.2375 0.3078125 0.2078125 0.30625 0.203125 0.296875 0.203125 0.2828125 0.20625 0.2703125
1 0.1546875 0.271875 0.1609375 0.2765625 0.165625 0.29375 0.165625 0.3109375 0.15625 0.3109375 0.153125 0.2859375 0.1546875 0.2734375
1 0.2140625 0.24375 0.2265625 0.246875 0.234375 0.25625 0.23125 0.2703125 0.2265625 0.2703125 0.225 0.2671875 0.2109375 0.265625 0.2140625 0.2453125
1 0.2109375 0.2421875 0.2125 0.2453125 0.209375 0.2625 0.2109375 0.265625 0.20625 0.265625 0.203125 0.271875 0.1953125 0.271875 0.190625 0.26875 0.1890625 0.265625 0.190625 0.2640625 0.1890625 0.259375 0.190625 0.2484375 0.19375 0.2421875 0.1984375 0.2390625 0.209375 0.2421875
1 0.9984375 0.3 0.9984375 0.3515625 0.9953125 0.353125 0.9953125 0.35625 0.99375 0.3484375 0.98125 0.3296875 0.9796875 0.3234375 0.990625 0.3046875 0.996875 0.3015625
1 0.7046875 0.3984375 0.71875 0.4 0.725 0.403125 0.74375 0.403125 0.746875 0.40625 0.753125 0.43125 0.753125 0.4625 0.7515625 0.4671875 0.7359375 0.484375 0.73125 0.49375 0.71875 0.5 0.715625 0.5109375 0.7015625 0.525 0.6921875 0.5171875 0.6609375 0.5171875 0.646875 0.5109375 0.64375 0.50625 0.6421875 0.484375 0.646875 0.4640625 0.6578125 0.4484375 0.659375 0.4390625 0.6671875 0.428125 0.6671875 0.425 0.6890625 0.403125 0.703125 0.3984375
1 0.275 0.265625 0.2921875 0.26875 0.2984375 0.271875 0.3046875 0.2796875 0.3078125 0.315625 0.2921875 0.321875 0.2875 0.3265625 0.275 0.315625 0.2734375 0.284375 0.2703125 0.28125 0.2671875 0.2828125 0.265625 0.303125 0.259375 0.3015625 0.2578125 0.296875 0.2609375 0.26875 0.2734375 0.265625
1 0.7625 0.3640625 0.76875 0.378125 0.7703125 0.3890625 0.7703125 0.4234375 0.7671875 0.43125 0.7546875 0.4296875 0.7515625 0.4125 0.7453125 0.4015625 0.7375 0.4 0.725 0.4015625 0.7203125 0.3984375 0.709375 0.3984375 0.7046875 0.396875 0.703125 0.3875 0.7046875 0.3828125 0.7125 0.3765625 0.715625 0.36875 0.7296875 0.359375 0.734375 0.3578125 0.75 0.359375 0.7609375 0.3640625
3 0.9390625 0.3890625 0.9453125 0.3953125 0.9453125 0.41875 0.9515625 0.428125 0.946875 0.4421875 0.9390625 0.4421875 0.934375 0.4515625 0.93125 0.45 0.9296875 0.41875 0.9328125 0.4109375 0.9328125 0.4015625 0.9375 0.390625
3 0.778125 0.3015625 0.7859375 0.303125 0.7859375 0.3140625 0.78125 0.3234375 0.778125 0.3234375 0.7765625 0.3203125 0.778125 0.315625 0.7765625 0.3046875 0.778125 0.303125
4 0.7171875 0.571875 0.734375 0.5734375 0.7421875 0.5796875 0.7390625 0.584375 0.734375 0.584375 0.7234375 0.58125 0.7171875 0.5765625 0.7171875 0.5734375
4 0.328125 0.728125 0.3453125 0.7390625 0.3453125 0.7484375 0.3390625 0.7484375 0.3328125 0.7453125 0.328125 0.740625 0.3265625 0.734375 0.328125 0.7296875
4 0.65625 0.49375 0.6625 0.496875 0.6703125 0.496875 0.671875 0.4984375 0.6703125 0.5046875 0.6625 0.5046875 0.6546875 0.5015625 0.6515625 0.4953125 0.6546875 0.49375
4 0.3609375 0.334375 0.36875 0.334375 0.36875 0.340625 0.3609375 0.340625 0.359375 0.3375 0.3609375 0.3359375
4 0.9171875 0.3515625 0.91875 0.346875 0.928125 0.3484375 0.9265625 0.353125 0.91875 0.3515625