5 0.6390625 0.259375 0.64375 0.2625 0.6546875 0.2609375 0.66875 0.2625 0.6703125 0.2671875 0.6703125 0.31875 0.659375 0.334375 0.65625 0.3515625 0.64375 0.353125 0.63125 0.3671875 0.61875 0.3578125 0.6109375 0.3578125 0.6046875 0.365625 0.6 0.3625 0.6 0.3578125 0.59375 0.3484375 0.59375 0.3171875 0.596875 0.303125 0.603125 0.290625 0.6046875 0.2734375 0.61875 0.2625 0.634375 0.2578125 0.6375 0.259375
0 0 0.265625 0.0109375 0.26875 0.0125 0.271875 0.015625 0.271875 0.025 0.2796875 0.03125 0.29375 0.0328125 0.3078125 0.0328125 0.328125 0.03125 0.3296875 0.0296875 0.328125 0 0.328125 0 0.2671875
3 0.328125 0.5078125 0.33125 0.509375 0.3359375 0.521875 0.3375 0.578125 0.3328125 0.5875 0.3296875 0.5859375 0.328125 0.5671875 0.325 0.559375 0.3203125 0.5578125 0.315625 0.565625 0.3125 0.565625 0.3109375 0.5625 0.309375 0.5296875 0.30625 0.521875 0.30625 0.51875 0.315625 0.5046875 0.3265625 0.5078125
3 0.9 0.484375 0.9046875 0.4890625 0.90625 0.503125 0.903125 0.5046875 0.903125 0.5109375 0.9078125 0.5203125 0.915625 0.521875 0.9296875 0.5125 0.9453125 0.5140625 0.95 0.51875 0.946875 0.5625 0.9453125 0.5640625 0.940625 0.5625 0.9390625 0.565625 0.93125 0.56875 0.9234375 0.5640625 0.915625 0.5515625 0.89375 0.5453125 0.8875 0.5453125 0.8828125 0.5484375 0.875 0.5484375 0.8703125 0.5453125 0.865625 0.53125 0.8671875 0.5203125 0.871875 0.5125 0.8796875 0.5109375 0.884375 0.50625 0.8828125 0.5015625 0.884375 0.490625 0.89375 0.4890625 0.8984375 0.4859375
3 0.3890625 0.4625 0.3890625 0.46875 0.3859375 0.4703125 0.3859375 0.475 0.3890625 0.4796875 0.3875 0.5078125 0.390625 0.5203125 0.390625 0.540625 0.3859375 0.5515625 0.38125 0.5515625 0.3765625 0.534375 0.371875 0.528125 0.365625 0.5328125 0.3609375 0.53125 0.359375 0.5140625 0.3609375 0.5015625 0.365625 0.5046875 0.3703125 0.4984375 0.371875 0.4875 0.36875 0.48125 0.371875 0.4796875 0.3765625 0.4828125 0.3796875 0.4765625 0.3859375 0.471875 0.3875 0.4640625
1 0.1203125 0.3296875 0.128125 0.33125 0.1421875 0.3484375 0.14375 0.3578125 0.15 0.3671875 0.153125 0.3796875 0.153125 0.3921875 0.15 0.403125 0.1453125 0.403125 0.1359375 0.3984375 0.11875 0.4015625 0.1140625 0.40625 0.1078125 0.40625 0.0984375 0.3921875 0.090625 0.3953125 0.0859375 0.375 0.0890625 0.36875 0.0890625 0.35 0.09375 0.33125 0.0953125 0.3296875 0.11875 0.3296875
1 0.0296875 0.33125 0.04375 0.3375 0.0578125 0.359375 0.0625 0.3703125 0.0640625 0.4015625 0.05625 0.403125 0.04375 0.3984375 0.0375 0.3984375 0.0203125 0.4015625 0.0140625 0.4078125 0.0078125 0.3953125 0 0.3875 0 0.3375 0.0015625 0.3328125 0.0046875 0.33125 0.028125 0.33125
1 0.0921875 0.278125 0.096875 0.2828125 0.096875 0.2875 0.0890625 0.2875 0.0828125 0.2921875 0.08125 0.3109375 0.0609375 0.3109375 0.059375 0.309375 0.059375 0.2921875 0.065625 0.2765625 0.090625 0.278125
1 0.0828125 0.3140625 0.0921875 0.325 0.0921875 0.3328125 0.0875 0.346875 0.0875 0.3625 0.084375 0.3703125 0.0703125 0.3734375 0.0640625 0.36875 0.0609375 0.359375 0.0515625 0.3453125 0.0484375 0.3390625 0.0484375 0.3296875 0.0515625 0.31875 0.059375 0.3125 0.0796875 0.3125 0.08125 0.3140625
1 0.821875 0.2296875 0.8328125 0.228125 0.8375 0.240625 0.8375 0.2546875 0.834375 0.2578125 0.8234375 0.2578125 0.81875 0.2515625 0.81875 0.2375 0.821875 0.23125
1 0.765625 0.271875 0.7703125 0.2921875 0.76875 0.3203125 0.7546875 0.328125 0.7375 0.328125 0.7359375 0.3265625 0.7265625 0.328125 0.721875 0.31875 0.721875 0.3125 0.7296875 0.2875 0.7375 0.278125 0.74375 0.275 0.7640625 0.271875
1 0.8 0.24375 0.803125 0.2546875 0.803125 0.271875 0.7921875 0.275 0.7859375 0.2546875 0.7796875 0.253125 0.7796875 0.2453125 0.7859375 0.2421875 0.7984375 0.24375
1 0.8125 0.2390625 0.815625 0.24375 0.815625 0.25625 0.8203125 0.2609375 0.8140625 0.2671875 0.80625 0.2671875 0.803125 0.259375 0.803125 0.2421875 0.8109375 0.2390625
1 0.109375 0.290625 0.1203125 0.29375 0.125 0.2984375 0.1296875 0.3109375 0.1328125 0.3125 0.1390625 0.3296875 0.1359375 0.340625 0.1328125 0.3328125 0.128125 0.3296875 0.0953125 0.328125 0.090625 0.31875 0.0828125 0.3109375 0.084375 0.30625 0.0828125 0.2953125 0.0875 0.2890625 0.0984375 0.2875 0.1078125 0.290625
1 0.0421875 0.2984375 0.05 0.3046875 0.0515625 0.309375 0.0515625 0.3171875 0.0453125 0.334375 0.034375 0.33125 0.0328125 0.2984375 0.034375 0.296875 0.040625 0.2984375
1 0.221875 0.325 0.2390625 0.34375 0.240625 0.353125 0.25 0.3625 0.253125 0.3796875 0.2515625 0.4 0.2484375 0.4046875 0.24375 0.4046875 0.2375 0.3984375 0.2171875 0.3984375 0.2125 0.4078125 0.209375 0.409375 0.203125 0.40625 0.2 0.3953125 0.1953125 0.390625 0.1875 0.3890625 0.18125 0.396875 0.1765625 0.3953125 0.1703125 0.371875 0.1703125 0.3484375 0.1734375 0.334375 0.1796875 0.321875 0.20625 0.3203125 0.2203125 0.325
1 0.6734375 0.315625 0.671875 0.3109375 0.6734375 0.296875 0.678125 0.290625 0.68125 0.2796875 0.6859375 0.275 0.6921875 0.2734375 0.721875 0.2734375 0.7234375 0.275 0.725 0.2859375 0.7234375 0.296875 0.71875 0.3046875 0.71875 0.3109375 0.709375 0.328125 0.6984375 0.3078125 0.6953125 0.3078125 0.690625 0.3125 0.675 0.315625
1 0.7015625 0.3171875 0.7078125 0.33125 0.709375 0.3609375 0.7046875 0.3671875 0.6984375 0.3640625 0.6921875 0.375 0.6859375 0.371875 0.6609375 0.371875 0.6578125 0.3671875 0.6578125 0.35625 0.6609375 0.340625 0.6734375 0.31875 0.690625 0.3140625 0.6984375 0.3140625 0.7 0.3171875
1 0.165625 0.3203125 0.1765625 0.3234375 0.1703125 0.3390625 0.16875 0.378125 0.165625 0.3796875 0.1609375 0.3796875 0.153125 0.371875 0.1421875 0.3421875 0.1421875 0.3296875 0.1453125 0.3234375 0.15 0.3203125 0.1640625 0.3203125
4 0.034375 0.384375 0.05 0.3859375 0.0484375 0.390625 0.040625 0.3921875 0.0328125 0.390625 0.034375 0.3859375
4 0.2328125 0.384375 0.2359375 0.3828125 0.2421875 0.384375 0.2421875 0.3875 0.2328125 0.3875 0.2328125 0.3859375
4 0.94375 0.528125 0.95 0.5296875 0.9484375 0.5375 0.94375 0.5359375 0.94375 0.5296875
4 0.334375 0.5390625 0.3359375 0.55 0.334375 0.5515625 0.33125 0.5484375 0.3328125 0.540625