5 0.2390625 0.21875 0.24375 0.221875 0.2640625 0.2265625 0.2703125 0.23125 0.2734375 0.2375 0.2734375 0.253125 0.2796875 0.26875 0.2796875 0.30625 0.28125 0.3078125 0.2796875 0.3265625 0.275 0.33125 0.265625 0.3296875 0.2609375 0.33125 0.259375 0.328125 0.2484375 0.3265625 0.24375 0.3328125 0.240625 0.3328125 0.2390625 0.328125 0.2328125 0.321875 0.215625 0.315625 0.2125 0.3078125 0.2109375 0.2875 0.2046875 0.2765625 0.20625 0.2296875 0.209375 0.2203125 0.2125 0.2171875 0.2375 0.21875
0 0.1796875 0.2046875 0.1890625 0.20625 0.2078125 0.2171875 0.2046875 0.228125 0.2046875 0.2453125 0.1953125 0.25 0.19375 0.2671875 0.190625 0.26875 0.18125 0.2625 0.175 0.2625 0.1609375 0.2546875 0.1625 0.246875 0.1609375 0.209375 0.1703125 0.2046875 0.178125 0.2046875
1 0.784375 0.3859375 0.790625 0.3921875 0.79375 0.403125 0.7984375 0.409375 0.8 0.41875 0.8 0.4390625 0.7953125 0.453125 0.79375 0.4671875 0.7921875 0.4703125 0.7890625 0.4703125 0.7859375 0.453125 0.778125 0.45 0.771875 0.4578125 0.771875 0.4671875 0.7609375 0.484375 0.759375 0.4953125 0.75625 0.496875 0.734375 0.4890625 0.7 0.4875 0.69375 0.48125 0.6921875 0.4765625 0.69375 0.4515625 0.6953125 0.4453125 0.70625 0.4296875 0.709375 0.428125 0.7125 0.41875 0.721875 0.4046875 0.734375 0.3921875 0.753125 0.3828125 0.7828125 0.3859375
1 0.29296875 0.29375 0.02421875 0.05
1 0.1515625 0.221875 0.159375 0.225 0.1625 0.234375 0.1609375 0.25625 0.1578125 0.25625 0.15 0.2421875 0.1515625 0.2234375
1 0.1671875 0.4359375 0.2 0.453125 0.2171875 0.453125 0.23125 0.459375 0.240625 0.4734375 0.2390625 0.5015625 0.2359375 0.5046875 0.234375 0.515625 0.2265625 0.5265625 0.2203125 0.528125 0.2125 0.5265625 0.2078125 0.5171875 0.196875 0.5171875 0.175 0.5234375 0.171875 0.5265625 0.1515625 0.5328125 0.1484375 0.5359375 0.14375 0.5515625 0.1328125 0.5609375 0.125 0.5609375 0.1140625 0.546875 0.09375 0.5453125 0.0765625 0.53125 0.075 0.528125 0.0765625 0.484375 0.08125 0.475 0.0859375 0.453125 0.096875 0.44375 0.10625 0.4390625 0.1125 0.4390625 0.1296875 0.4328125 0.159375 0.4328125 0.165625 0.4359375
1 0.959375 0.29375 0.9859375 0.2921875 0.990625 0.303125 0.990625 0.3375 0.9875 0.340625 0.984375 0.340625 0.9796875 0.3453125 0.9734375 0.340625 0.946875 0.3421875 0.9453125 0.3359375 0.95 0.309375 0.959375 0.2953125
1 0.33125 0.2921875 0.3453125 0.309375 0.3484375 0.3203125 0.3484375 0.3359375 0.3265625 0.3375 0.3203125 0.340625 0.3125 0.3328125 0.3046875 0.33125 0.3 0.3203125 0.3 0.3046875 0.303125 0.2921875 0.30625 0.2890625 0.3265625 0.2890625 0.3296875 0.2921875
3 0.790625 0.4984375 0.79375 0.50625 0.79375 0.51875 0.7890625 0.5296875 0.790625 0.5421875 0.7875 0.55625 0.7828125 0.5640625 0.775 0.55625 0.7703125 0.559375 0.76875 0.5734375 0.7625 0.5828125 0.7578125 0.5828125 0.7546875 0.575 0.7546875 0.5578125 0.7609375 0.534375 0.759375 0.525 0.7609375 0.5109375 0.765625 0.50625 0.78125 0.509375 0.7859375 0.5 0.7890625 0.4984375
3 0.615625 0.3375 0.61875 0.3390625 0.621875 0.3484375 0.621875 0.3640625 0.6171875 0.365625 0.6125 0.3609375 0.60625 0.3703125 0.603125 0.3703125 0.6 0.3640625 0.6 0.3421875 0.6015625 0.340625 0.6140625 0.3421875 0.615625 0.3390625
3 0 0.6390625 0.003125 0.6390625 0.0078125 0.6453125 0.00625 0.6703125 0.0109375 0.6734375 0.021875 0.675 0.03125 0.6890625 0.0328125 0.6953125 0.03125 0.7125 0.0234375 0.728125 0.01875 0.73125 0.0078125 0.73125 0 0.7234375 0 0.640625
4 0.0796875 0.5 0.084375 0.5015625 0.0859375 0.5078125 0.084375 0.5125 0.08125 0.5140625 0.078125 0.5109375 0.0796875 0.5015625
4 0.71875 0.475 0.7203125 0.48125 0.7109375 0.48125 0.703125 0.478125 0.7046875 0.4734375 0.7171875 0.475