5 0.6515625 0.64375 0.6546875 0.6484375 0.6546875 0.6921875 0.6609375 0.6984375 0.66875 0.6984375 0.68125 0.703125 0.70625 0.7046875 0.7109375 0.7078125 0.7296875 0.709375 0.7359375 0.7125 0.746875 0.7125 0.7671875 0.71875 0.7921875 0.7203125 0.796875 0.7140625 0.8 0.6671875 0.80625 0.6828125 0.8421875 0.6875 0.853125 0.69375 0.8578125 0.7015625 0.8734375 0.715625 0.878125 0.7265625 0.8859375 0.734375 0.896875 0.7515625 0.903125 0.7546875 0.9046875 0.7578125 0.98125 0.784375 0.990625 0.7890625 0.9984375 0.803125 0.9984375 0.8234375 0.996875 0.825 0.9984375 0.83125 0.9984375 0.9953125 0.9953125 0.9984375 0.9546875 0.9984375 0.9484375 0.9953125 0.9375 0.978125 0.9328125 0.953125 0.9296875 0.946875 0.921875 0.9421875 0.9171875 0.9421875 0.909375 0.9375 0.903125 0.9375 0.8875 0.93125 0.88125 0.93125 0.878125 0.928125 0.8734375 0.928125 0.8640625 0.9234375 0.8296875 0.9171875 0.815625 0.9109375 0.7890625 0.90625 0.771875 0.8984375 0.7484375 0.8984375 0.7421875 0.9078125 0.7375 0.921875 0.7234375 0.9359375 0.7109375 0.9359375 0.703125 0.9328125 0.6859375 0.915625 0.678125 0.875 0.6640625 0.865625 0.6390625 0.85625 0.6328125 0.85625 0.6296875 0.859375 0.6234375 0.853125 0.628125 0.821875 0.628125 0.7984375 0.6265625 0.796875 0.628125 0.7953125 0.628125 0.7796875 0.63125 0.771875 0.63125 0.75 0.6375 0.7140625 0.64375 0.6953125 0.64375 0.68125 0.6484375 0.6765625 0.6515625 0.6671875 0.65 0.6546875 0.6515625 0.6453125
5 0.140625 0.196875 0.15625 0.2046875 0.159375 0.2140625 0.1578125 0.23125 0.153125 0.2296875 0.146875 0.2171875 0.14375 0.215625 0.140625 0.2171875 0.1359375 0.2140625 0.1328125 0.1984375 0.1390625 0.196875
5 0.20625 0.215625 0.234375 0.2234375 0.2375 0.228125 0.2375 0.240625 0.240625 0.2484375 0.2328125 0.2484375 0.225 0.2546875 0.2234375 0.26875 0.20625 0.2734375 0.2046875 0.2765625 0.2 0.275 0.1984375 0.2671875 0.19375 0.2609375 0.190625 0.228125 0.1921875 0.2171875 0.2046875 0.215625
1 0.921875 0.2828125 0.928125 0.2875 0.9296875 0.30625 0.915625 0.325 0.9109375 0.321875 0.909375 0.2953125 0.90625 0.2859375 0.9203125 0.2828125
1 0.3234375 0.3203125 0.33125 0.321875 0.3359375 0.3265625 0.3484375 0.3546875 0.3484375 0.3625 0.3453125 0.3671875 0.3453125 0.3765625 0.3421875 0.38125 0.3296875 0.38125 0.3171875 0.384375 0.3140625 0.384375 0.309375 0.375 0.3 0.3703125 0.2984375 0.3671875 0.296875 0.3375 0.3046875 0.3234375 0.321875 0.3203125
1 0.1609375 0.2296875 0.1671875 0.2296875 0.175 0.234375 0.175 0.2453125 0.171875 0.2578125 0.159375 0.2578125 0.1546875 0.25 0.1546875 0.2375 0.1609375 0.23125
1 0.984375 0.2625 0.984375 0.2828125 0.9765625 0.2875 0.9703125 0.2765625 0.965625 0.2734375 0.959375 0.2734375 0.959375 0.26875 0.9640625 0.2625 0.9703125 0.2609375 0.9828125 0.2625
1 0.95 0.271875 0.953125 0.2734375 0.953125 0.3046875 0.9515625 0.30625 0.9328125 0.3046875 0.928125 0.2875 0.9203125 0.28125 0.925 0.271875 0.9296875 0.2703125 0.9484375 0.271875
1 0.9046875 0.3296875 0.90625 0.3359375 0.8921875 0.35625 0.8953125 0.365625 0.9015625 0.371875 0.9015625 0.3875 0.8984375 0.39375 0.8671875 0.396875 0.8625 0.39375 0.8625 0.3734375 0.8703125 0.353125 0.875 0.35 0.8796875 0.3390625 0.8859375 0.3328125 0.903125 0.3296875
1 0.9953125 0.4 0.9875 0.396875 0.984375 0.4015625 0.984375 0.4078125 0.98125 0.4109375 0.9765625 0.4109375 0.9734375 0.40625 0.95 0.40625 0.94375 0.403125 0.9375 0.4078125 0.9328125 0.40625 0.9328125 0.3828125 0.9359375 0.371875 0.9515625 0.34375 0.959375 0.3375 0.9828125 0.3375 0.990625 0.3390625 0.9953125 0.34375 0.9984375 0.35625 0.9984375 0.3984375 0.996875 0.3984375
1 0.990625 0.296875 0.9953125 0.3015625 0.9953125 0.3125 0.9859375 0.3171875 0.975 0.3328125 0.9640625 0.3328125 0.9609375 0.315625 0.9625 0.303125 0.96875 0.296875 0.9890625 0.296875
1 0.915625 0.33125 0.925 0.3140625 0.9328125 0.3078125 0.953125 0.3078125 0.959375 0.3140625 0.9609375 0.3328125 0.95 0.3421875 0.9390625 0.3609375 0.9359375 0.3625 0.928125 0.3609375 0.9265625 0.34375 0.9171875 0.33125
1 0.2640625 0.265625 0.271875 0.275 0.275 0.2828125 0.271875 0.296875 0.2609375 0.2875 0.2515625 0.2828125 0.2375 0.28125 0.2375 0.275 0.24375 0.265625 0.246875 0.2640625 0.2625 0.265625
1 0.984375 0.2578125 0.9984375 0.2578125 0.9984375 0.28125 0.9875 0.28125 0.984375 0.259375
1 0.2203125 0.26875 0.23125 0.275 0.2328125 0.2796875 0.2296875 0.3140625 0.225 0.3140625 0.2265625 0.296875 0.2203125 0.2875 0.215625 0.2890625 0.2140625 0.3109375 0.209375 0.3109375 0.2046875 0.303125 0.20625 0.278125 0.2125 0.271875 0.21875 0.2703125
1 0.95625 0.275 0.959375 0.2734375 0.9703125 0.275 0.9765625 0.284375 0.9765625 0.2921875 0.9734375 0.2953125 0.965625 0.296875 0.9578125 0.30625 0.9546875 0.2953125 0.9546875 0.278125 0.95625 0.2765625
1 0.1859375 0.24921875 0.02109375 0.04140625
1 0.246875 0.2828125 0.2546875 0.284375 0.26875 0.2953125 0.2734375 0.31875 0.2703125 0.328125 0.2578125 0.325 0.2515625 0.325 0.2453125 0.328125 0.240625 0.3234375 0.2328125 0.3203125 0.23125 0.309375 0.2328125 0.29375 0.2375 0.2828125 0.2453125 0.2828125
1 0.8671875 0.29375 0.8765625 0.2890625 0.903125 0.2875 0.9078125 0.29375 0.9078125 0.3109375 0.909375 0.3125 0.9078125 0.328125 0.890625 0.328125 0.878125 0.3390625 0.8703125 0.35 0.8671875 0.334375 0.8578125 0.3203125 0.8578125 0.3109375 0.8671875 0.2953125
1 0.3046875 0.275 0.321875 0.3 0.3234375 0.3171875 0.303125 0.321875 0.296875 0.328125 0.290625 0.321875 0.2828125 0.3203125 0.2765625 0.315625 0.275 0.296875 0.2796875 0.284375 0.2875 0.275 0.29375 0.2734375 0.303125 0.275
1 0.234375 0.2515625 0.2453125 0.253125 0.2515625 0.2578125 0.2515625 0.2625 0.246875 0.2625 0.240625 0.26875 0.2375 0.278125 0.234375 0.2796875 0.2328125 0.275 0.225 0.2671875 0.2265625 0.2546875 0.2328125 0.253125
1 0.8234375 0.31875 0.8296875 0.3171875 0.8546875 0.31875 0.865625 0.3359375 0.865625 0.3578125 0.8609375 0.3703125 0.8546875 0.365625 0.8484375 0.365625 0.8421875 0.3765625 0.8390625 0.3765625 0.8359375 0.371875 0.828125 0.3734375 0.815625 0.371875 0.8078125 0.3765625 0.8046875 0.3734375 0.803125 0.365625 0.8046875 0.3484375 0.8109375 0.334375 0.8234375 0.3203125
1 0.9984375 0.2828125 0.9984375 0.3109375 0.9984375 0.3046875 0.990625 0.2953125 0.9796875 0.29375 0.984375 0.284375 0.996875 0.2828125
1 0.36875 0.309375 0.3765625 0.3140625 0.390625 0.334375 0.39375 0.340625 0.39375 0.3578125 0.390625 0.3609375 0.36875 0.3609375 0.3625 0.3640625 0.35625 0.35625 0.353125 0.35625 0.3484375 0.3515625 0.340625 0.3328125 0.340625 0.321875 0.346875 0.3125 0.35625 0.309375 0.3671875 0.309375
1 0.9984375 0.3140625 0.9984375 0.3453125 0.990625 0.3375 0.978125 0.3359375 0.98125 0.325 0.9890625 0.3171875 0.996875 0.3140625
3 0.8109375 0.29375 0.81875 0.29375 0.8203125 0.296875 0.8171875 0.3171875 0.8109375 0.3171875 0.8109375 0.2953125
3 0.175 0.25625 0.1828125 0.259375 0.1828125 0.2734375 0.18125 0.2765625 0.178125 0.2765625 0.175 0.26875 0.175 0.2578125
3 0.3515625 0.496875 0.3578125 0.5046875 0.3578125 0.521875 0.3625 0.5265625 0.3625 0.5421875 0.3515625 0.5609375 0.3484375 0.5765625 0.34375 0.5671875 0.3421875 0.5421875 0.3390625 0.5328125 0.340625 0.53125 0.340625 0.5 0.3453125 0.49375 0.35 0.496875
3 0.7265625 0.303125 0.728125 0.33125 0.7234375 0.3359375 0.7203125 0.3328125 0.7125 0.3359375 0.7125 0.3125 0.715625 0.3046875 0.725 0.303125
3 0.4765625 0.378125 0.4796875 0.38125 0.4796875 0.3953125 0.4859375 0.403125 0.484375 0.4234375 0.4796875 0.425 0.4734375 0.4171875 0.465625 0.421875 0.459375 0.43125 0.4546875 0.43125 0.4484375 0.4109375 0.45 0.39375 0.465625 0.39375 0.4671875 0.3953125 0.471875 0.39375 0.4734375 0.384375 0.4765625 0.3796875
3 0.3421875 0.4046875 0.353125 0.40625 0.35625 0.4140625 0.35625 0.428125 0.359375 0.434375 0.35625 0.446875 0.3515625 0.4484375 0.346875 0.4453125 0.3421875 0.421875 0.3421875 0.40625
4 0.4484375 0.403125 0.4515625 0.403125 0.45 0.4109375 0.4484375 0.4109375 0.4484375 0.4046875
4 0.95234375 0.39453125 0.01953125 0.00859375
4 0.8890625 0.375 0.8875 0.3796875 0.8796875 0.3796875 0.8765625 0.3765625 0.878125 0.3734375 0.8875 0.375