1 0.865625 0.3046875 0.8765625 0.3015625 0.8921875 0.303125 0.8984375 0.3109375 0.9 0.3203125 0.8984375 0.3265625 0.890625 0.3265625 0.8796875 0.33125 0.8734375 0.33125 0.875 0.3234375 0.8734375 0.3140625 0.865625 0.30625
1 0.9046875 0.3296875 0.91875 0.334375 0.9203125 0.3375 0.91875 0.3578125 0.9234375 0.3671875 0.921875 0.3828125 0.91875 0.3890625 0.9109375 0.3875 0.90625 0.3953125 0.89375 0.390625 0.88125 0.3921875 0.875 0.3875 0.871875 0.3875 0.8671875 0.3953125 0.8625 0.3953125 0.8625 0.3640625 0.8734375 0.3390625 0.8828125 0.3328125 0.8953125 0.3328125 0.903125 0.3296875
1 0.921875 0.290625 0.9265625 0.296875 0.9265625 0.3015625 0.91875 0.303125 0.9109375 0.3078125 0.9078125 0.3109375 0.9046875 0.321875 0.9015625 0.3203125 0.9 0.309375 0.89375 0.303125 0.89375 0.296875 0.9078125 0.2890625 0.9203125 0.290625
1 0.9765625 0.2796875 0.984375 0.2875 0.9875 0.3 0.9796875 0.30625 0.978125 0.3171875 0.96875 0.3234375 0.9640625 0.3328125 0.959375 0.3296875 0.959375 0.325 0.9484375 0.30625 0.9484375 0.296875 0.9515625 0.2890625 0.9578125 0.2828125 0.975 0.2796875
1 0.2859375 0.284375 0.3 0.2828125 0.3109375 0.2890625 0.3203125 0.3015625 0.325 0.3140625 0.325 0.33125 0.321875 0.3328125 0.31875 0.33125 0.3 0.3328125 0.2859375 0.3265625 0.28125 0.3171875 0.28125 0.29375 0.2859375 0.2859375
1 0.8328125 0.3140625 0.8421875 0.309375 0.86875 0.309375 0.8734375 0.3171875 0.8734375 0.325 0.8703125 0.3328125 0.8578125 0.3453125 0.859375 0.35625 0.8578125 0.365625 0.85625 0.3703125 0.8515625 0.3734375 0.8484375 0.3703125 0.8171875 0.371875 0.815625 0.36875 0.815625 0.346875 0.825 0.3234375 0.8328125 0.315625
1 0.953125 0.2578125 0.959375 0.259375 0.965625 0.2734375 0.965625 0.2765625 0.959375 0.28125 0.953125 0.28125 0.95 0.278125 0.940625 0.2765625 0.940625 0.265625 0.94375 0.259375 0.9515625 0.2578125
1 0.16640625 0.24375 0.02890625 0.0296875
1 0.2296875 0.2578125 0.240625 0.259375 0.246875 0.275 0.246875 0.278125 0.2421875 0.2828125 0.2328125 0.2828125 0.2296875 0.259375
1 0.98125 0.3234375 0.9828125 0.325 0.9984375 0.325 0.9984375 0.378125 0.9953125 0.4046875 0.9921875 0.4046875 0.9875 0.396875 0.96875 0.3953125 0.959375 0.3984375 0.9578125 0.4015625 0.9515625 0.4015625 0.95 0.396875 0.9515625 0.384375 0.95 0.3734375 0.953125 0.3625 0.959375 0.353125 0.9625 0.3390625 0.9703125 0.3296875 0.9796875 0.3234375
1 0.909375 0.55 0.94375 0.5671875 0.959375 0.578125 0.9953125 0.621875 0.9953125 0.6359375 0.9984375 0.6421875 0.9984375 0.7640625 0.99375 0.7671875 0.9765625 0.7640625 0.9703125 0.76875 0.96875 0.7671875 0.959375 0.76875 0.946875 0.7609375 0.9390625 0.7515625 0.934375 0.7328125 0.9078125 0.7125 0.8890625 0.703125 0.8796875 0.6953125 0.8765625 0.6953125 0.859375 0.68125 0.8484375 0.6796875 0.840625 0.6859375 0.83125 0.6859375 0.8203125 0.671875 0.8140625 0.6203125 0.8203125 0.6078125 0.821875 0.5890625 0.828125 0.5796875 0.8359375 0.559375 0.846875 0.55 0.8640625 0.5453125 0.8953125 0.546875 0.9078125 0.55
1 0.215625 0.2515625 0.2265625 0.259375 0.2328125 0.275 0.23125 0.2828125 0.21875 0.28125 0.209375 0.2828125 0.2046875 0.2796875 0.203125 0.259375 0.20625 0.2546875 0.2140625 0.2515625
1 0.9796875 0.275 0.9984375 0.275 0.9984375 0.2984375 0.9953125 0.3 0.9890625 0.2984375 0.9859375 0.2875 0.9796875 0.28125 0.9796875 0.2765625
1 0.5109375 0.3671875 0.53125 0.375 0.540625 0.3828125 0.5453125 0.3921875 0.5515625 0.396875 0.553125 0.40625 0.565625 0.41875 0.5734375 0.440625 0.5734375 0.4484375 0.5640625 0.45625 0.5375 0.4578125 0.525 0.4625 0.51875 0.4609375 0.5125 0.446875 0.50625 0.4453125 0.4953125 0.4375 0.4890625 0.4375 0.4828125 0.440625 0.478125 0.43125 0.475 0.390625 0.4796875 0.3828125 0.48125 0.3703125 0.490625 0.365625 0.509375 0.3671875
1 0.928125 0.2828125 0.9328125 0.2796875 0.95 0.2796875 0.953125 0.2828125 0.946875 0.29375 0.9453125 0.3015625 0.9296875 0.3015625 0.925 0.29375 0.925 0.2875 0.928125 0.284375
1 0.98984375 0.3109375 0.02109375 0.02421875
1 0.9390625 0.3046875 0.94375 0.30625 0.9484375 0.3140625 0.946875 0.3296875 0.9484375 0.3453125 0.946875 0.346875 0.946875 0.3625 0.9328125 0.3734375 0.925 0.371875 0.925 0.3671875 0.9203125 0.359375 0.91875 0.353125 0.921875 0.3453125 0.9203125 0.334375 0.9171875 0.33125 0.9109375 0.33125 0.9046875 0.328125 0.9046875 0.325 0.9125 0.309375 0.928125 0.303125 0.9375 0.3046875
3 0.1296875 0.4734375 0.14375 0.4734375 0.146875 0.4765625 0.1484375 0.490625 0.1515625 0.49375 0.1671875 0.496875 0.165625 0.51875 0.1703125 0.521875 0.1578125 0.528125 0.146875 0.5421875 0.1390625 0.5421875 0.1359375 0.5390625 0.1296875 0.5171875 0.1296875 0.49375 0.128125 0.4921875 0.1296875 0.475
4 0.9625 0.378125 0.9734375 0.378125 0.9796875 0.38125 0.978125 0.3859375 0.9640625 0.3859375 0.9625 0.3796875
4 0.5640625 0.440625 0.5640625 0.4453125 0.5578125 0.4484375 0.5421875 0.4484375 0.5421875 0.44375 0.546875 0.440625 0.55625 0.4390625 0.5625 0.440625
4 0.1296875 0.5015625 0.1328125 0.5015625 0.134375 0.5046875 0.1328125 0.5125 0.1296875 0.515625 0.1296875 0.503125
4 0.88125 0.37734375 0.01953125 0.00859375
4 0.3171875 0.31875 0.31875 0.3203125 0.3171875 0.325 0.3109375 0.3234375 0.315625 0.31875
4 0.821875 0.3546875 0.8390625 0.3546875 0.8375 0.3609375 0.825 0.3609375 0.821875 0.35625