5 0.278125 0.5984375 0.3734375 0.38046875
0 0.2625 0.234375 0.2765625 0.2390625 0.2859375 0.246875 0.3046875 0.25 0.309375 0.2546875 0.3171875 0.275 0.3140625 0.3171875 0.30625 0.315625 0.296875 0.3 0.2859375 0.2921875 0.265625 0.2921875 0.2578125 0.2984375 0.2546875 0.3078125 0.2390625 0.296875 0.2359375 0.26875 0.2375 0.2390625 0.24375 0.234375 0.2609375 0.234375
1 0.98125 0.2578125 0.9875 0.2671875 0.9875 0.278125 0.9796875 0.2828125 0.9765625 0.28125 0.9640625 0.2828125 0.9625 0.28125 0.9625 0.2671875 0.965625 0.2609375 0.96875 0.2578125 0.9796875 0.2578125
1 0.3203125 0.2828125 0.328125 0.28125 0.35 0.284375 0.35625 0.290625 0.3578125 0.2953125 0.3703125 0.30625 0.3734375 0.3125 0.371875 0.3359375 0.365625 0.346875 0.3625 0.3421875 0.3625 0.3328125 0.359375 0.328125 0.35625 0.328125 0.353125 0.3328125 0.3515625 0.346875 0.3453125 0.3484375 0.334375 0.346875 0.3296875 0.3359375 0.31875 0.334375 0.3203125 0.325 0.3171875 0.303125 0.3203125 0.284375
1 0.825 0.2828125 0.83125 0.296875 0.83125 0.321875 0.828125 0.3234375 0.81875 0.321875 0.8125 0.3296875 0.80625 0.328125 0.7859375 0.3296875 0.7828125 0.3203125 0.784375 0.2890625 0.790625 0.2796875 0.8203125 0.2796875 0.8234375 0.2828125
1 0.290625 0.296875 0.2953125 0.3 0.309375 0.3234375 0.3140625 0.34375 0.3109375 0.35625 0.2890625 0.3546875 0.2796875 0.3578125 0.275 0.3578125 0.26875 0.3484375 0.259375 0.346875 0.25625 0.325 0.2578125 0.303125 0.259375 0.2984375 0.265625 0.29375 0.2859375 0.29375 0.2890625 0.296875
1 0.9734375 0.3078125 0.978125 0.30625 0.9984375 0.3078125 0.9984375 0.3296875 0.996875 0.33125 0.9984375 0.334375 0.9984375 0.3890625 0.9953125 0.39375 0.9921875 0.39375 0.984375 0.3859375 0.9609375 0.384375 0.95625 0.3859375 0.95 0.3921875 0.9453125 0.390625 0.9453125 0.3640625 0.946875 0.353125 0.9515625 0.34375 0.95 0.3359375 0.959375 0.3296875 0.9734375 0.309375
1 0.1703125 0.2296875 0.175 0.234375 0.178125 0.2421875 0.1765625 0.25625 0.1609375 0.25625 0.1546875 0.2484375 0.15625 0.23125 0.16875 0.2296875
1 0.2171875 0.24375 0.2234375 0.25 0.221875 0.2609375 0.2125 0.2625 0.2109375 0.259375 0.2109375 0.2484375 0.215625 0.2453125
1 0.2171875 0.2640625 0.234375 0.28125 0.234375 0.303125 0.228125 0.30625 0.2046875 0.30625 0.1953125 0.290625 0.19375 0.26875 0.1984375 0.2640625 0.20625 0.2625 0.215625 0.2640625
1 0.7203125 0.3046875 0.73125 0.3078125 0.746875 0.325 0.7484375 0.3296875 0.7484375 0.346875 0.7453125 0.3546875 0.74375 0.35625 0.7375 0.3546875 0.7265625 0.35625 0.7203125 0.365625 0.7140625 0.3578125 0.7 0.35625 0.69375 0.3625 0.6890625 0.3625 0.684375 0.346875 0.6859375 0.3265625 0.6921875 0.3109375 0.703125 0.30625 0.71875 0.3046875
1 0.1828125 0.2375 0.1875 0.2359375 0.203125 0.2375 0.209375 0.2515625 0.209375 0.25625 0.20625 0.2578125 0.2046875 0.253125 0.1921875 0.2515625 0.184375 0.265625 0.18125 0.265625 0.1796875 0.246875 0.1828125 0.2390625
1 0.1921875 0.240625 0.203125 0.24375 0.203125 0.246875 0.20625 0.2484375 0.209375 0.2546875 0.209375 0.2625 0.1984375 0.2640625 0.1921875 0.26875 0.19375 0.2859375 0.1921875 0.2875 0.1875 0.2859375 0.184375 0.2671875 0.190625 0.2421875
1 0.2453125 0.7953125 0.246875 0.796875 0.2703125 0.7953125 0.278125 0.7984375 0.3 0.8 0.303125 0.803125 0.3171875 0.8046875 0.3359375 0.8171875 0.359375 0.8375 0.36875 0.8390625 0.378125 0.846875 0.390625 0.85 0.43125 0.8734375 0.446875 0.890625 0.4609375 0.9453125 0.459375 0.9484375 0.4609375 0.9859375 0.4578125 0.9953125 0.453125 0.9984375 0.40625 0.9984375 0.4046875 0.996875 0.403125 0.9984375 0.3984375 0.996875 0.39375 0.9984375 0.390625 0.996875 0.3890625 0.9984375 0.3828125 0.996875 0.3609375 0.996875 0.359375 0.9984375 0.3578125 0.996875 0.090625 0.9984375 0.0890625 0.978125 0.0859375 0.9671875 0.0859375 0.95 0.0953125 0.934375 0.0953125 0.928125 0.103125 0.9046875 0.1140625 0.8875 0.11875 0.8640625 0.13125 0.8453125 0.140625 0.8234375 0.15625 0.8078125 0.1625 0.8078125 0.165625 0.8046875 0.19375 0.8015625 0.2015625 0.7984375 0.24375 0.7953125
4 0.959375 0.3671875 0.9734375 0.3671875 0.975 0.3703125 0.9734375 0.3734375 0.959375 0.3734375 0.959375 0.36875
4 0.796875 0.303125 0.7984375 0.3046875 0.796875 0.3109375 0.79375 0.3109375 0.7921875 0.3078125 0.7921875 0.3046875 0.7953125 0.303125
4 0.6953125 0.3328125 0.7 0.3328125 0.7 0.340625 0.6953125 0.340625 0.6953125 0.334375