5 0.146875 0.2078125 0.15625 0.2140625 0.15625 0.2203125 0.15 0.2171875 0.134375 0.21875 0.1328125 0.2234375 0.134375 0.2734375 0.1328125 0.275 0.1265625 0.275 0.121875 0.2671875 0.1203125 0.2328125 0.11875 0.23125 0.121875 0.2140625 0.1265625 0.203125 0.140625 0.203125 0.1453125 0.2078125
5 0.175 0.2296875 0.18125 0.2375 0.1859375 0.2546875 0.1875 0.2703125 0.184375 0.2828125 0.1671875 0.28125 0.159375 0.2703125 0.1578125 0.2625 0.159375 0.2609375 0.1578125 0.25625 0.159375 0.2296875 0.1609375 0.228125 0.1734375 0.2296875
5 0.2703125 0.275 0.2734375 0.2734375 0.2875 0.275 0.2921875 0.2609375 0.3234375 0.2625 0.33125 0.2953125 0.33125 0.3203125 0.328125 0.328125 0.3078125 0.3265625 0.3 0.3296875 0.2953125 0.3265625 0.2921875 0.3171875 0.2828125 0.3109375 0.284375 0.3078125 0.28125 0.303125 0.26875 0.290625 0.2671875 0.2796875 0.2703125 0.2765625
1 0.959375 0.2890625 0.9671875 0.284375 0.98125 0.2828125 0.990625 0.284375 0.9984375 0.28125 0.9984375 0.3125 0.9875 0.31875 0.978125 0.3359375 0.9625 0.3359375 0.95625 0.3390625 0.953125 0.3359375 0.95 0.3046875 0.959375 0.290625
1 0.86875 0.30625 0.8734375 0.3078125 0.878125 0.3171875 0.8796875 0.3421875 0.871875 0.35625 0.8671875 0.359375 0.865625 0.365625 0.8625 0.3671875 0.8515625 0.365625 0.8484375 0.3625 0.85 0.3453125 0.840625 0.3296875 0.8375 0.328125 0.8375 0.3203125 0.840625 0.3140625 0.8484375 0.3078125 0.8671875 0.30625
1 0.9015625 0.3328125 0.921875 0.3375 0.9296875 0.365625 0.928125 0.39375 0.9234375 0.396875 0.9171875 0.3921875 0.9109375 0.40625 0.9078125 0.40625 0.903125 0.4 0.8890625 0.3984375 0.875 0.3984375 0.86875 0.403125 0.8640625 0.4015625 0.865625 0.375 0.871875 0.359375 0.884375 0.3375 0.8890625 0.334375 0.9 0.3328125
1 0.2578125 0.2609375 0.26875 0.2640625 0.2734375 0.271875 0.2671875 0.28125 0.2625 0.284375 0.246875 0.2828125 0.2390625 0.2796875 0.2390625 0.2734375 0.24375 0.2625 0.25625 0.2609375
1 0.19375 0.2390625 0.203125 0.2421875 0.20625 0.246875 0.2046875 0.2703125 0.2015625 0.2734375 0.1890625 0.271875 0.184375 0.2421875 0.1875 0.2390625 0.1921875 0.2390625
1 0.984375 0.4140625 0.975 0.4078125 0.946875 0.4078125 0.94375 0.4109375 0.9390625 0.4109375 0.9359375 0.40625 0.9359375 0.3890625 0.9390625 0.3734375 0.94375 0.359375 0.953125 0.34375 0.959375 0.3390625 0.9859375 0.3390625 0.9984375 0.3453125 0.9984375 0.4015625 0.99375 0.4015625 0.9890625 0.4109375 0.9859375 0.4125
1 0.2578125 0.284375 0.265625 0.2890625 0.28125 0.3125 0.278125 0.325 0.26875 0.3328125 0.246875 0.3328125 0.2375 0.33125 0.2328125 0.328125 0.23125 0.3171875 0.2328125 0.2890625 0.2375 0.2828125 0.25625 0.284375
1 0.8171875 0.3265625 0.81875 0.328125 0.8359375 0.328125 0.846875 0.3421875 0.8484375 0.353125 0.8453125 0.38125 0.840625 0.38125 0.8375 0.378125 0.8296875 0.378125 0.821875 0.384375 0.8171875 0.3953125 0.80625 0.390625 0.8 0.3921875 0.7859375 0.3890625 0.7765625 0.3921875 0.7734375 0.3890625 0.771875 0.3671875 0.7796875 0.353125 0.790625 0.340625 0.796875 0.3296875 0.815625 0.328125
1 0.2125 0.25 0.225 0.2515625 0.2296875 0.2546875 0.23125 0.259375 0.228125 0.28125 0.2265625 0.2828125 0.209375 0.2828125 0.20625 0.278125 0.20625 0.2671875 0.209375 0.2609375 0.209375 0.2546875 0.2125 0.2515625
1 0.15625 0.275 0.1640625 0.278125 0.16875 0.284375 0.171875 0.2953125 0.171875 0.315625 0.1671875 0.3171875 0.159375 0.3140625 0.153125 0.3203125 0.15 0.3203125 0.1484375 0.3 0.1453125 0.296875 0.1421875 0.2984375 0.140625 0.3140625 0.1359375 0.3109375 0.134375 0.303125 0.1359375 0.2875 0.140625 0.29375 0.153125 0.29375 0.15625 0.2765625
1 0.9984375 0.3171875 0.9984375 0.3421875 0.98125 0.3359375 0.9859375 0.325 0.9921875 0.31875 0.996875 0.31875
1 0.4015625 0.61875 0.44375 0.625 0.453125 0.6296875 0.4796875 0.65 0.4921875 0.6640625 0.5078125 0.6671875 0.534375 0.678125 0.5515625 0.7 0.5640625 0.7328125 0.5609375 0.771875 0.5546875 0.7859375 0.55 0.790625 0.5421875 0.7953125 0.5265625 0.796875 0.51875 0.8078125 0.51875 0.8109375 0.5125 0.8171875 0.4953125 0.815625 0.484375 0.8 0.4796875 0.796875 0.45 0.79375 0.425 0.79375 0.4234375 0.7921875 0.41875 0.79375 0.4140625 0.7921875 0.3578125 0.7921875 0.3453125 0.8109375 0.3328125 0.8140625 0.321875 0.8109375 0.315625 0.796875 0.315625 0.7921875 0.3109375 0.7859375 0.303125 0.7859375 0.290625 0.78125 0.2765625 0.7703125 0.275 0.7359375 0.2796875 0.7203125 0.2796875 0.69375 0.28125 0.6859375 0.29375 0.6640625 0.30625 0.6546875 0.3265625 0.653125 0.3328125 0.65 0.3359375 0.64375 0.3453125 0.640625 0.35 0.634375 0.3625 0.625 0.4 0.61875
1 0.946875 0.3171875 0.95 0.325 0.9484375 0.33125 0.95 0.3421875 0.946875 0.34375 0.94375 0.35 0.9390625 0.3671875 0.934375 0.375 0.93125 0.3734375 0.928125 0.35 0.9234375 0.3390625 0.9203125 0.3359375 0.9109375 0.334375 0.909375 0.3296875 0.9140625 0.31875 0.9203125 0.315625 0.9359375 0.3140625 0.9453125 0.3171875
3 0.16328125 0.3828125 0.01953125 0.046875
3 0.740625 0.2921875 0.74375 0.296875 0.746875 0.3109375 0.746875 0.3359375 0.7421875 0.340625 0.7375 0.3421875 0.734375 0.340625 0.734375 0.325 0.7296875 0.315625 0.7296875 0.296875 0.73125 0.2953125 0.734375 0.296875 0.7390625 0.29375
4 0.95 0.39375 0.965625 0.3953125 0.965625 0.4015625 0.9515625 0.4015625 0.95 0.3953125
4 0.7890625 0.375 0.79375 0.378125 0.79375 0.3828125 0.78125 0.38125 0.78125 0.3765625 0.7875 0.375
4 0.271875 0.3234375 0.271875 0.328125 0.26875 0.3296875 0.265625 0.3296875 0.2640625 0.325 0.2703125 0.3234375
4 0.1578125 0.303125 0.1640625 0.303125 0.1640625 0.3078125 0.159375 0.3109375 0.1578125 0.3109375 0.1578125 0.3046875
4 0.8765625 0.384375 0.8921875 0.3890625 0.890625 0.39375 0.884375 0.39375 0.875 0.390625 0.8765625 0.3859375