1 0.9984375 0.25 0.9984375 0.271875 0.99375 0.2703125 0.9875 0.278125 0.984375 0.278125 0.9828125 0.2625 0.9890625 0.25 0.996875 0.25
1 0.340625 0.2921875 0.346875 0.296875 0.3515625 0.3046875 0.3515625 0.3078125 0.359375 0.31875 0.3609375 0.3265625 0.3578125 0.3375 0.3328125 0.340625 0.328125 0.340625 0.3234375 0.3328125 0.3140625 0.3296875 0.3109375 0.3203125 0.3109375 0.3046875 0.315625 0.296875 0.321875 0.2921875 0.3390625 0.2921875
1 0.209375 0.246875 0.2125 0.25 0.209375 0.2625 0.209375 0.278125 0.2046875 0.2796875 0.196875 0.2765625 0.19375 0.2703125 0.196875 0.2515625 0.2 0.2484375 0.2078125 0.2484375
1 0.2453125 0.25625 0.2625 0.259375 0.2671875 0.2671875 0.2671875 0.275 0.2640625 0.28125 0.2515625 0.2828125 0.2375 0.2703125 0.2375 0.2578125 0.24375 0.25625
1 0.98125 0.3328125 0.9984375 0.3375 0.9984375 0.3953125 0.990625 0.40625 0.9796875 0.4015625 0.9546875 0.4015625 0.953125 0.4 0.9390625 0.4015625 0.9375 0.3953125 0.9390625 0.375 0.9546875 0.34375 0.96875 0.334375 0.9796875 0.3328125
1 0.215625 0.25 0.2359375 0.25625 0.2359375 0.2671875 0.2390625 0.275 0.2390625 0.2765625 0.225 0.278125 0.21875 0.2765625 0.2125 0.28125 0.209375 0.278125 0.209375 0.2546875 0.215625 0.2515625
1 0.2203125 0.2765625 0.221875 0.278125 0.2390625 0.2765625 0.2453125 0.2796875 0.2546875 0.303125 0.25625 0.309375 0.2546875 0.315625 0.2515625 0.31875 0.234375 0.3203125 0.2234375 0.3171875 0.2171875 0.3125 0.215625 0.2796875 0.21875 0.278125
1 0.2015625 0.2375 0.209375 0.2421875 0.209375 0.2484375 0.20625 0.25 0.203125 0.2484375 0.196875 0.2546875 0.1953125 0.271875 0.1859375 0.2671875 0.184375 0.2421875 0.1890625 0.2375 0.2 0.2375
1 0.28125 0.284375 0.2875 0.2890625 0.296875 0.3046875 0.3 0.328125 0.296875 0.33125 0.2859375 0.33125 0.2765625 0.3359375 0.2671875 0.33125 0.2609375 0.321875 0.2609375 0.303125 0.259375 0.3015625 0.2609375 0.2953125 0.259375 0.29375 0.2609375 0.2875 0.265625 0.284375 0.2796875 0.284375
1 0.9546875 0.3078125 0.9609375 0.3234375 0.9609375 0.3359375 0.9515625 0.34375 0.9484375 0.340625 0.9484375 0.325 0.9453125 0.3203125 0.9421875 0.31875 0.9390625 0.321875 0.9328125 0.3421875 0.9234375 0.328125 0.91875 0.328125 0.9125 0.3234375 0.9265625 0.3078125 0.93125 0.30625 0.9515625 0.30625 0.953125 0.3078125
1 0.178125 0.2328125 0.184375 0.2453125 0.184375 0.2609375 0.171875 0.2640625 0.1640625 0.2625 0.1609375 0.259375 0.1609375 0.2453125 0.1640625 0.240625 0.1640625 0.234375 0.1671875 0.23125 0.1765625 0.2328125
1 0.971875 0.2953125 0.978125 0.296875 0.98125 0.3015625 0.98125 0.3171875 0.9765625 0.33125 0.965625 0.334375 0.9625 0.334375 0.9625 0.325 0.959375 0.3140625 0.95 0.3046875 0.95 0.3 0.95625 0.2953125 0.9703125 0.2953125
1 0.903125 0.325 0.9234375 0.3296875 0.9265625 0.3328125 0.9265625 0.340625 0.9296875 0.346875 0.928125 0.378125 0.925 0.3828125 0.9171875 0.3828125 0.909375 0.39375 0.9 0.3890625 0.8875 0.390625 0.890625 0.3796875 0.8890625 0.3765625 0.8921875 0.3453125 0.8921875 0.3390625 0.8890625 0.3359375 0.8828125 0.3421875 0.8796875 0.365625 0.875 0.3765625 0.875 0.3890625 0.8734375 0.3921875 0.8671875 0.390625 0.8671875 0.36875 0.8734375 0.3515625 0.8734375 0.34375 0.8828125 0.3359375 0.8875 0.328125 0.9015625 0.325
1 0.734375 0.346875 0.74375 0.35 0.7484375 0.359375 0.7515625 0.3875 0.75 0.4078125 0.746875 0.4125 0.7390625 0.4109375 0.721875 0.4125 0.715625 0.415625 0.70625 0.4265625 0.6953125 0.4203125 0.671875 0.4203125 0.6671875 0.415625 0.665625 0.40625 0.6671875 0.3921875 0.6703125 0.3828125 0.6796875 0.3734375 0.6921875 0.3546875 0.6984375 0.35 0.7328125 0.346875
1 0.275 0.271875 0.2859375 0.26875 0.3 0.2734375 0.3140625 0.29375 0.3109375 0.3015625 0.309375 0.3171875 0.3078125 0.31875 0.3 0.3171875 0.296875 0.3 0.2828125 0.2828125 0.275 0.28125 0.2734375 0.278125 0.275 0.2734375
1 0.85625 0.275 0.859375 0.2734375 0.88125 0.275 0.8890625 0.29375 0.8875 0.3078125 0.8796875 0.3109375 0.85625 0.3109375 0.85625 0.2984375 0.8515625 0.290625 0.8515625 0.2828125 0.85625 0.2765625
1 0.996875 0.309375 0.9984375 0.309375 0.9984375 0.3359375 0.978125 0.33125 0.984375 0.3140625 0.99375 0.3140625 0.996875 0.3109375
3 0.384375 0.328125 0.3859375 0.33125 0.384375 0.3421875 0.3859375 0.3625 0.3828125 0.3625 0.3796875 0.3578125 0.378125 0.3609375 0.375 0.3609375 0.375 0.3375 0.378125 0.3296875 0.3828125 0.328125
3 0.4078125 0.3234375 0.4109375 0.3265625 0.4140625 0.3390625 0.4140625 0.3609375 0.4125 0.3625 0.4109375 0.3609375 0.4078125 0.3515625 0.4046875 0.35 0.4015625 0.35625 0.3984375 0.353125 0.4 0.325 0.40625 0.325
4 0.96875 0.390625 0.9703125 0.3921875 0.96875 0.396875 0.953125 0.39375 0.9546875 0.3890625 0.9671875 0.390625