0 0.7671875 0.259375 0.790625 0.2546875 0.8140625 0.2546875 0.8265625 0.2609375 0.8328125 0.3 0.828125 0.3125 0.8171875 0.315625 0.803125 0.315625 0.803125 0.3109375 0.8 0.30625 0.8 0.296875 0.80625 0.2890625 0.803125 0.284375 0.796875 0.2828125 0.7890625 0.2875 0.7859375 0.29375 0.7875 0.296875 0.7859375 0.325 0.78125 0.33125 0.775 0.3328125 0.771875 0.328125 0.771875 0.321875 0.7640625 0.315625 0.7640625 0.2734375 0.7671875 0.2609375
1 0.9984375 0.3 0.9875 0.2953125 0.9875 0.290625 0.990625 0.2859375 0.99375 0.2828125 0.9984375 0.2828125 0.9984375 0.2984375
1 0.9796875 0.3375 0.990625 0.3390625 0.99375 0.3453125 0.9984375 0.3640625 0.9984375 0.390625 0.99375 0.4125 0.9890625 0.4125 0.9828125 0.40625 0.978125 0.4265625 0.9703125 0.4265625 0.959375 0.41875 0.95 0.4171875 0.93125 0.415625 0.928125 0.421875 0.9203125 0.4203125 0.9203125 0.3875 0.925 0.375 0.934375 0.3671875 0.9375 0.3515625 0.9421875 0.34375 0.9515625 0.3375 0.978125 0.3375
1 0.990625 0.2984375 0.9984375 0.303125 0.9984375 0.3125 0.9828125 0.3171875 0.9765625 0.325 0.975 0.33125 0.96875 0.334375 0.95625 0.33125 0.9546875 0.325 0.9640625 0.303125 0.9703125 0.296875 0.9875 0.296875 0.9890625 0.2984375
1 0.9734375 0.2546875 0.978125 0.259375 0.978125 0.2671875 0.9703125 0.28125 0.9578125 0.28125 0.95625 0.271875 0.959375 0.2609375 0.9671875 0.2546875 0.971875 0.2546875
1 0.9984375 0.315625 0.9984375 0.3453125 0.9953125 0.3453125 0.9890625 0.3359375 0.975 0.334375 0.978125 0.325 0.984375 0.3171875 0.996875 0.315625
1 0.1703125 0.228125 0.1734375 0.23125 0.1734375 0.2359375 0.178125 0.2453125 0.178125 0.253125 0.175 0.25625 0.171875 0.2546875 0.1578125 0.25625 0.1515625 0.2484375 0.153125 0.2296875 0.16875 0.228125
1 0.3171875 0.284375 0.328125 0.2921875 0.3390625 0.3140625 0.3390625 0.3296875 0.33125 0.3328125 0.3296875 0.33125 0.3109375 0.3328125 0.30625 0.3203125 0.303125 0.3171875 0.3 0.3203125 0.29375 0.30625 0.2984375 0.2890625 0.315625 0.284375
1 0.915625 0.29375 0.93125 0.2984375 0.9328125 0.3140625 0.9265625 0.3140625 0.9203125 0.3109375 0.8984375 0.3109375 0.896875 0.309375 0.9 0.3 0.9140625 0.29375
1 0.2140625 0.24375 0.221875 0.246875 0.2296875 0.259375 0.23125 0.265625 0.2296875 0.278125 0.2078125 0.2765625 0.2 0.271875 0.1984375 0.2546875 0.203125 0.246875 0.2078125 0.24375 0.2125 0.24375
1 0.8515625 0.3578125 0.85 0.35625 0.85 0.3359375 0.84375 0.3203125 0.8453125 0.3109375 0.853125 0.3046875 0.859375 0.303125 0.8796875 0.303125 0.88125 0.3046875 0.88125 0.3125 0.8703125 0.321875 0.8703125 0.328125 0.859375 0.3421875 0.853125 0.35625
1 0.925 0.36875 0.925 0.31875 0.9265625 0.3171875 0.94375 0.3171875 0.953125 0.3296875 0.953125 0.334375 0.9390625 0.34375 0.9359375 0.3484375 0.93125 0.3671875 0.925 0.3703125
1 0.8390625 0.3171875 0.8421875 0.31875 0.8484375 0.3359375 0.8484375 0.3625 0.8421875 0.3765625 0.828125 0.3765625 0.8203125 0.3890625 0.8 0.3828125 0.790625 0.3828125 0.7859375 0.3875 0.7828125 0.3875 0.7765625 0.375 0.778125 0.3546875 0.803125 0.31875 0.8375 0.3171875
1 0.896875 0.3109375 0.8984375 0.3125 0.9046875 0.3109375 0.9140625 0.3125 0.925 0.31875 0.9234375 0.3234375 0.925 0.353125 0.921875 0.3625 0.921875 0.3765625 0.9171875 0.3859375 0.915625 0.396875 0.9109375 0.3984375 0.9078125 0.3921875 0.903125 0.3921875 0.896875 0.4015625 0.8953125 0.4109375 0.890625 0.4140625 0.878125 0.4078125 0.8625 0.40625 0.8546875 0.40625 0.8484375 0.4125 0.8453125 0.409375 0.84375 0.4015625 0.84375 0.3796875 0.8609375 0.34375 0.8703125 0.3328125 0.8734375 0.321875 0.884375 0.3140625 0.8953125 0.3109375
1 0.8671875 0.2640625 0.875 0.278125 0.875 0.2890625 0.871875 0.29375 0.85 0.29375 0.846875 0.290625 0.846875 0.278125 0.8515625 0.2671875 0.8546875 0.2640625 0.865625 0.2640625
1 0.9515625 0.2734375 0.95625 0.284375 0.953125 0.321875 0.934375 0.3125 0.934375 0.303125 0.928125 0.2953125 0.9125 0.2921875 0.9125 0.2890625 0.925 0.275 0.9390625 0.271875 0.95 0.2734375
1 0.9921875 0.2671875 0.9953125 0.26875 0.996875 0.2796875 0.990625 0.284375 0.984375 0.2953125 0.9703125 0.2953125 0.971875 0.2796875 0.9796875 0.2671875 0.990625 0.2671875
1 0.2671875 0.2546875 0.2828125 0.2625 0.2953125 0.2859375 0.2953125 0.2953125 0.290625 0.30625 0.278125 0.3046875 0.26875 0.309375 0.265625 0.3078125 0.2625 0.3015625 0.2546875 0.303125 0.2515625 0.2859375 0.253125 0.259375 0.2578125 0.2546875 0.265625 0.2546875
3 0.740625 0.353125 0.74375 0.3546875 0.74375 0.3671875 0.7421875 0.3796875 0.7390625 0.3859375 0.7328125 0.3875 0.7265625 0.3828125 0.7203125 0.3859375 0.7171875 0.390625 0.7109375 0.390625 0.7078125 0.3859375 0.7078125 0.3734375 0.7140625 0.3625 0.7171875 0.35 0.7234375 0.3484375 0.7265625 0.3578125 0.73125 0.3609375 0.7359375 0.3546875 0.7390625 0.3546875
3 0.8984375 0.2859375 0.01015625 0.02109375
3 0.5265625 0.51875 0.5328125 0.5203125 0.534375 0.525 0.5328125 0.540625 0.5359375 0.5453125 0.534375 0.55 0.5359375 0.5609375 0.5328125 0.5734375 0.5265625 0.578125 0.525 0.5921875 0.521875 0.5953125 0.51875 0.590625 0.51875 0.5703125 0.515625 0.5484375 0.521875 0.5359375 0.5203125 0.534375 0.521875 0.5203125 0.525 0.51875
3 0.6484375 0.64375 0.659375 0.64375 0.6640625 0.6484375 0.675 0.653125 0.6859375 0.653125 0.6859375 0.65625 0.68125 0.659375 0.6828125 0.696875 0.68125 0.6984375 0.678125 0.696875 0.675 0.7 0.671875 0.715625 0.665625 0.7203125 0.6609375 0.7140625 0.6609375 0.70625 0.6578125 0.6984375 0.6453125 0.6796875 0.6484375 0.671875 0.646875 0.6578125 0.6484375 0.6453125
3 0.83671875 0.30390625 0.0125 0.02578125
3 0.371875 0.3609375 0.3765625 0.3640625 0.3828125 0.3640625 0.384375 0.3671875 0.384375 0.3734375 0.3796875 0.38125 0.378125 0.3953125 0.36875 0.3953125 0.359375 0.390625 0.35 0.3953125 0.3453125 0.3953125 0.3421875 0.390625 0.3421875 0.375 0.3453125 0.36875 0.3625 0.3609375 0.3703125 0.3609375
2 0.896875 0.62734375 0.20625 0.27578125
4 0.8515625 0.284375 0.865625 0.2859375 0.865625 0.290625 0.8515625 0.290625 0.85 0.2890625 0.8515625 0.2859375
4 0.79375 0.3671875 0.7984375 0.36875 0.7984375 0.3734375 0.7875 0.3734375 0.7859375 0.36875 0.7921875 0.3671875
4 0.934375 0.4 0.95 0.4 0.9515625 0.4015625 0.9515625 0.4078125 0.9359375 0.4078125 0.934375 0.4015625
4 0.8671875 0.3875 0.8703125 0.3890625 0.8703125 0.3953125 0.8578125 0.3953125 0.85625 0.3890625 0.865625 0.3875
4 0.671875 0.66875 0.68125 0.66875 0.68125 0.6875 0.6734375 0.6859375 0.6703125 0.678125 0.671875 0.6703125