0 0.853125 0.403125 0.85 0.4 0.85 0.39375 0.8453125 0.3890625 0.8453125 0.365625 0.846875 0.3640625 0.8484375 0.3234375 0.85625 0.2953125 0.896875 0.278125 0.90625 0.26875 0.9484375 0.26875 0.9515625 0.2734375 0.9515625 0.2796875 0.95 0.28125 0.95 0.328125 0.9484375 0.3296875 0.95 0.340625 0.946875 0.3515625 0.94375 0.35625 0.9375 0.359375 0.9328125 0.375 0.909375 0.3875 0.9046875 0.3984375 0.8984375 0.403125 0.8890625 0.396875 0.865625 0.39375 0.8625 0.39375 0.8546875 0.4015625
1 0.996875 0.2640625 0.9984375 0.265625 0.9984375 0.3203125 0.9890625 0.3296875 0.984375 0.328125 0.9859375 0.3203125 0.984375 0.296875 0.9796875 0.290625 0.971875 0.2859375 0.971875 0.2828125 0.978125 0.2734375 0.984375 0.271875 0.9953125 0.2640625
1 0.3109375 0.2859375 0.31875 0.2890625 0.328125 0.2890625 0.3453125 0.3078125 0.346875 0.315625 0.3453125 0.33125 0.3390625 0.3359375 0.3234375 0.3359375 0.321875 0.3375 0.3109375 0.3375 0.30625 0.33125 0.3 0.33125 0.29375 0.321875 0.29375 0.3078125 0.2984375 0.2890625 0.3015625 0.2859375 0.309375 0.2859375
1 0.253125 0.2890625 0.2640625 0.29375 0.2734375 0.303125 0.278125 0.3125 0.2765625 0.3265625 0.26875 0.3390625 0.25 0.3375 0.2453125 0.3328125 0.2375 0.33125 0.234375 0.325 0.2375 0.2890625 0.2390625 0.2875 0.2515625 0.2890625
1 0.1703125 0.2328125 0.178125 0.24375 0.178125 0.253125 0.1734375 0.259375 0.1625 0.259375 0.1578125 0.25625 0.15625 0.2515625 0.1578125 0.234375 0.1625 0.23125 0.16875 0.2328125
1 0.95625 0.3390625 0.9875 0.3359375 0.9984375 0.3421875 0.9984375 0.4 0.990625 0.3953125 0.9875 0.3984375 0.984375 0.4109375 0.9796875 0.4125 0.9734375 0.4046875 0.9484375 0.403125 0.9421875 0.4078125 0.934375 0.40625 0.9359375 0.36875 0.946875 0.35625 0.953125 0.3421875 0.95625 0.340625
1 0.378125 0.6515625 0.3921875 0.6546875 0.4015625 0.659375 0.44375 0.690625 0.4828125 0.709375 0.4921875 0.71875 0.503125 0.7390625 0.5078125 0.7546875 0.50625 0.809375 0.503125 0.8203125 0.490625 0.83125 0.478125 0.8328125 0.4734375 0.8375 0.471875 0.8453125 0.4671875 0.8515625 0.4578125 0.8578125 0.44375 0.85625 0.4359375 0.8484375 0.4296875 0.8359375 0.3875 0.8359375 0.3859375 0.8375 0.3078125 0.840625 0.303125 0.8453125 0.2984375 0.85625 0.2921875 0.8625 0.2875 0.8640625 0.278125 0.8640625 0.2703125 0.859375 0.265625 0.8515625 0.2625 0.83125 0.2546875 0.828125 0.25 0.81875 0.246875 0.775 0.2515625 0.753125 0.253125 0.7328125 0.265625 0.709375 0.2765625 0.696875 0.28125 0.675 0.2890625 0.6640625 0.3 0.659375 0.30625 0.659375 0.3265625 0.653125 0.3484375 0.65 0.3765625 0.6515625
1 0.2265625 0.25 0.2328125 0.2546875 0.234375 0.259375 0.2328125 0.275 0.2171875 0.2734375 0.209375 0.2625 0.2078125 0.253125 0.209375 0.2484375 0.225 0.25
1 0.2375 0.2546875 0.253125 0.2546875 0.2609375 0.259375 0.26875 0.26875 0.2734375 0.284375 0.2734375 0.290625 0.2703125 0.2953125 0.2640625 0.290625 0.24375 0.2859375 0.2359375 0.275 0.2359375 0.2578125 0.2375 0.25625
1 0.1953125 0.2359375 0.203125 0.2390625 0.20625 0.2484375 0.1828125 0.2484375 0.18125 0.246875 0.1828125 0.2359375 0.184375 0.234375 0.19375 0.2359375
1 0.2265625 0.3171875 0.21875 0.315625 0.2109375 0.3109375 0.2109375 0.2921875 0.215625 0.2765625 0.23125 0.275 0.2390625 0.2859375 0.2359375 0.29375 0.234375 0.3109375 0.23125 0.315625 0.228125 0.315625
1 0.81875 0.3265625 0.8234375 0.334375 0.828125 0.3578125 0.8265625 0.378125 0.8234375 0.3828125 0.8203125 0.38125 0.8078125 0.3828125 0.803125 0.3921875 0.8 0.3921875 0.7953125 0.3859375 0.775 0.3859375 0.76875 0.390625 0.765625 0.3890625 0.7640625 0.3625 0.7703125 0.3453125 0.7765625 0.340625 0.7828125 0.3296875 0.79375 0.325 0.8171875 0.3265625
1 0.190625 0.2484375 0.2046875 0.25 0.2078125 0.2546875 0.2078125 0.2609375 0.2140625 0.271875 0.2140625 0.278125 0.209375 0.290625 0.20625 0.2921875 0.2 0.290625 0.19375 0.29375 0.178125 0.2859375 0.178125 0.2640625 0.18125 0.253125 0.184375 0.2484375 0.1890625 0.2484375
1 0.953125 0.2875 0.9703125 0.2859375 0.978125 0.2890625 0.9828125 0.2953125 0.984375 0.309375 0.984375 0.3265625 0.9796875 0.334375 0.9515625 0.3375 0.9515625 0.2921875 0.953125 0.2890625
1 0.2765625 0.2640625 0.290625 0.265625 0.2953125 0.2625 0.3 0.2625 0.303125 0.2640625 0.3109375 0.2796875 0.3109375 0.2828125 0.3078125 0.284375 0.303125 0.2828125 0.296875 0.2890625 0.2921875 0.309375 0.2921875 0.31875 0.2890625 0.3203125 0.2859375 0.3140625 0.278125 0.3078125 0.2734375 0.2953125 0.275 0.290625 0.2734375 0.2703125 0.2765625 0.265625
4 0.7828125 0.371875 0.7859375 0.3734375 0.7859375 0.3796875 0.7765625 0.3796875 0.771875 0.3765625 0.7734375 0.371875 0.78125 0.371875
4 0.271875 0.325 0.2703125 0.33125 0.2625 0.33125 0.2609375 0.328125 0.2625 0.325 0.2703125 0.325
4 0.959375 0.3890625 0.9625 0.3921875 0.9609375 0.396875 0.95 0.396875 0.9453125 0.39375 0.946875 0.3890625 0.9578125 0.3890625
4 0.8703125 0.38125 0.8734375 0.3828125 0.875 0.3875 0.8640625 0.3875 0.8625 0.3828125 0.86875 0.38125