1 0.496875 0.5296875 0.515625 0.5546875 0.5296875 0.5859375 0.540625 0.5890625 0.5421875 0.5921875 0.5421875 0.5984375 0.5375 0.6078125 0.553125 0.6421875 0.5578125 0.6640625 0.55625 0.7078125 0.5453125 0.715625 0.4984375 0.7265625 0.4890625 0.7265625 0.4796875 0.721875 0.471875 0.7234375 0.4671875 0.7203125 0.4625 0.70625 0.4609375 0.6875 0.4421875 0.65 0.4375 0.6453125 0.4359375 0.646875 0.4296875 0.6453125 0.421875 0.5875 0.421875 0.5625 0.428125 0.54375 0.4375 0.5421875 0.4484375 0.534375 0.465625 0.5296875 0.4875 0.5296875 0.4890625 0.528125 0.4953125 0.5296875
1 0.0203125 0.296875 0.021875 0.278125 0.025 0.275 0.0421875 0.275 0.0484375 0.28125 0.053125 0.296875 0.0515625 0.3015625 0.0484375 0.303125 0.034375 0.296875 0.021875 0.296875
1 0.0625 0.3109375 0.08125 0.3140625 0.0859375 0.3171875 0.090625 0.3234375 0.0921875 0.33125 0.103125 0.34375 0.1046875 0.346875 0.1046875 0.3765625 0.103125 0.378125 0.0984375 0.3765625 0.09375 0.36875 0.0796875 0.3578125 0.05625 0.35625 0.053125 0.35 0.046875 0.3453125 0.04375 0.3390625 0.0453125 0.3171875 0.05 0.3109375 0.0609375 0.3109375
1 0.7125 0.284375 0.7171875 0.30625 0.715625 0.3234375 0.70625 0.3265625 0.7015625 0.3328125 0.6765625 0.33125 0.6734375 0.328125 0.6734375 0.3078125 0.684375 0.2875 0.6890625 0.2828125 0.6984375 0.28125 0.7109375 0.284375
1 0.0734375 0.3578125 0.084375 0.3625 0.09375 0.375 0.1 0.3796875 0.0984375 0.3828125 0.1 0.3875 0.1109375 0.4046875 0.1125 0.4265625 0.109375 0.4359375 0.10625 0.4359375 0.1015625 0.43125 0.0921875 0.43125 0.078125 0.4328125 0.0609375 0.4390625 0.05625 0.4359375 0.053125 0.421875 0.0421875 0.40625 0.040625 0.39375 0.0359375 0.3890625 0.03125 0.390625 0.0296875 0.3796875 0.040625 0.3625 0.0453125 0.3625 0.0515625 0.3578125 0.071875 0.3578125
1 0.2265625 0.3296875 0.2421875 0.3328125 0.2734375 0.3703125 0.271875 0.390625 0.26875 0.396875 0.2390625 0.3984375 0.2328125 0.403125 0.2296875 0.4015625 0.2234375 0.390625 0.2078125 0.3859375 0.2046875 0.3796875 0.19375 0.3703125 0.1921875 0.365625 0.1921875 0.35 0.1953125 0.3359375 0.2046875 0.3296875 0.225 0.3296875
1 0.75546875 0.28125 0.02421875 0.04296875
1 0.80625 0.2375 0.80625 0.271875 0.796875 0.278125 0.7828125 0.2765625 0.778125 0.2484375 0.784375 0.2375 0.7890625 0.2375 0.79375 0.234375 0.8015625 0.234375 0.8046875 0.2375
1 0.034375 0.33125 0.0390625 0.334375 0.04375 0.3453125 0.05 0.353125 0.05 0.3578125 0.040625 0.3609375 0.0296875 0.375 0.028125 0.39375 0.0140625 0.3953125 0.0109375 0.4 0.0078125 0.4 0.00625 0.396875 0.003125 0.371875 0 0.365625 0 0.33125 0.00625 0.328125 0.0234375 0.328125 0.0328125 0.33125
1 0 0.28125 0.009375 0.2828125 0.015625 0.296875 0.0109375 0.309375 0.00625 0.3140625 0 0.3125 0 0.2828125
1 0.8140625 0.234375 0.8203125 0.2375 0.8234375 0.2421875 0.825 0.2625 0.8171875 0.2671875 0.8078125 0.265625 0.80625 0.2390625 0.8125 0.2359375
1 0.775 0.2515625 0.778125 0.25625 0.78125 0.278125 0.7796875 0.2828125 0.771875 0.2875 0.765625 0.2859375 0.7640625 0.26875 0.75625 0.2578125 0.7578125 0.253125 0.7609375 0.2515625 0.7671875 0.25 0.7734375 0.2515625
1 0.74375 0.2625 0.7453125 0.2671875 0.7484375 0.26875 0.7453125 0.3046875 0.74375 0.3078125 0.7328125 0.3109375 0.7296875 0.315625 0.71875 0.315625 0.715625 0.2875 0.7109375 0.2828125 0.7125 0.275 0.7171875 0.2640625 0.7296875 0.2609375 0.7421875 0.2625
1 0.084375 0.2875 0.0921875 0.2984375 0.0953125 0.3078125 0.0953125 0.3125 0.090625 0.321875 0.08125 0.3125 0.05625 0.3078125 0.053125 0.3 0.053125 0.2875 0.05625 0.284375 0.0796875 0.284375 0.0828125 0.2875
1 0.1703125 0.315625 0.178125 0.31875 0.1921875 0.3375 0.1890625 0.3578125 0.1875 0.359375 0.178125 0.35625 0.15625 0.35625 0.1390625 0.3625 0.1375 0.34375 0.1421875 0.321875 0.1515625 0.315625 0.159375 0.3140625 0.16875 0.315625
1 0.0328125 0.2984375 0.040625 0.3 0.0484375 0.3109375 0.04375 0.31875 0.0421875 0.328125 0.0390625 0.33125 0.028125 0.3265625 0.0125 0.3265625 0.009375 0.3234375 0.009375 0.3140625 0.0171875 0.3 0.03125 0.2984375
1 0.8296875 0.228125 0.834375 0.240625 0.834375 0.2578125 0.8265625 0.2625 0.8203125 0.2625 0.825 0.259375 0.825 0.2515625 0.8203125 0.2453125 0.8203125 0.2390625 0.8140625 0.234375 0.8140625 0.23125 0.8171875 0.228125 0.828125 0.228125
1 0.18125 0.359375 0.1921875 0.36875 0.2015625 0.38125 0.2046875 0.3890625 0.215625 0.4015625 0.215625 0.428125 0.2125 0.4375 0.2078125 0.440625 0.2015625 0.4359375 0.1828125 0.4359375 0.1734375 0.4375 0.1671875 0.44375 0.1609375 0.440625 0.159375 0.43125 0.1515625 0.421875 0.1453125 0.4203125 0.1390625 0.4265625 0.134375 0.425 0.128125 0.3984375 0.128125 0.375 0.1421875 0.3625 0.15 0.359375 0.1796875 0.359375
1 0.1296875 0.3046875 0.140625 0.31875 0.1375 0.3453125 0.1359375 0.3515625 0.1234375 0.353125 0.1171875 0.35625 0.1109375 0.35625 0.1078125 0.3515625 0.10625 0.3390625 0.096875 0.3328125 0.0953125 0.328125 0.096875 0.3109375 0.103125 0.3046875 0.1125 0.303125 0.128125 0.3046875
3 0.3125 0.59375 0.315625 0.5984375 0.31875 0.596875 0.3265625 0.5984375 0.3296875 0.61875 0.328125 0.6375 0.33125 0.6546875 0.3296875 0.6796875 0.328125 0.6828125 0.325 0.6828125 0.321875 0.678125 0.3203125 0.6671875 0.315625 0.6609375 0.3171875 0.65625 0.315625 0.65 0.3140625 0.6484375 0.30625 0.65 0.3015625 0.6453125 0.3 0.6296875 0.3046875 0.6265625 0.3046875 0.6171875 0.309375 0.60625 0.309375 0.5984375 0.3125 0.5953125
3 0.0421875 0.4296875 0.046875 0.4328125 0.0484375 0.4375 0.05 0.4625 0.053125 0.471875 0.05 0.4828125 0.05 0.4984375 0.046875 0.4984375 0.0453125 0.4890625 0.0375 0.48125 0.034375 0.4734375 0.0375 0.4625 0.034375 0.4375 0.040625 0.43125
3 0.68125 0.4171875 0.6828125 0.4328125 0.6859375 0.4453125 0.6890625 0.4484375 0.6953125 0.4453125 0.7046875 0.4296875 0.71875 0.434375 0.71875 0.459375 0.7125 0.4765625 0.70625 0.4765625 0.6984375 0.4625 0.6890625 0.459375 0.684375 0.459375 0.6796875 0.4625 0.671875 0.4609375 0.66875 0.4515625 0.66875 0.4421875 0.6796875 0.41875
3 0.4453125 0.4796875 0.4390625 0.4875 0.446875 0.5078125 0.44375 0.5171875 0.446875 0.5328125 0.434375 0.540625 0.428125 0.5421875 0.4203125 0.540625 0.415625 0.546875 0.4109375 0.5453125 0.4078125 0.525 0.409375 0.521875 0.415625 0.51875 0.4171875 0.4984375 0.4203125 0.49375 0.428125 0.4890625 0.4375 0.4875 0.440625 0.48125 0.44375 0.4796875
4 0.090625 0.36015625 0.01328125 0.0109375
4 0.134375 0.34375 0.01015625 0.01015625
4 0.5390625 0.6921875 0.5375 0.7015625 0.5265625 0.703125 0.521875 0.70625 0.5109375 0.70625 0.5109375 0.696875 0.5375 0.6921875
4 0.090625 0.42109375 0.01796875 0.01015625
4 0.325 0.62265625 0.01171875 0.01796875
4 0.684375 0.31875 0.6875 0.321875 0.68125 0.3265625 0.6796875 0.3203125 0.6828125 0.31875
4 0.715625 0.4421875 0.7203125 0.44375 0.71875 0.4484375 0.715625 0.4484375 0.715625 0.44375
4 0.19921875 0.42578125 0.01875 0.009375