5 0.284375 0.315625 0.278125 0.3046875 0.26875 0.2953125 0.2671875 0.28125 0.2734375 0.2734375 0.2875 0.275 0.2890625 0.2640625 0.2921875 0.2609375 0.3234375 0.2625 0.3296875 0.284375 0.33125 0.3203125 0.328125 0.3234375 0.3078125 0.321875 0.303125 0.3234375 0.3 0.328125 0.296875 0.328125 0.2921875 0.3203125 0.2859375 0.315625
1 0.26875 0.2640625 0.271875 0.26875 0.271875 0.2734375 0.2640625 0.284375 0.24375 0.2828125 0.240625 0.28125 0.2390625 0.275 0.2453125 0.2625 0.265625 0.2625 0.2671875 0.2640625
1 0.9296875 0.3296875 0.9390625 0.3484375 0.9390625 0.3859375 0.9375 0.3875 0.928125 0.3859375 0.921875 0.396875 0.9046875 0.39375 0.8765625 0.3953125 0.875 0.384375 0.8828125 0.3578125 0.8828125 0.3515625 0.8921875 0.3359375 0.903125 0.328125 0.928125 0.3296875
1 0.9328125 0.259375 0.940625 0.275 0.9390625 0.2859375 0.928125 0.2890625 0.915625 0.2875 0.9109375 0.290625 0.909375 0.2828125 0.9046875 0.2765625 0.90625 0.2640625 0.91875 0.2578125 0.93125 0.259375
1 0.9703125 0.2734375 0.9734375 0.278125 0.9734375 0.2890625 0.959375 0.3109375 0.940625 0.3109375 0.9421875 0.2890625 0.95 0.275 0.959375 0.271875 0.96875 0.2734375
1 0.2015625 0.2421875 0.2078125 0.253125 0.2078125 0.2671875 0.2046875 0.2734375 0.196875 0.271875 0.1890625 0.2734375 0.1828125 0.2703125 0.1859375 0.2421875 0.1890625 0.2390625 0.2 0.2421875
1 0.2640625 0.2875 0.2703125 0.3015625 0.2796875 0.309375 0.278125 0.334375 0.265625 0.3375 0.2484375 0.3359375 0.2453125 0.3328125 0.2375 0.33125 0.2328125 0.328125 0.23125 0.321875 0.23125 0.2921875 0.234375 0.2859375 0.2375 0.2828125 0.2421875 0.2828125 0.24375 0.284375 0.259375 0.284375 0.2625 0.2875
1 0.9796875 0.31328125 0.04140625 0.05078125
1 0.2171875 0.2484375 0.2234375 0.25 0.228125 0.2546875 0.23125 0.265625 0.228125 0.271875 0.228125 0.28125 0.2125 0.2828125 0.2078125 0.2765625 0.209375 0.2578125 0.2125 0.25 0.215625 0.25
1 0.159375 0.2296875 0.1703125 0.228125 0.1765625 0.234375 0.16875 0.2390625 0.165625 0.259375 0.1609375 0.2609375 0.159375 0.2546875 0.153125 0.2484375 0.159375 0.23125
1 0.1828125 0.2375 0.1859375 0.2421875 0.1859375 0.246875 0.18125 0.265625 0.1671875 0.265625 0.165625 0.2625 0.1671875 0.2453125 0.1703125 0.2390625 0.175 0.2359375 0.18125 0.2375
1 0.99375 0.25625 0.9984375 0.25625 0.9984375 0.2765625 0.996875 0.278125 0.9921875 0.278125 0.990625 0.275 0.99375 0.2578125
1 0.8171875 0.3265625 0.81875 0.328125 0.8296875 0.3265625 0.8375 0.328125 0.8453125 0.3375 0.8484375 0.34375 0.8484375 0.365625 0.8453125 0.3796875 0.8390625 0.38125 0.8328125 0.378125 0.8234375 0.3828125 0.8203125 0.3921875 0.8171875 0.39375 0.8109375 0.390625 0.790625 0.390625 0.7890625 0.3890625 0.775 0.390625 0.771875 0.3828125 0.7734375 0.3640625 0.7828125 0.35 0.7890625 0.3453125 0.7921875 0.3375 0.8 0.328125 0.815625 0.328125
3 0.1984375 0.384375 0.0140625 0.03828125
3 0.8765625 0.275 0.8828125 0.275 0.8828125 0.29375 0.8765625 0.2953125 0.8765625 0.2765625
3 0.1546875 0.3625 0.1640625 0.3609375 0.1671875 0.3640625 0.1703125 0.3859375 0.16875 0.4015625 0.1640625 0.40625 0.15625 0.4015625 0.153125 0.3828125 0.1546875 0.38125 0.153125 0.3671875 0.1546875 0.3640625
4 0.8875 0.3796875 0.896875 0.3796875 0.9 0.3828125 0.9 0.3859375 0.89375 0.3875 0.8890625 0.3859375 0.8859375 0.3828125 0.8875 0.38125
4 0.2 0.3734375 0.1984375 0.384375 0.1953125 0.3828125 0.1953125 0.375 0.1984375 0.3734375
4 0.2625 0.328125 0.2640625 0.3234375 0.271875 0.3234375 0.271875 0.328125 0.26875 0.3296875 0.2640625 0.328125
4 0.7828125 0.375 0.7921875 0.375 0.7953125 0.378125 0.79375 0.3828125 0.784375 0.3828125 0.78125 0.3796875 0.7828125 0.3765625