2 0.91484375 0.79375 0.1703125 0.275
1 0.6828125 0.2953125 0.684375 0.296875 0.6875 0.29375 0.6953125 0.29375 0.7015625 0.3015625 0.7 0.328125 0.696875 0.3328125 0.6890625 0.334375 0.684375 0.340625 0.678125 0.3375 0.65625 0.3375 0.6546875 0.3296875 0.65625 0.3171875 0.6640625 0.2984375 0.66875 0.29375 0.68125 0.2953125
1 0.1859375 0.7171875 0.190625 0.71875 0.196875 0.725 0.203125 0.7359375 0.2109375 0.74375 0.215625 0.7453125 0.21875 0.74375 0.2265625 0.7484375 0.2328125 0.7640625 0.234375 0.7890625 0.240625 0.803125 0.2421875 0.825 0.240625 0.8265625 0.2390625 0.8640625 0.2265625 0.8921875 0.215625 0.903125 0.203125 0.9078125 0.1953125 0.9140625 0.190625 0.93125 0.1828125 0.940625 0.175 0.9453125 0.1703125 0.946875 0.15625 0.9453125 0.1421875 0.9328125 0.1390625 0.9359375 0.11875 0.9375 0.1140625 0.940625 0.1046875 0.9421875 0.1015625 0.9453125 0.0703125 0.9515625 0.0609375 0.95625 0.01875 0.9671875 0.009375 0.971875 0 0.971875 0 0.90625 0.0015625 0.9046875 0 0.8 0.0046875 0.796875 0 0.79375 0 0.7890625 0.0265625 0.7625 0.0375 0.7484375 0.0609375 0.734375 0.1078125 0.721875 0.1515625 0.7171875 0.184375 0.7171875
1 0.03125 0.31875 0.04453125 0.06328125
1 0.734375 0.290625 0.7453125 0.29375 0.7515625 0.3078125 0.7515625 0.3203125 0.7484375 0.33125 0.7359375 0.340625 0.734375 0.3390625 0.715625 0.3390625 0.7078125 0.3359375 0.7078125 0.3203125 0.715625 0.3 0.721875 0.29375 0.7328125 0.290625
1 0.0625 0.2609375 0.0703125 0.26875 0.071875 0.275 0.0703125 0.290625 0.0640625 0.2890625 0.05 0.290625 0.040625 0.28125 0.040625 0.2734375 0.0453125 0.2640625 0.05 0.2609375 0.0609375 0.2609375
1 0.78125 0.2734375 0.784375 0.2859375 0.784375 0.3140625 0.7734375 0.3203125 0.7546875 0.3171875 0.753125 0.3046875 0.746875 0.296875 0.746875 0.2890625 0.753125 0.2765625 0.7578125 0.271875 0.7640625 0.2734375 0.778125 0.271875 0.7796875 0.2734375
1 0.15625 0.309375 0.165625 0.3140625 0.178125 0.3328125 0.1828125 0.3484375 0.18125 0.371875 0.1546875 0.3703125 0.1515625 0.3625 0.146875 0.3578125 0.146875 0.346875 0.1421875 0.334375 0.1359375 0.328125 0.13125 0.3359375 0.125 0.3359375 0.1234375 0.325 0.125 0.3140625 0.128125 0.309375 0.1546875 0.309375
1 0.1140625 0.328125 0.11875 0.3296875 0.1203125 0.3359375 0.1296875 0.34375 0.134375 0.353125 0.1375 0.365625 0.1375 0.3828125 0.1359375 0.3875 0.1328125 0.3890625 0.11875 0.3875 0.109375 0.390625 0.1 0.390625 0.0953125 0.3953125 0.0921875 0.3953125 0.0859375 0.3859375 0.0765625 0.384375 0.0734375 0.3703125 0.075 0.3609375 0.078125 0.3578125 0.0765625 0.3375 0.08125 0.3296875 0.1125 0.328125
5 0.89375 0.4375 0.8953125 0.4390625 0.9265625 0.4375 0.95 0.4421875 0.9546875 0.45 0.95625 0.471875 0.959375 0.475 0.965625 0.475 0.975 0.4796875 0.990625 0.4796875 0.9984375 0.4828125 0.9984375 0.5515625 0.984375 0.5578125 0.975 0.56875 0.9484375 0.578125 0.9453125 0.5765625 0.9390625 0.578125 0.9265625 0.5734375 0.9203125 0.5640625 0.9171875 0.553125 0.9109375 0.546875 0.890625 0.540625 0.8828125 0.534375 0.8796875 0.51875 0.871875 0.5109375 0.8609375 0.4859375 0.8609375 0.4796875 0.8546875 0.471875 0.85 0.471875 0.8453125 0.475 0.840625 0.4921875 0.821875 0.5109375 0.81875 0.5125 0.8140625 0.5109375 0.80625 0.5015625 0.8046875 0.46875 0.80625 0.4640625 0.8171875 0.453125 0.8265625 0.4484375 0.85 0.45 0.865625 0.4390625 0.871875 0.4375 0.875 0.4390625 0.8921875 0.4375
3 0.125 0.459375 0.128125 0.4578125 0.134375 0.4609375 0.1421875 0.459375 0.146875 0.471875 0.146875 0.490625 0.15 0.5015625 0.15 0.51875 0.146875 0.5265625 0.134375 0.5078125 0.1296875 0.5078125 0.125 0.5140625 0.121875 0.5125 0.121875 0.5015625 0.125 0.4890625 0.125 0.4609375
3 0.05625 0.5015625 0.0265625 0.078125
3 0.83125 0.5140625 0.84375 0.525 0.840625 0.5375 0.8421875 0.5453125 0.8484375 0.553125 0.8546875 0.5546875 0.8625 0.5390625 0.865625 0.5390625 0.878125 0.528125 0.878125 0.5390625 0.8734375 0.546875 0.875 0.5703125 0.878125 0.5796875 0.878125 0.5859375 0.875 0.5921875 0.8625 0.590625 0.8390625 0.571875 0.828125 0.5703125 0.825 0.5734375 0.8171875 0.5734375 0.8125 0.571875 0.80625 0.565625 0.80625 0.5515625 0.8109375 0.540625 0.8109375 0.5265625 0.815625 0.51875 0.8234375 0.5125 0.828125 0.5109375 0.8296875 0.5140625
3 0.4890625 0.5328125 0.4953125 0.5390625 0.4953125 0.546875 0.49375 0.5484375 0.49375 0.58125 0.4921875 0.5828125 0.49375 0.590625 0.4859375 0.628125 0.4828125 0.628125 0.4796875 0.6203125 0.4796875 0.6015625 0.4765625 0.59375 0.475 0.5390625 0.4828125 0.5328125 0.4875 0.5328125
3 0.2171875 0.3 0.2203125 0.3 0.221875 0.3046875 0.2265625 0.303125 0.2296875 0.3078125 0.2296875 0.3171875 0.2265625 0.321875 0.2265625 0.328125 0.221875 0.328125 0.21875 0.3265625 0.215625 0.3171875 0.2171875 0.3015625
3 0.1625 0.403125 0.1703125 0.4421875 0.1671875 0.453125 0.1625 0.453125 0.15625 0.4453125 0.1515625 0.44375 0.1484375 0.4359375 0.1515625 0.40625 0.1609375 0.403125
3 0.159375 0.3859375 0.1640625 0.39375 0.1625 0.4046875 0.1703125 0.440625 0.1703125 0.4484375 0.1671875 0.453125 0.1625 0.453125 0.153125 0.44375 0.1484375 0.446875 0.1453125 0.4453125 0.146875 0.43125 0.1453125 0.4296875 0.1484375 0.4265625 0.146875 0.4125 0.1484375 0.39375 0.146875 0.390625 0.153125 0.3859375 0.1578125 0.3859375
4 0.1234375 0.3734375 0.125 0.378125 0.1203125 0.38125 0.1125 0.38125 0.1109375 0.375 0.121875 0.3734375