0 0.9453125 0.26875 0.95 0.271875 0.95 0.3375 0.9421875 0.3515625 0.9328125 0.359375 0.9328125 0.3671875 0.9296875 0.375 0.909375 0.3875 0.9 0.4 0.878125 0.3953125 0.859375 0.3953125 0.85625 0.4015625 0.8515625 0.4015625 0.85 0.3953125 0.8453125 0.390625 0.8453125 0.36875 0.846875 0.3671875 0.8453125 0.3515625 0.8484375 0.3421875 0.85 0.3125 0.8546875 0.296875 0.859375 0.2921875 0.878125 0.2875 0.896875 0.278125 0.9078125 0.26875 0.94375 0.26875
1 0.24375 0.259375 0.25625 0.2734375 0.2578125 0.2859375 0.2484375 0.2953125 0.2375 0.296875 0.2234375 0.290625 0.2203125 0.26875 0.2234375 0.2625 0.228125 0.259375 0.2359375 0.2578125 0.2421875 0.259375
1 0.33125 0.296875 0.3421875 0.315625 0.34375 0.321875 0.3421875 0.3375 0.31875 0.3375 0.315625 0.340625 0.3109375 0.3359375 0.3046875 0.334375 0.3 0.328125 0.3 0.2984375 0.303125 0.2921875 0.3078125 0.2921875 0.3125 0.296875 0.3203125 0.2953125 0.3296875 0.296875
1 0.9828125 0.3390625 0.990625 0.340625 0.9984375 0.3609375 0.9984375 0.3953125 0.9953125 0.4015625 0.990625 0.4015625 0.9859375 0.396875 0.9828125 0.4 0.98125 0.4109375 0.978125 0.415625 0.9734375 0.415625 0.9671875 0.4078125 0.9390625 0.4078125 0.9375 0.4109375 0.93125 0.4125 0.928125 0.4078125 0.928125 0.39375 0.934375 0.3640625 0.9421875 0.35625 0.95 0.34375 0.9546875 0.3390625 0.98125 0.3390625
1 0.97109375 0.26875 0.0234375 0.025
1 0.184375 0.2375 0.19375 0.253125 0.1921875 0.275 0.1671875 0.271875 0.1640625 0.2578125 0.165625 0.2421875 0.16875 0.2375 0.1828125 0.2375
1 0.2640625 0.2921875 0.271875 0.29375 0.28125 0.3 0.290625 0.321875 0.2890625 0.3375 0.2671875 0.3375 0.265625 0.3390625 0.253125 0.3328125 0.2484375 0.3234375 0.25 0.2984375 0.2546875 0.2921875 0.2625 0.2921875
1 0.7984375 0.3265625 0.8 0.328125 0.8015625 0.3265625 0.81875 0.3265625 0.821875 0.3296875 0.828125 0.359375 0.828125 0.3703125 0.825 0.38125 0.809375 0.3828125 0.8015625 0.3921875 0.79375 0.3859375 0.775 0.3859375 0.7703125 0.3890625 0.765625 0.3890625 0.7640625 0.3859375 0.7640625 0.3625 0.771875 0.34375 0.7765625 0.340625 0.7828125 0.3296875 0.7890625 0.3265625 0.796875 0.3265625
1 0.2828125 0.265625 0.290625 0.26875 0.3 0.2859375 0.296875 0.315625 0.29375 0.31875 0.278125 0.2953125 0.2703125 0.2921875 0.2625 0.2921875 0.259375 0.2890625 0.2609375 0.2671875 0.265625 0.2640625 0.28125 0.265625
1 0.9984375 0.26875 0.9984375 0.3171875 0.9953125 0.3234375 0.9875 0.3296875 0.984375 0.328125 0.9859375 0.3109375 0.9828125 0.2921875 0.9734375 0.2859375 0.9734375 0.278125 0.9828125 0.2703125 0.996875 0.26875
1 0.9984375 0.325 0.9984375 0.35625 0.9890625 0.3390625 0.9890625 0.3328125 0.996875 0.325
1 0.9796875 0.2890625 0.9828125 0.2953125 0.984375 0.3078125 0.98125 0.3359375 0.953125 0.3359375 0.9515625 0.3328125 0.9515625 0.29375 0.953125 0.290625 0.959375 0.2875 0.9765625 0.2875 0.978125 0.2890625
3 0.8859375 0.4390625 0.884375 0.446875 0.8765625 0.4546875 0.875 0.4734375 0.871875 0.478125 0.8734375 0.4796875 0.871875 0.4875 0.875 0.4890625 0.875 0.50625 0.871875 0.50625 0.865625 0.4984375 0.8625 0.4984375 0.8578125 0.503125 0.85625 0.5109375 0.8515625 0.5171875 0.8484375 0.5171875 0.846875 0.5125 0.846875 0.496875 0.8515625 0.4609375 0.85625 0.45625 0.8578125 0.4578125 0.8609375 0.45625 0.859375 0.446875 0.8625 0.4453125 0.878125 0.446875 0.88125 0.440625 0.884375 0.4390625
3 0.3859375 0.396875 0.39375 0.396875 0.396875 0.4 0.396875 0.4078125 0.403125 0.4171875 0.4046875 0.4328125 0.4015625 0.4390625 0.3984375 0.440625 0.3921875 0.4359375 0.3875 0.4359375 0.3796875 0.440625 0.375 0.4484375 0.3703125 0.4484375 0.365625 0.440625 0.365625 0.4265625 0.3625 0.4125 0.359375 0.4078125 0.359375 0.4 0.359375 0.4046875 0.3625 0.4078125 0.375 0.409375 0.3828125 0.4078125 0.3859375 0.4046875 0.3859375 0.3984375
3 0.8421875 0.3296875 0.8453125 0.334375 0.8453125 0.36875 0.8390625 0.371875 0.8359375 0.36875 0.834375 0.3609375 0.8359375 0.3421875 0.8421875 0.33125
4 0.9546875 0.3921875 0.95625 0.4 0.940625 0.3984375 0.9421875 0.3921875 0.953125 0.3921875
4 0.8671875 0.38125 0.8796875 0.384375 0.8796875 0.390625 0.859375 0.3875 0.8578125 0.384375 0.865625 0.38125