1 0.1625 0.2296875 0.171875 0.228125 0.178125 0.234375 0.1765625 0.2421875 0.1734375 0.2453125 0.171875 0.2625 0.1609375 0.2625 0.1578125 0.2484375 0.1625 0.23125
1 0.80859375 0.36171875 0.06875 0.0640625
1 0.6015625 0.3328125 0.6109375 0.3421875 0.615625 0.34375 0.615625 0.3484375 0.625 0.35625 0.6265625 0.3734375 0.621875 0.3875 0.61875 0.3890625 0.6125 0.3859375 0.59375 0.3875 0.5890625 0.3921875 0.584375 0.390625 0.584375 0.3875 0.575 0.3796875 0.56875 0.3703125 0.546875 0.3609375 0.5453125 0.353125 0.5484375 0.34375 0.55625 0.334375 0.5828125 0.3328125 0.5890625 0.3296875 0.6 0.3328125
1 0.321875 0.284375 0.328125 0.2921875 0.334375 0.3078125 0.334375 0.33125 0.3328125 0.3328125 0.328125 0.33125 0.325 0.3234375 0.3171875 0.33125 0.3140625 0.33125 0.3078125 0.3234375 0.2984375 0.3234375 0.29375 0.3171875 0.2921875 0.3078125 0.29375 0.29375 0.296875 0.2859375 0.3046875 0.2828125 0.3203125 0.284375
1 0.7875 0.3984375 0.8 0.4015625 0.8078125 0.4171875 0.8109375 0.4421875 0.8109375 0.4734375 0.8078125 0.4828125 0.803125 0.4859375 0.8 0.4828125 0.7953125 0.4828125 0.7921875 0.4875 0.7859375 0.490625 0.7765625 0.5078125 0.7703125 0.5078125 0.765625 0.503125 0.7515625 0.4984375 0.73125 0.496875 0.725 0.5 0.7203125 0.4921875 0.71875 0.4734375 0.721875 0.4546875 0.73125 0.4390625 0.73125 0.428125 0.7390625 0.421875 0.7421875 0.4140625 0.7578125 0.4 0.7859375 0.3984375
1 0.215625 0.2484375 0.2171875 0.2640625 0.2203125 0.26875 0.2203125 0.2765625 0.2171875 0.28125 0.203125 0.278125 0.1984375 0.271875 0.1984375 0.2546875 0.203125 0.2484375 0.2140625 0.2484375
1 0.16875 0.2234375 0.1734375 0.228125 0.1734375 0.2359375 0.1703125 0.2375 0.165625 0.2328125 0.1625 0.2359375 0.1578125 0.2515625 0.1546875 0.25 0.1515625 0.2421875 0.153125 0.228125 0.15625 0.2234375 0.1671875 0.2234375
1 0.925 0.3046875 0.928125 0.3046875 0.9296875 0.3109375 0.9390625 0.3171875 0.94375 0.334375 0.94375 0.36875 0.9390625 0.39375 0.9328125 0.3953125 0.9296875 0.3890625 0.9265625 0.3875 0.921875 0.39375 0.921875 0.4015625 0.91875 0.4078125 0.9140625 0.4078125 0.909375 0.4 0.9015625 0.3953125 0.8828125 0.39375 0.878125 0.3953125 0.871875 0.403125 0.865625 0.403125 0.8640625 0.396875 0.865625 0.3640625 0.8671875 0.359375 0.878125 0.3515625 0.8828125 0.3328125 0.8875 0.325 0.896875 0.3171875 0.921875 0.309375 0.925 0.30625
1 0.878125 0.3109375 0.8921875 0.3125 0.8953125 0.3140625 0.8953125 0.3171875 0.8828125 0.3296875 0.8765625 0.35 0.865625 0.359375 0.8625 0.3671875 0.8515625 0.3640625 0.8515625 0.34375 0.8546875 0.3390625 0.85625 0.328125 0.8609375 0.321875 0.8703125 0.3125 0.8765625 0.3109375
1 0.3296875 0.428125 0.3390625 0.4328125 0.3640625 0.434375 0.390625 0.453125 0.40625 0.4546875 0.4125 0.4625 0.4140625 0.4875 0.4078125 0.4984375 0.4078125 0.5078125 0.403125 0.5171875 0.396875 0.5203125 0.3890625 0.515625 0.378125 0.5140625 0.3484375 0.5234375 0.3453125 0.5265625 0.340625 0.5265625 0.3328125 0.5328125 0.33125 0.5421875 0.3234375 0.5515625 0.315625 0.5515625 0.3015625 0.5375 0.284375 0.5359375 0.26875 0.5265625 0.2609375 0.5171875 0.2609375 0.503125 0.2625 0.5015625 0.2625 0.4828125 0.265625 0.4734375 0.2734375 0.4625 0.275 0.4546875 0.28125 0.44375 0.3 0.4375 0.30625 0.4328125 0.3203125 0.428125 0.328125 0.428125
1 0.3390625 0.396875 0.353125 0.4 0.3609375 0.4078125 0.3765625 0.4140625 0.3875 0.421875 0.3984375 0.4234375 0.403125 0.4421875 0.4015625 0.4515625 0.39375 0.4515625 0.38125 0.4453125 0.365625 0.4328125 0.3484375 0.4296875 0.340625 0.43125 0.328125 0.4265625 0.315625 0.428125 0.3015625 0.4359375 0.284375 0.440625 0.2828125 0.4390625 0.284375 0.434375 0.296875 0.409375 0.303125 0.403125 0.315625 0.3984375 0.3375 0.396875
1 0.1921875 0.23125 0.2 0.2375 0.2015625 0.2421875 0.2015625 0.2484375 0.196875 0.25625 0.1953125 0.2703125 0.18125 0.2703125 0.175 0.265625 0.1734375 0.2609375 0.175 0.2359375 0.1828125 0.23125 0.190625 0.23125
1 0.29375 0.278125 0.2953125 0.2859375 0.2921875 0.290625 0.2921875 0.3125 0.290625 0.3140625 0.2921875 0.3171875 0.2828125 0.321875 0.275 0.3203125 0.26875 0.3140625 0.259375 0.309375 0.25625 0.296875 0.2578125 0.2796875 0.2640625 0.2734375 0.284375 0.2734375 0.2921875 0.278125
1 0.9171875 0.2609375 0.925 0.2625 0.9328125 0.2734375 0.9328125 0.2921875 0.925 0.2953125 0.91875 0.290625 0.915625 0.290625 0.9109375 0.2953125 0.9078125 0.2921875 0.9046875 0.2953125 0.903125 0.29375 0.903125 0.271875 0.90625 0.2671875 0.915625 0.2609375
1 0.55 0.3625 0.5625 0.3671875 0.5765625 0.3828125 0.58125 0.384375 0.5875 0.396875 0.5875 0.4125 0.584375 0.4265625 0.58125 0.4296875 0.575 0.4265625 0.5546875 0.428125 0.546875 0.434375 0.5453125 0.440625 0.5390625 0.4453125 0.5359375 0.4390625 0.5265625 0.4328125 0.515625 0.4328125 0.5125 0.4375 0.5078125 0.4375 0.5015625 0.421875 0.5015625 0.409375 0.5046875 0.4015625 0.5078125 0.378125 0.5140625 0.36875 0.525 0.3625 0.5484375 0.3625
1 0.7296875 0.303125 0.734375 0.3046875 0.7390625 0.3109375 0.7203125 0.3203125 0.7125 0.334375 0.709375 0.3484375 0.703125 0.3484375 0.7 0.3515625 0.696875 0.3515625 0.6953125 0.3453125 0.6953125 0.3296875 0.703125 0.3078125 0.715625 0.3015625 0.728125 0.303125
1 0.8625 0.284375 0.865625 0.290625 0.871875 0.29375 0.8734375 0.296875 0.8734375 0.3078125 0.859375 0.321875 0.85625 0.321875 0.8515625 0.3171875 0.834375 0.3203125 0.83125 0.3140625 0.8296875 0.3 0.834375 0.290625 0.840625 0.284375 0.8453125 0.2828125 0.8609375 0.284375
1 0.753125 0.3140625 0.7640625 0.325 0.7671875 0.33125 0.76875 0.35 0.765625 0.3609375 0.7515625 0.3578125 0.7453125 0.3671875 0.7359375 0.3625 0.721875 0.3625 0.715625 0.3671875 0.7125 0.3625 0.7125 0.3390625 0.71875 0.328125 0.71875 0.3234375 0.725 0.3171875 0.7296875 0.3171875 0.734375 0.3140625 0.7515625 0.3140625
5 0.2171875 0.20625 0.2484375 0.2078125 0.271875 0.2140625 0.275 0.2203125 0.275 0.2453125 0.2828125 0.25625 0.2828125 0.2703125 0.2671875 0.278125 0.2625 0.2765625 0.259375 0.2796875 0.25625 0.2890625 0.25625 0.2984375 0.253125 0.303125 0.240625 0.2921875 0.23125 0.2921875 0.228125 0.284375 0.221875 0.278125 0.221875 0.271875 0.21875 0.265625 0.2171875 0.228125 0.215625 0.2265625 0.215625 0.209375 0.2171875 0.2078125
3 0.21875 0.434375 0.2375 0.434375 0.240625 0.4390625 0.240625 0.446875 0.2453125 0.45 0.25 0.4625 0.25 0.478125 0.2453125 0.4859375 0.2390625 0.4859375 0.234375 0.478125 0.2234375 0.4828125 0.215625 0.465625 0.215625 0.459375 0.221875 0.4484375 0.21875 0.4359375
3 0.2125 0.4640625 0.221875 0.484375 0.2234375 0.4984375 0.2203125 0.5078125 0.2140625 0.5125 0.209375 0.5109375 0.20625 0.50625 0.1875 0.5125 0.178125 0.5265625 0.1703125 0.5265625 0.1671875 0.5234375 0.1609375 0.5078125 0.159375 0.46875 0.1578125 0.4671875 0.159375 0.459375 0.1734375 0.4546875 0.178125 0.4578125 0.18125 0.4828125 0.1875 0.4921875 0.190625 0.4921875 0.203125 0.478125 0.196875 0.4734375 0.196875 0.4703125 0.20625 0.4640625 0.2109375 0.4640625
3 0.48125 0.5203125 0.4859375 0.521875 0.4953125 0.51875 0.5078125 0.525 0.509375 0.540625 0.5125 0.546875 0.5125 0.5578125 0.51875 0.5640625 0.51875 0.5734375 0.5125 0.590625 0.5078125 0.5921875 0.503125 0.5875 0.4921875 0.5875 0.4890625 0.5921875 0.4859375 0.6109375 0.4828125 0.615625 0.478125 0.615625 0.4734375 0.6015625 0.4734375 0.584375 0.478125 0.5625 0.478125 0.54375 0.48125 0.521875
3 0.3765625 0.396875 0.3765625 0.384375 0.3875 0.353125 0.3921875 0.3578125 0.3953125 0.3953125 0.39375 0.4 0.390625 0.4 0.3859375 0.3875 0.3828125 0.3859375 0.38125 0.39375 0.378125 0.396875
4 0.8390625 0.3 0.8390625 0.303125 0.8328125 0.303125 0.834375 0.2984375 0.8375 0.3
4 0.7203125 0.3421875 0.721875 0.3375 0.7296875 0.3375 0.7328125 0.3421875 0.73125 0.3453125 0.725 0.3453125 0.721875 0.3421875
4 0.7015625 0.3234375 0.7078125 0.3234375 0.7109375 0.328125 0.7078125 0.3328125 0.703125 0.3328125 0.7015625 0.325
4 0.884375 0.3765625 0.89375 0.3796875 0.8921875 0.3859375 0.8796875 0.384375 0.878125 0.378125 0.8828125 0.3765625
4 0.565625 0.3546875 0.56875 0.353125 0.575 0.3546875 0.5734375 0.3625 0.5671875 0.3625 0.565625 0.35625
4 0.83046875 0.29140625 0.00546875 0.01015625
4 0.1609375 0.49375 0.165625 0.49375 0.165625 0.5015625 0.1625 0.5046875 0.159375 0.5015625 0.1609375 0.4953125
4 0.390625 0.3609375 0.3921875 0.3640625 0.390625 0.3765625 0.3875 0.371875 0.3890625 0.3625
4 0.26875 0.4921875 0.2734375 0.490625 0.278125 0.49375 0.275 0.5078125 0.2703125 0.5078125 0.2671875 0.503125 0.26875 0.49375
4 0.7828125 0.375 0.79375 0.375 0.79375 0.38125 0.790625 0.3828125 0.7828125 0.38125 0.7828125 0.3765625
4 0.515625 0.4203125 0.5203125 0.421875 0.51875 0.4296875 0.5171875 0.43125 0.5140625 0.4296875 0.5125 0.4265625 0.5125 0.421875 0.5140625 0.421875
4 0.73125 0.478125 0.7421875 0.478125 0.75 0.4828125 0.7484375 0.4875 0.734375 0.4875 0.73125 0.484375 0.73125 0.4796875