1 0.0328125 0.28671875 0.03203125 0.02890625
1 0.003125 0.2578125 0.0140625 0.25625 0.021875 0.259375 0.025 0.2640625 0.025 0.2703125 0.021875 0.2734375 0.0140625 0.2796875 0.0078125 0.2796875 0.0015625 0.275 0.003125 0.259375
1 0.0375 0.34375 0.0515625 0.346875 0.0609375 0.3609375 0.0671875 0.3640625 0.0671875 0.3703125 0.071875 0.3765625 0.0765625 0.39375 0.0765625 0.4078125 0.0734375 0.4125 0.05 0.4109375 0.0375 0.4125 0.0328125 0.415625 0.028125 0.415625 0.0265625 0.4125 0.025 0.3828125 0.0171875 0.3671875 0.009375 0.3609375 0.0078125 0.3546875 0.0140625 0.346875 0.021875 0.34375 0.0359375 0.34375
1 0.03125 0.3046875 0.034375 0.303125 0.0609375 0.3046875 0.0796875 0.3328125 0.0796875 0.3390625 0.0703125 0.359375 0.0625 0.3578125 0.05 0.3421875 0.0453125 0.34375 0.04375 0.3421875 0.028125 0.3421875 0.0234375 0.3296875 0.028125 0.309375 0.03125 0.30625
1 0.103125 0.3296875 0.1234375 0.334375 0.1453125 0.36875 0.146875 0.3734375 0.1453125 0.3859375 0.1421875 0.3875 0.1359375 0.378125 0.128125 0.3921875 0.1265625 0.390625 0.1234375 0.3921875 0.1015625 0.390625 0.0921875 0.378125 0.084375 0.3859375 0.08125 0.3875 0.0796875 0.3859375 0.0765625 0.3734375 0.0765625 0.35 0.0828125 0.3375 0.1015625 0.3296875
1 0 0.3171875 0.0078125 0.31875 0.0140625 0.325 0.021875 0.3421875 0.0125 0.346875 0.00625 0.3546875 0.0046875 0.3609375 0 0.3625 0 0.31875
1 0.73671875 0.31015625 0.04453125 0.0484375
1 0.03125 0.296875 0.0359375 0.3015625 0.028125 0.3078125 0.0265625 0.3125 0.0234375 0.325 0.025 0.3390625 0.021875 0.3375 0.00625 0.3109375 0.015625 0.296875 0.0296875 0.296875
1 0.828125 0.2328125 0.8328125 0.234375 0.834375 0.2390625 0.834375 0.2515625 0.83125 0.25625 0.8296875 0.25625 0.8265625 0.24375 0.8203125 0.2375 0.8171875 0.2375 0.81875 0.234375 0.8265625 0.2328125
1 0 0.28125 0.009375 0.2828125 0.0140625 0.2890625 0.0140625 0.296875 0.0078125 0.3046875 0.00625 0.3109375 0 0.3125 0 0.2828125
1 0.7421875 0.26875 0.746875 0.275 0.746875 0.2859375 0.74375 0.2890625 0.725 0.2921875 0.7125 0.3109375 0.709375 0.309375 0.7078125 0.3015625 0.7109375 0.2828125 0.71875 0.271875 0.7234375 0.26875 0.740625 0.26875
1 0.8234375 0.2359375 0.8328125 0.2484375 0.8296875 0.2609375 0.825 0.2625 0.8234375 0.265625 0.8078125 0.265625 0.80625 0.2671875 0.803125 0.265625 0.8015625 0.2609375 0.803125 0.2484375 0.8125 0.2375 0.821875 0.2359375
1 0.0921875 0.3 0.1125 0.2984375 0.11875 0.303125 0.121875 0.309375 0.121875 0.3125 0.1171875 0.3125 0.1125 0.31875 0.1140625 0.328125 0.103125 0.328125 0.0984375 0.321875 0.0921875 0.3015625
1 0.15625 0.3125 0.1703125 0.33125 0.1671875 0.3640625 0.14375 0.3609375 0.1359375 0.3515625 0.125 0.33125 0.1265625 0.328125 0.125 0.3125 0.128125 0.309375 0.1515625 0.309375 0.1546875 0.3125
1 0.2140625 0.325 0.2328125 0.34375 0.2359375 0.353125 0.2421875 0.359375 0.24375 0.3828125 0.240625 0.390625 0.2078125 0.3921875 0.2046875 0.3953125 0.1953125 0.3828125 0.1828125 0.38125 0.178125 0.384375 0.1734375 0.3796875 0.1703125 0.3671875 0.1703125 0.340625 0.1734375 0.3296875 0.18125 0.3234375 0.2125 0.325
1 0.3375 0.30625 0.3390625 0.3078125 0.3546875 0.30625 0.3640625 0.3078125 0.36875 0.3109375 0.3734375 0.328125 0.3734375 0.3484375 0.3671875 0.3578125 0.365625 0.359375 0.3546875 0.3578125 0.353125 0.3609375 0.346875 0.3625 0.334375 0.353125 0.315625 0.353125 0.309375 0.3578125 0.303125 0.35625 0.2984375 0.3453125 0.3015625 0.33125 0.309375 0.325 0.3125 0.325 0.3265625 0.309375 0.3359375 0.3078125
1 0.18125 0.2828125 0.1953125 0.284375 0.2046875 0.2953125 0.2078125 0.3109375 0.20625 0.3171875 0.1828125 0.321875 0.178125 0.321875 0.1734375 0.3171875 0.16875 0.31875 0.1640625 0.3171875 0.1625 0.3 0.1734375 0.284375 0.1796875 0.284375
1 0.06796875 0.303125 0.03671875 0.040625
1 0.79375 0.246875 0.796875 0.2515625 0.7984375 0.2609375 0.796875 0.2796875 0.7859375 0.2859375 0.7671875 0.2859375 0.765625 0.2875 0.7625 0.2859375 0.7609375 0.28125 0.7625 0.2640625 0.7703125 0.25625 0.771875 0.25 0.78125 0.246875 0.7921875 0.246875
3 0.178125 0.4296875 0.1875 0.4234375 0.1859375 0.4390625 0.19375 0.4703125 0.19375 0.4921875 0.1890625 0.496875 0.184375 0.4921875 0.1796875 0.4796875 0.175 0.4765625 0.1640625 0.4875 0.1609375 0.4890625 0.159375 0.4875 0.1609375 0.4703125 0.165625 0.4671875 0.1640625 0.4640625 0.165625 0.4625 0.165625 0.44375 0.178125 0.43125
3 0.3921875 0.3609375 0.396875 0.3671875 0.396875 0.3828125 0.4 0.3890625 0.4 0.4015625 0.3953125 0.4046875 0.3875 0.39375 0.38125 0.39375 0.375 0.4 0.371875 0.4 0.36875 0.3953125 0.3671875 0.3671875 0.375 0.3671875 0.378125 0.3734375 0.3828125 0.375 0.3859375 0.3671875 0.390625 0.3625
3 0.028125 0.478125 0.03125 0.4828125 0.0296875 0.509375 0.03125 0.515625 0.0359375 0.5203125 0.0359375 0.5265625 0.028125 0.5453125 0.0140625 0.5453125 0.0109375 0.5484375 0.0109375 0.5640625 0.0078125 0.5703125 0.003125 0.56875 0 0.5609375 0 0.4875 0.003125 0.484375 0.0109375 0.490625 0.021875 0.4890625 0.0265625 0.4796875
3 0.5765625 0.3515625 0.584375 0.359375 0.5859375 0.375 0.584375 0.39375 0.5765625 0.3953125 0.5734375 0.4015625 0.5703125 0.4 0.5703125 0.371875 0.571875 0.3703125 0.5703125 0.3671875 0.5734375 0.3546875 0.5765625 0.353125
3 0.609375 0.3140625 0.6109375 0.315625 0.6140625 0.3140625 0.61875 0.31875 0.621875 0.3296875 0.621875 0.3390625 0.61875 0.3453125 0.6125 0.34375 0.6046875 0.35 0.6015625 0.346875 0.6 0.321875 0.6078125 0.3140625
3 0.0171875 0.396875 0.021875 0.4 0.025 0.4109375 0.0265625 0.4390625 0.0234375 0.44375 0.021875 0.453125 0.0140625 0.4375 0.0109375 0.4375 0.0046875 0.44375 0.003125 0.4484375 0 0.4453125 0 0.4421875 0.003125 0.440625 0.00625 0.421875 0.0046875 0.4203125 0.0046875 0.4046875 0.009375 0.4 0.015625 0.3984375
4 0.059375 0.39375 0.0609375 0.4015625 0.05625 0.403125 0.053125 0.4015625 0.053125 0.396875 0.0578125 0.39375