1 0.9890625 0.296875 0.9984375 0.303125 0.9984375 0.3125 0.984375 0.315625 0.978125 0.321875 0.9734375 0.3328125 0.9578125 0.3328125 0.95625 0.33125 0.9578125 0.3125 0.9671875 0.2984375 0.9875 0.296875
1 0.86875 0.3015625 0.8796875 0.303125 0.88125 0.3125 0.871875 0.3203125 0.86875 0.33125 0.8578125 0.34375 0.853125 0.35625 0.85 0.35625 0.85 0.334375 0.84375 0.3203125 0.84375 0.3140625 0.8515625 0.3046875 0.8671875 0.3015625
1 0.271875 0.284375 0.28125 0.29375 0.2828125 0.3015625 0.2890625 0.3125 0.290625 0.3265625 0.2875 0.3375 0.26875 0.3359375 0.2625 0.3421875 0.25625 0.3421875 0.2546875 0.334375 0.2484375 0.328125 0.24375 0.33125 0.240625 0.3296875 0.2375 0.321875 0.2359375 0.29375 0.240625 0.2921875 0.246875 0.2828125 0.2546875 0.28125 0.2703125 0.284375
1 0.165625 0.2578125 0.1640625 0.2484375 0.1671875 0.2421875 0.1671875 0.2328125 0.1703125 0.228125 0.18125 0.228125 0.184375 0.23125 0.184375 0.2359375 0.1796875 0.2390625 0.178125 0.253125 0.1734375 0.2546875 0.1734375 0.2609375 0.1671875 0.2578125
1 0.278125 0.2625 0.284375 0.2671875 0.2875 0.275 0.2875 0.2828125 0.2828125 0.2875 0.278125 0.2875 0.271875 0.2828125 0.25625 0.278125 0.253125 0.271875 0.2546875 0.2609375 0.2765625 0.2625
1 0.99296875 0.2921875 0.01328125 0.02109375
1 0.915625 0.309375 0.9234375 0.3140625 0.9234375 0.3359375 0.9125 0.35625 0.915625 0.396875 0.9109375 0.3953125 0.909375 0.3921875 0.9046875 0.3921875 0.896875 0.4 0.89375 0.4125 0.8890625 0.4125 0.8796875 0.40625 0.8640625 0.40625 0.8609375 0.403125 0.8578125 0.403125 0.8515625 0.4109375 0.8484375 0.4109375 0.8453125 0.4078125 0.84375 0.4 0.84375 0.3828125 0.85 0.3640625 0.85625 0.35625 0.8625 0.340625 0.8703125 0.3328125 0.8765625 0.31875 0.890625 0.309375 0.9140625 0.309375
1 0.959375 0.7578125 0.9984375 0.7625 0.9984375 0.996875 0.9953125 0.9984375 0.9421875 0.9984375 0.9390625 0.996875 0.9234375 0.98125 0.9109375 0.9640625 0.9015625 0.94375 0.896875 0.9140625 0.89375 0.90625 0.89375 0.8625 0.896875 0.8546875 0.9015625 0.85 0.9 0.8359375 0.9015625 0.8 0.90625 0.7921875 0.9296875 0.7828125 0.9390625 0.7734375 0.940625 0.759375 0.9578125 0.7578125
1 0.221875 0.253125 0.225 0.2515625 0.240625 0.253125 0.240625 0.259375 0.234375 0.2671875 0.23125 0.2875 0.2265625 0.2875 0.21875 0.2828125 0.21875 0.2625 0.221875 0.2546875
1 0.2921875 0.2828125 0.30625 0.284375 0.3171875 0.2921875 0.325 0.309375 0.325 0.3296875 0.321875 0.3328125 0.3171875 0.33125 0.296875 0.3328125 0.2953125 0.33125 0.2921875 0.325 0.290625 0.3109375 0.2828125 0.29375 0.2828125 0.2890625 0.2859375 0.284375 0.290625 0.2828125
1 0.2375 0.29375 0.23125 0.2859375 0.2328125 0.28125 0.23125 0.271875 0.2359375 0.2640625 0.240625 0.2609375 0.253125 0.2625 0.2515625 0.2703125 0.2578125 0.2765625 0.2484375 0.28125 0.2390625 0.2921875
1 0.1953125 0.234375 0.2046875 0.234375 0.215625 0.2390625 0.2203125 0.25 0.2171875 0.2625 0.2171875 0.275 0.203125 0.278125 0.1953125 0.275 0.1921875 0.271875 0.1921875 0.2390625 0.1953125 0.2359375
1 0.1578125 0.221875 0.1625 0.2234375 0.165625 0.228125 0.165625 0.2421875 0.1625 0.253125 0.153125 0.2515625 0.1515625 0.2484375 0.1515625 0.228125 0.153125 0.2234375 0.15625 0.221875
1 0.95625 0.334375 0.9625 0.3375 0.9765625 0.334375 0.9796875 0.3375 0.990625 0.3375 0.9953125 0.34375 0.9984375 0.359375 0.9984375 0.3984375 0.996875 0.4078125 0.99375 0.4125 0.990625 0.4125 0.984375 0.40625 0.98125 0.4109375 0.9796875 0.4234375 0.9765625 0.4265625 0.96875 0.4234375 0.9609375 0.415625 0.9453125 0.4140625 0.9328125 0.4140625 0.9296875 0.4203125 0.925 0.421875 0.921875 0.41875 0.921875 0.3875 0.925 0.378125 0.934375 0.3671875 0.9375 0.353125 0.94375 0.34375 0.95625 0.3359375
1 0.1875 0.2359375 0.1921875 0.2390625 0.1921875 0.2578125 0.1890625 0.2671875 0.18125 0.2671875 0.178125 0.2625 0.175 0.2625 0.18125 0.2375 0.1859375 0.2359375
1 0.803125 0.31875 0.80625 0.3171875 0.8390625 0.3171875 0.8421875 0.31875 0.8484375 0.334375 0.8484375 0.3640625 0.8421875 0.3765625 0.8265625 0.378125 0.821875 0.3875 0.81875 0.3890625 0.80625 0.3828125 0.790625 0.3828125 0.7875 0.3859375 0.78125 0.3859375 0.7765625 0.371875 0.778125 0.3703125 0.7765625 0.3671875 0.778125 0.353125 0.7859375 0.3453125 0.790625 0.334375 0.7953125 0.33125 0.796875 0.325 0.803125 0.3203125
1 0.25625 0.259375 0.2671875 0.2625 0.2765625 0.2625 0.2828125 0.265625 0.2875 0.278125 0.2875 0.2828125 0.2828125 0.2875 0.278125 0.2875 0.2734375 0.2828125 0.25625 0.28125 0.2484375 0.278125 0.24375 0.28125 0.240625 0.2765625 0.2375 0.2875 0.2359375 0.28125 0.2390625 0.2640625 0.24375 0.259375 0.2546875 0.259375
1 0.928125 0.3125 0.9390625 0.3140625 0.946875 0.31875 0.953125 0.3296875 0.953125 0.334375 0.946875 0.3375 0.9328125 0.3546875 0.93125 0.365625 0.9296875 0.3671875 0.9265625 0.365625 0.9265625 0.3484375 0.925 0.346875 0.9265625 0.3140625
1 0.259375 0.2484375 0.2625 0.25 0.2625 0.259375 0.246875 0.259375 0.2421875 0.253125 0.24375 0.2484375 0.2578125 0.2484375
1 0.9984375 0.3484375 0.990625 0.3359375 0.9765625 0.334375 0.9765625 0.3296875 0.984375 0.31875 0.9984375 0.315625 0.9984375 0.346875
3 0.4828125 0.3765625 0.4890625 0.3890625 0.4875 0.396875 0.4921875 0.4046875 0.4921875 0.4234375 0.490625 0.4265625 0.484375 0.428125 0.4796875 0.421875 0.4671875 0.4265625 0.459375 0.434375 0.45625 0.4328125 0.453125 0.4234375 0.453125 0.4015625 0.459375 0.4 0.4640625 0.403125 0.4734375 0.3984375 0.475 0.415625 0.48125 0.421875 0.484375 0.3984375 0.4765625 0.3859375 0.4765625 0.3796875 0.48125 0.3765625
4 0.7859375 0.3734375 0.7875 0.3671875 0.7984375 0.3703125 0.7984375 0.3734375 0.7953125 0.375 0.7875 0.3734375
4 0.9421875 0.3984375 0.953125 0.4 0.953125 0.40625 0.9421875 0.4078125 0.9359375 0.403125 0.9359375 0.4 0.940625 0.4
4 0.896875 0.8546875 0.9 0.8546875 0.9015625 0.8578125 0.9015625 0.896875 0.9046875 0.909375 0.9046875 0.915625 0.9 0.91875 0.89375 0.90625 0.8921875 0.875 0.89375 0.859375 0.896875 0.85625
4 0.3171875 0.31875 0.3203125 0.321875 0.3171875 0.325 0.3125 0.3234375 0.3125 0.3203125 0.315625 0.31875
4 0.8671875 0.3875 0.8703125 0.3890625 0.8703125 0.3953125 0.8578125 0.39375 0.85625 0.390625 0.8578125 0.3875 0.865625 0.3875