2 0.08515625 0.79375 0.1703125 0.275
1 0.3203125 0.31640625 0.0484375 0.0484375
1 0.846875 0.7171875 0.9078125 0.725 0.9375 0.734375 0.9609375 0.7484375 0.971875 0.7625 0.9984375 0.7890625 0.9984375 0.79375 0.99375 0.796875 0.9984375 0.8 0.9984375 0.8640625 0.996875 0.865625 0.9984375 0.871875 0.9984375 0.8921875 0.996875 0.89375 0.9984375 0.971875 0.9890625 0.971875 0.9796875 0.9671875 0.9515625 0.9609375 0.928125 0.9515625 0.896875 0.9453125 0.89375 0.9421875 0.884375 0.940625 0.8796875 0.9375 0.859375 0.9359375 0.85625 0.9328125 0.8421875 0.9453125 0.8359375 0.946875 0.8234375 0.9453125 0.815625 0.940625 0.8078125 0.93125 0.803125 0.9140625 0.7953125 0.9078125 0.7828125 0.903125 0.771875 0.8921875 0.759375 0.8640625 0.7578125 0.8265625 0.75625 0.825 0.7578125 0.803125 0.7640625 0.7890625 0.7640625 0.775 0.76875 0.753125 0.771875 0.7484375 0.7796875 0.74375 0.78125 0.7453125 0.7875 0.74375 0.8078125 0.71875 0.8453125 0.7171875
1 0.953125 0.3421875 0.953125 0.3390625 0.946875 0.33125 0.9484375 0.321875 0.946875 0.3 0.95 0.29375 0.959375 0.2875 0.978125 0.2890625 0.98125 0.2921875 0.9828125 0.303125 0.990625 0.3109375 0.990625 0.31875 0.9875 0.340625 0.9796875 0.3484375 0.975 0.3484375 0.9703125 0.34375 0.9578125 0.3453125 0.9546875 0.3421875
1 0.2671875 0.290625 0.2765625 0.29375 0.2828125 0.3 0.290625 0.3203125 0.290625 0.3359375 0.2828125 0.3390625 0.2640625 0.3390625 0.2625 0.340625 0.25 0.33125 0.246875 0.3203125 0.246875 0.3078125 0.253125 0.29375 0.265625 0.290625
1 0.9484375 0.2609375 0.953125 0.2640625 0.9578125 0.2734375 0.95625 0.284375 0.9484375 0.290625 0.9421875 0.2890625 0.928125 0.290625 0.9265625 0.2875 0.9265625 0.275 0.93125 0.2640625 0.9359375 0.2609375 0.946875 0.2609375
1 0.2171875 0.2734375 0.240625 0.271875 0.2453125 0.2765625 0.2515625 0.2890625 0.2515625 0.296875 0.2453125 0.3046875 0.24375 0.3171875 0.2359375 0.3171875 0.2296875 0.3203125 0.2171875 0.3171875 0.2140625 0.3140625 0.2140625 0.2859375 0.2171875 0.275
1 0.8703125 0.309375 0.8734375 0.3140625 0.875 0.325 0.8734375 0.3359375 0.8671875 0.3359375 0.8625 0.328125 0.85625 0.334375 0.8515625 0.346875 0.8515625 0.3578125 0.846875 0.3625 0.84375 0.3703125 0.8234375 0.3703125 0.821875 0.371875 0.8171875 0.371875 0.815625 0.3671875 0.815625 0.3484375 0.825 0.3234375 0.8328125 0.3140625 0.8421875 0.309375 0.86875 0.309375
1 0.896875 0.328125 0.8984375 0.3296875 0.9171875 0.3296875 0.921875 0.3375 0.9203125 0.3578125 0.9234375 0.3609375 0.925 0.36875 0.921875 0.384375 0.9125 0.3859375 0.90625 0.3953125 0.903125 0.3953125 0.8984375 0.390625 0.8890625 0.390625 0.8796875 0.3875 0.865625 0.3890625 0.8625 0.3875 0.8609375 0.3828125 0.8609375 0.365625 0.86875 0.34375 0.878125 0.3359375 0.8796875 0.3296875 0.8953125 0.328125
5 0.078125 0.4375 0.0796875 0.4390625 0.103125 0.4390625 0.1046875 0.4375 0.1234375 0.4390625 0.1265625 0.4375 0.1328125 0.4390625 0.1484375 0.45 0.1578125 0.4484375 0.1765625 0.45 0.1921875 0.4640625 0.19375 0.4953125 0.190625 0.5046875 0.184375 0.5109375 0.1796875 0.5125 0.1671875 0.503125 0.1578125 0.4921875 0.153125 0.475 0.1484375 0.471875 0.14375 0.471875 0.1375 0.4796875 0.1375 0.4859375 0.1265625 0.5109375 0.11875 0.51875 0.115625 0.534375 0.1078125 0.540625 0.0875 0.546875 0.08125 0.553125 0.075 0.5703125 0.059375 0.578125 0.053125 0.5765625 0.05 0.578125 0.0390625 0.5734375 0.0328125 0.5734375 0.0234375 0.56875 0.0140625 0.5578125 0 0.5515625 0 0.4828125 0.0078125 0.4796875 0.0234375 0.4796875 0.0328125 0.475 0.0390625 0.475 0.0421875 0.471875 0.0453125 0.4453125 0.0578125 0.4390625 0.0765625 0.4375
3 0.85625 0.459375 0.8609375 0.4609375 0.86875 0.4578125 0.8734375 0.459375 0.8734375 0.4890625 0.8765625 0.5015625 0.8765625 0.5125 0.8734375 0.5140625 0.86875 0.5078125 0.8640625 0.5078125 0.8515625 0.5265625 0.8484375 0.51875 0.8484375 0.5015625 0.8515625 0.490625 0.8515625 0.471875 0.85625 0.4609375
3 0.934375 0.4640625 0.9453125 0.4703125 0.9515625 0.46875 0.95625 0.4765625 0.953125 0.5125 0.946875 0.525 0.94375 0.5375 0.9421875 0.540625 0.9390625 0.540625 0.9375 0.5296875 0.9328125 0.525 0.93125 0.51875 0.934375 0.465625
3 0.1703125 0.5109375 0.18125 0.5171875 0.1875 0.5265625 0.1875 0.540625 0.1921875 0.5515625 0.1921875 0.565625 0.1859375 0.571875 0.18125 0.5734375 0.1734375 0.5734375 0.1703125 0.5703125 0.159375 0.571875 0.140625 0.5875 0.13125 0.5921875 0.1234375 0.5921875 0.1203125 0.5859375 0.125 0.5578125 0.1234375 0.5546875 0.125 0.546875 0.1203125 0.5390625 0.1203125 0.528125 0.1328125 0.5390625 0.1359375 0.5390625 0.14375 0.5546875 0.15 0.553125 0.15625 0.5453125 0.1578125 0.5375 0.1546875 0.525 0.15625 0.521875 0.1703125 0.5125
3 0.515625 0.5328125 0.5234375 0.5390625 0.521875 0.59375 0.51875 0.6015625 0.51875 0.6203125 0.515625 0.628125 0.5125 0.628125 0.509375 0.6171875 0.509375 0.6078125 0.50625 0.6015625 0.5046875 0.5484375 0.503125 0.546875 0.503125 0.5390625 0.509375 0.5328125 0.5140625 0.5328125
3 0.778125 0.3 0.78125 0.3 0.7828125 0.309375 0.7796875 0.3265625 0.771875 0.328125 0.771875 0.321875 0.76875 0.3171875 0.7703125 0.3046875 0.771875 0.303125 0.7765625 0.3046875 0.778125 0.3015625
3 0.8359375 0.403125 0.846875 0.40625 0.85 0.428125 0.8484375 0.4421875 0.8421875 0.4453125 0.8359375 0.453125 0.8296875 0.4515625 0.828125 0.4421875 0.8359375 0.4046875
3 0.8453125 0.3859375 0.8515625 0.390625 0.85 0.39375 0.8515625 0.396875 0.85 0.4265625 0.853125 0.4296875 0.8515625 0.43125 0.853125 0.4453125 0.85 0.446875 0.8453125 0.44375 0.8359375 0.453125 0.8296875 0.4515625 0.828125 0.440625 0.8359375 0.4046875 0.834375 0.39375 0.8390625 0.3859375 0.84375 0.3859375
4 0.88125 0.3734375 0.8875 0.375 0.8859375 0.38125 0.878125 0.38125 0.8734375 0.378125 0.875 0.3734375 0.8796875 0.3734375