1 0.8671875 0.3609375 0.875 0.3640625 0.8796875 0.36875 0.8875 0.384375 0.8875 0.4109375 0.8828125 0.43125 0.88125 0.4328125 0.8765625 0.4328125 0.8734375 0.4296875 0.8703125 0.43125 0.865625 0.4359375 0.859375 0.4515625 0.85625 0.4515625 0.8515625 0.4421875 0.8203125 0.4421875 0.8140625 0.453125 0.8109375 0.453125 0.809375 0.4421875 0.8109375 0.4 0.8171875 0.3953125 0.81875 0.3890625 0.8375 0.3640625 0.85 0.359375 0.865625 0.3609375
1 0.353125 0.328125 0.359375 0.3296875 0.365625 0.3359375 0.38125 0.36875 0.3859375 0.371875 0.3859375 0.375 0.3828125 0.3828125 0.375 0.3875 0.35625 0.3875 0.3484375 0.3921875 0.3421875 0.3921875 0.3375 0.3828125 0.3234375 0.3796875 0.321875 0.3765625 0.321875 0.3421875 0.328125 0.328125 0.3515625 0.328125
1 0.4671875 0.403125 0.484375 0.4171875 0.5 0.421875 0.503125 0.434375 0.503125 0.453125 0.4953125 0.4625 0.4953125 0.465625 0.490625 0.46875 0.48125 0.4640625 0.446875 0.4765625 0.44375 0.4875 0.4390625 0.49375 0.4359375 0.49375 0.428125 0.484375 0.4046875 0.4859375 0.39375 0.4796875 0.3859375 0.478125 0.384375 0.4765625 0.384375 0.44375 0.390625 0.4328125 0.3953125 0.4140625 0.409375 0.4046875 0.4328125 0.396875 0.45 0.396875 0.4625 0.4 0.465625 0.403125
1 0.96875 0.34375 0.9765625 0.3453125 0.98125 0.35 0.9859375 0.3578125 0.9875 0.365625 0.984375 0.4015625 0.975 0.403125 0.96875 0.4203125 0.9640625 0.4203125 0.9625 0.4125 0.959375 0.409375 0.953125 0.4109375 0.9484375 0.4078125 0.934375 0.40625 0.9265625 0.4078125 0.921875 0.41875 0.91875 0.41875 0.915625 0.409375 0.915625 0.3984375 0.9109375 0.3875 0.9125 0.3734375 0.9265625 0.3625 0.934375 0.35 0.9671875 0.34375
1 0.9296875 0.259375 0.9421875 0.2640625 0.94375 0.2875 0.91875 0.2875 0.9171875 0.2859375 0.9203125 0.2640625 0.928125 0.259375
1 0.1234375 0.45625 0.1375 0.459375 0.1609375 0.4734375 0.178125 0.478125 0.184375 0.4828125 0.1984375 0.4875 0.2015625 0.49375 0.2 0.503125 0.2015625 0.5234375 0.1953125 0.540625 0.190625 0.5453125 0.178125 0.5453125 0.1734375 0.540625 0.165625 0.540625 0.159375 0.5453125 0.140625 0.5484375 0.125 0.55625 0.1078125 0.5609375 0.1 0.56875 0.096875 0.5765625 0.090625 0.58125 0.08125 0.58125 0.075 0.5734375 0.0640625 0.5734375 0.0484375 0.5609375 0.0421875 0.540625 0.04375 0.50625 0.0484375 0.496875 0.0515625 0.4796875 0.0546875 0.4734375 0.0609375 0.46875 0.06875 0.4671875 0.084375 0.459375 0.0984375 0.4578125 0.103125 0.4546875 0.1203125 0.4546875 0.121875 0.45625
1 0.1890625 0.309375 0.203125 0.309375 0.2171875 0.3171875 0.2265625 0.3359375 0.225 0.3515625 0.2046875 0.35625 0.190625 0.35625 0.1796875 0.35 0.1765625 0.328125 0.1859375 0.3125 0.1890625 0.3109375
1 0.8859375 0.325 0.8953125 0.325 0.8984375 0.328125 0.903125 0.3484375 0.9046875 0.3625 0.9015625 0.371875 0.9015625 0.38125 0.896875 0.39375 0.890625 0.390625 0.8890625 0.384375 0.8765625 0.3671875 0.8625 0.3609375 0.8453125 0.359375 0.859375 0.3328125 0.8640625 0.328125 0.871875 0.3265625 0.884375 0.328125 0.8859375 0.3265625
1 0.85859375 0.33203125 0.0625 0.05625
1 0.940625 0.303125 0.946875 0.3046875 0.9515625 0.309375 0.9546875 0.3234375 0.953125 0.340625 0.9453125 0.3453125 0.909375 0.346875 0.9078125 0.3484375 0.9046875 0.3453125 0.90625 0.325 0.9171875 0.3171875 0.921875 0.309375 0.9296875 0.3046875 0.9390625 0.303125
1 0.9890625 0.2765625 0.9953125 0.278125 0.9984375 0.2828125 0.9984375 0.3171875 0.9953125 0.321875 0.9765625 0.3265625 0.9625 0.3265625 0.95625 0.3171875 0.9546875 0.3046875 0.9703125 0.2796875 0.9765625 0.2765625 0.9875 0.2765625
1 0.696875 0.4484375 0.7203125 0.459375 0.734375 0.4734375 0.7390625 0.48125 0.7515625 0.49375 0.7515625 0.5 0.7546875 0.50625 0.7703125 0.521875 0.7765625 0.525 0.7828125 0.5390625 0.7828125 0.5484375 0.7765625 0.559375 0.778125 0.5671875 0.7734375 0.5734375 0.7578125 0.58125 0.7203125 0.58125 0.7171875 0.5875 0.7140625 0.5890625 0.709375 0.5890625 0.7046875 0.5859375 0.7015625 0.578125 0.7 0.5625 0.6953125 0.5578125 0.6890625 0.55625 0.6609375 0.5375 0.6578125 0.5375 0.6515625 0.5453125 0.6484375 0.5453125 0.64375 0.540625 0.640625 0.528125 0.6375 0.503125 0.6390625 0.48125 0.653125 0.4546875 0.6609375 0.45 0.6734375 0.446875 0.6953125 0.4484375
1 0.8765625 0.275 0.88125 0.284375 0.8796875 0.3015625 0.8765625 0.303125 0.85625 0.3015625 0.8421875 0.3109375 0.8390625 0.30625 0.8390625 0.2875 0.8421875 0.2828125 0.8421875 0.275 0.8515625 0.26875 0.875 0.275
4 0.4 0.4546875 0.4015625 0.45625 0.4 0.4640625 0.396875 0.4640625 0.3953125 0.4609375 0.3953125 0.45625 0.3984375 0.4546875
4 0.8203125 0.4296875 0.834375 0.4296875 0.8390625 0.4328125 0.8390625 0.4359375 0.8234375 0.4359375 0.8203125 0.43125
4 0.0484375 0.55 0.053125 0.55 0.05625 0.5546875 0.05625 0.5609375 0.053125 0.5640625 0.046875 0.5578125 0.0484375 0.5515625
4 0.365625 0.378125 0.01328125 0.00625