1 0.94375 0.3 0.9734375 0.3 0.9796875 0.3125 0.9796875 0.325 0.975 0.328125 0.9671875 0.328125 0.95625 0.340625 0.953125 0.340625 0.946875 0.346875 0.9421875 0.35625 0.9390625 0.35625 0.934375 0.346875 0.93125 0.33125 0.928125 0.328125 0.928125 0.321875 0.9390625 0.3046875 0.94375 0.3015625
1 0.77109375 0.37578125 0.07109375 0.078125
1 0.7953125 0.759375 0.8296875 0.7671875 0.846875 0.76875 0.8515625 0.771875 0.8609375 0.771875 0.8640625 0.76875 0.871875 0.7671875 0.8765625 0.7625 0.9109375 0.759375 0.9140625 0.7625 0.94375 0.76875 0.9609375 0.78125 0.984375 0.79375 0.9984375 0.8046875 0.9984375 0.9953125 0.984375 0.9984375 0.9609375 0.9984375 0.959375 0.996875 0.9578125 0.9984375 0.9546875 0.996875 0.8890625 0.9984375 0.8828125 0.996875 0.8625 0.9828125 0.8453125 0.9671875 0.840625 0.965625 0.83125 0.9546875 0.8203125 0.9515625 0.8125 0.9453125 0.8078125 0.9453125 0.7984375 0.9375 0.7921875 0.9359375 0.7859375 0.928125 0.76875 0.9421875 0.7640625 0.9421875 0.759375 0.9390625 0.7578125 0.934375 0.7515625 0.928125 0.7453125 0.9125 0.7421875 0.884375 0.7390625 0.875 0.7265625 0.8609375 0.725 0.8296875 0.728125 0.8203125 0.7265625 0.815625 0.728125 0.803125 0.734375 0.7890625 0.7578125 0.76875 0.7734375 0.7609375 0.79375 0.759375
1 0.9515625 0.34375 0.95625 0.3421875 0.96875 0.3296875 0.9953125 0.3296875 0.9984375 0.3328125 0.9984375 0.39375 0.9921875 0.3953125 0.9859375 0.40625 0.98125 0.409375 0.975 0.4 0.9546875 0.4015625 0.946875 0.396875 0.940625 0.3984375 0.9375 0.396875 0.934375 0.390625 0.9328125 0.3796875 0.9359375 0.3671875 0.94375 0.359375 0.9515625 0.3453125
1 0.196875 0.93125 0.203125 0.934375 0.2078125 0.9515625 0.2140625 0.9609375 0.2203125 0.9671875 0.2234375 0.9671875 0.2296875 0.9765625 0.23125 0.99375 0.225 0.996875 0.209375 0.9984375 0.2046875 0.996875 0.19375 0.9984375 0 0.996875 0 0.9625 0.015625 0.9546875 0.0671875 0.9390625 0.084375 0.9375 0.0921875 0.934375 0.1234375 0.9328125 0.1375 0.928125 0.19375 0.9296875 0.1953125 0.93125
1 0.828125 0.3640625 0.8421875 0.3546875 0.878125 0.353125 0.8875 0.3734375 0.8875 0.3984375 0.884375 0.415625 0.8796875 0.421875 0.8765625 0.421875 0.875 0.4171875 0.871875 0.415625 0.85625 0.4296875 0.853125 0.4359375 0.8359375 0.428125 0.8328125 0.4296875 0.8140625 0.428125 0.8109375 0.4328125 0.8078125 0.4328125 0.803125 0.4171875 0.803125 0.3984375 0.8109375 0.384375 0.81875 0.378125 0.8203125 0.3734375 0.828125 0.365625
1 0.3 0.3046875 0.309375 0.3 0.3203125 0.3 0.325 0.296875 0.3421875 0.296875 0.3515625 0.309375 0.3546875 0.33125 0.353125 0.3375 0.33125 0.346875 0.3265625 0.346875 0.31875 0.3421875 0.3125 0.3421875 0.30625 0.3359375 0.3046875 0.3234375 0.3 0.315625 0.3 0.30625
1 0.8484375 0.3203125 0.8546875 0.325 0.859375 0.334375 0.859375 0.3515625 0.8484375 0.3515625 0.834375 0.35625 0.815625 0.3765625 0.8109375 0.3765625 0.80625 0.3671875 0.80625 0.3546875 0.803125 0.346875 0.80625 0.334375 0.821875 0.31875 0.8453125 0.31875 0.846875 0.3203125
1 0.9203125 0.328125 0.9265625 0.3328125 0.93125 0.3421875 0.9328125 0.3703125 0.9296875 0.3859375 0.9265625 0.3875 0.9203125 0.38125 0.915625 0.3859375 0.915625 0.390625 0.9109375 0.4 0.9078125 0.3984375 0.9046875 0.390625 0.890625 0.390625 0.8890625 0.371875 0.8828125 0.3609375 0.88125 0.35 0.89375 0.3296875 0.9109375 0.325 0.915625 0.325 0.91875 0.328125
3 0.9046875 0.2765625 0.90625 0.2859375 0.9015625 0.2953125 0.8984375 0.29375 0.8953125 0.2796875 0.8984375 0.2765625 0.903125 0.2765625
4 0.8140625 0.4140625 0.828125 0.415625 0.8265625 0.421875 0.8171875 0.421875 0.8140625 0.4203125 0.8140625 0.415625
4 0.7515625 0.3953125 0.7578125 0.396875 0.759375 0.3984375 0.7578125 0.4015625 0.74375 0.4 0.7421875 0.396875 0.74375 0.39375 0.75 0.3953125
4 0.8921875 0.375 0.896875 0.375 0.9 0.378125 0.9 0.3859375 0.89375 0.3859375 0.890625 0.38125 0.8921875 0.3765625