3 0.228125 0.6125 0.234375 0.6234375 0.234375 0.6390625 0.23125 0.646875 0.23125 0.65625 0.2359375 0.675 0.234375 0.6890625 0.2328125 0.690625 0.2296875 0.684375 0.225 0.68125 0.21875 0.7015625 0.2078125 0.7125 0.19375 0.7109375 0.190625 0.703125 0.190625 0.6859375 0.1984375 0.66875 0.2109375 0.6625 0.2078125 0.6515625 0.209375 0.6328125 0.221875 0.6140625 0.2265625 0.6125
3 0.06875 0.421875 0.075 0.4359375 0.075 0.4515625 0.0734375 0.453125 0.075 0.4546875 0.075 0.471875 0.0734375 0.4828125 0.0703125 0.4859375 0.065625 0.4734375 0.0640625 0.471875 0.0578125 0.4734375 0.0546875 0.4703125 0.0578125 0.4234375 0.0640625 0.4203125 0.0671875 0.421875
3 0.8375 0.3109375 0.8375 0.33125 0.834375 0.3359375 0.83125 0.3390625 0.828125 0.3375 0.8265625 0.3171875 0.83125 0.3171875 0.8359375 0.3125
1 0.725 0.2640625 0.728125 0.278125 0.73125 0.2828125 0.7171875 0.2953125 0.7125 0.309375 0.70625 0.3171875 0.7015625 0.315625 0.6953125 0.3171875 0.6921875 0.3140625 0.6875 0.296875 0.6875 0.2875 0.6921875 0.2828125 0.6953125 0.2703125 0.7 0.2640625 0.7046875 0.2625 0.721875 0.2625 0.7234375 0.2640625
1 0.0328125 0.271875 0.0328125 0.2765625 0.0265625 0.28125 0.025 0.2875 0.0140625 0.284375 0.0109375 0.28125 0.0109375 0.2734375 0.0140625 0.26875 0.028125 0.26875 0.03125 0.271875
1 0.078125 0.31875 0.090625 0.321875 0.1 0.3296875 0.1125 0.3546875 0.1140625 0.3703125 0.1109375 0.38125 0.1046875 0.378125 0.078125 0.378125 0.0734375 0.3828125 0.0703125 0.38125 0.0671875 0.3734375 0.059375 0.371875 0.05625 0.3671875 0.0546875 0.3421875 0.0609375 0.3234375 0.06875 0.31875 0.0765625 0.31875
1 0.06875 0.284375 0.0703125 0.2875 0.0671875 0.296875 0.0671875 0.3078125 0.0625 0.30625 0.0578125 0.2984375 0.059375 0.2875 0.0625 0.284375 0.0671875 0.284375
1 0.0546875 0.303125 0.0640625 0.3109375 0.065625 0.31875 0.059375 0.3234375 0.05625 0.3296875 0.05625 0.3359375 0.053125 0.3421875 0.0546875 0.346875 0.053125 0.35625 0.0453125 0.3484375 0.0390625 0.3234375 0.028125 0.309375 0.028125 0.30625 0.03125 0.3046875 0.053125 0.303125
1 0.7515625 0.2578125 0.75625 0.2671875 0.7453125 0.275 0.7421875 0.2828125 0.73125 0.28125 0.728125 0.2609375 0.7328125 0.2578125 0.75 0.2578125
1 0.7734375 0.246875 0.778125 0.2546875 0.7765625 0.2703125 0.75625 0.2671875 0.75625 0.2625 0.753125 0.2578125 0.75625 0.2484375 0.76875 0.2453125 0.771875 0.246875
1 0.8203125 0.2671875 0.8203125 0.246875 0.8234375 0.2390625 0.828125 0.234375 0.84375 0.2359375 0.8453125 0.2625 0.84375 0.265625 0.821875 0.2671875
1 0.01875 0.3078125 0.025 0.309375 0.0359375 0.3203125 0.0390625 0.334375 0.05 0.3578125 0.0515625 0.3828125 0.046875 0.3921875 0.015625 0.3890625 0.0109375 0.390625 0.0078125 0.396875 0.0046875 0.3984375 0.0015625 0.396875 0 0.309375 0.0171875 0.3078125
1 0.0515625 0.2734375 0.05625 0.275 0.0625 0.2828125 0.05625 0.2921875 0.0546875 0.3 0.05 0.3 0.0359375 0.2859375 0.0359375 0.275 0.05 0.2734375
1 0.6796875 0.284375 0.6875 0.2984375 0.690625 0.309375 0.6890625 0.3328125 0.6875 0.3359375 0.68125 0.3359375 0.6734375 0.328125 0.66875 0.3390625 0.6640625 0.3421875 0.6546875 0.340625 0.6421875 0.3421875 0.640625 0.340625 0.640625 0.3234375 0.64375 0.3140625 0.6609375 0.2890625 0.6671875 0.284375 0.678125 0.284375
1 0.7890625 0.234375 0.803125 0.2328125 0.80625 0.234375 0.8078125 0.2390625 0.80625 0.2703125 0.7796875 0.271875 0.778125 0.2703125 0.778125 0.2515625 0.7828125 0.240625 0.7890625 0.2359375
1 0.746875 0.2859375 0.753125 0.2921875 0.753125 0.309375 0.7546875 0.3109375 0.753125 0.3234375 0.75 0.3328125 0.74375 0.3328125 0.7375 0.3390625 0.715625 0.3375 0.7125 0.31875 0.7203125 0.29375 0.725 0.2890625 0.7328125 0.2859375 0.7390625 0.284375 0.7453125 0.2859375
1 0.184375 0.8171875 0.196875 0.825 0.20625 0.834375 0.2171875 0.859375 0.2203125 0.878125 0.2203125 0.915625 0.2125 0.9328125 0.203125 0.946875 0.2015625 0.9640625 0.1953125 0.9828125 0.1953125 0.9953125 0.1828125 0.9984375 0.15 0.9984375 0.1484375 0.996875 0.14375 0.9984375 0.0125 0.9984375 0 0.9953125 0 0.825 0.0015625 0.8234375 0.0296875 0.825 0.034375 0.828125 0.046875 0.8296875 0.05 0.8328125 0.065625 0.834375 0.0828125 0.825 0.1203125 0.8171875 0.1390625 0.809375 0.1546875 0.8078125 0.175 0.8125 0.1828125 0.8171875
1 0.771875 0.2703125 0.775 0.271875 0.778125 0.278125 0.778125 0.296875 0.775 0.3078125 0.765625 0.315625 0.75625 0.3125 0.7546875 0.296875 0.7515625 0.2890625 0.746875 0.284375 0.746875 0.278125 0.75 0.2734375 0.7578125 0.26875 0.7703125 0.2703125
1 0 0.278125 0.009375 0.2796875 0.0140625 0.2875 0.0109375 0.2953125 0 0.2921875 0 0.2796875
1 0 0.2890625 0.009375 0.2921875 0.015625 0.303125 0.0109375 0.30625 0 0.30625 0 0.290625
1 0.096875 0.2828125 0.1046875 0.2859375 0.109375 0.290625 0.11875 0.309375 0.1125 0.3203125 0.1109375 0.33125 0.1078125 0.3359375 0.1046875 0.3359375 0.103125 0.33125 0.09375 0.321875 0.0765625 0.31875 0.0703125 0.315625 0.06875 0.3109375 0.06875 0.296875 0.071875 0.2859375 0.075 0.2828125 0.0953125 0.2828125
1 0.14375 0.3078125 0.15 0.309375 0.1640625 0.3234375 0.1703125 0.3421875 0.1703125 0.359375 0.1671875 0.3640625 0.1390625 0.3609375 0.134375 0.365625 0.1296875 0.3625 0.1265625 0.35625 0.1171875 0.35625 0.1125 0.3515625 0.1109375 0.3359375 0.1140625 0.321875 0.121875 0.309375 0.1421875 0.3078125
1 0.0125 0.2875 0.040625 0.2921875 0.0484375 0.3 0.04375 0.303125 0.03125 0.303125 0.028125 0.30625 0.021875 0.30625 0.0140625 0.3015625 0.0125 0.2890625
4 0.153125 0.35 0.159375 0.3515625 0.159375 0.35625 0.15625 0.3578125 0.153125 0.3578125 0.153125 0.3515625
4 0.021875 0.3734375 0.0359375 0.3734375 0.0359375 0.3765625 0.0328125 0.378125 0.021875 0.378125 0.0203125 0.3765625 0.021875 0.375
4 0.1046875 0.3671875 0.103125 0.371875 0.09375 0.3703125 0.0984375 0.3671875 0.103125 0.3671875