1 0.1859375 0.2453125 0.1890625 0.246875 0.1890625 0.25625 0.1859375 0.2609375 0.1828125 0.28125 0.1765625 0.28125 0.1703125 0.275 0.16875 0.2578125 0.1703125 0.25 0.175 0.24375 0.184375 0.2453125
1 0.334375 0.284375 0.3546875 0.315625 0.3578125 0.321875 0.359375 0.334375 0.3546875 0.3421875 0.3390625 0.340625 0.3296875 0.3453125 0.3265625 0.3453125 0.321875 0.3359375 0.3109375 0.3375 0.3078125 0.309375 0.3125 0.29375 0.3171875 0.2859375 0.3203125 0.2828125 0.3328125 0.284375
1 0.8109375 0.740625 0.8765625 0.7484375 0.928125 0.7640625 0.9609375 0.7828125 0.9953125 0.8125 0.9984375 0.8171875 0.9984375 0.896875 0.9953125 0.9078125 0.996875 0.94375 0.9984375 0.9453125 0.9984375 0.996875 0.9921875 0.9984375 0.9875 0.996875 0.9859375 0.9984375 0.98125 0.996875 0.8671875 0.9984375 0.8421875 0.9953125 0.828125 0.9890625 0.825 0.9953125 0.8203125 0.9984375 0.7765625 0.996875 0.7734375 0.99375 0.771875 0.984375 0.7640625 0.971875 0.7578125 0.953125 0.7453125 0.934375 0.7390625 0.91875 0.7375 0.90625 0.7390625 0.903125 0.7375 0.896875 0.7390625 0.846875 0.7515625 0.8 0.759375 0.784375 0.775 0.7640625 0.775 0.7546875 0.778125 0.7453125 0.7828125 0.740625 0.796875 0.7390625 0.809375 0.740625
1 0.24375 0.271875 0.2515625 0.275 0.2546875 0.28125 0.2453125 0.2890625 0.240625 0.3171875 0.2359375 0.3171875 0.2265625 0.3109375 0.225 0.2921875 0.228125 0.2734375 0.2421875 0.271875
1 0.2140625 0.259375 0.2234375 0.2640625 0.2265625 0.26875 0.2234375 0.296875 0.21875 0.3015625 0.20625 0.3015625 0.2015625 0.296875 0.203125 0.2734375 0.20625 0.265625 0.2125 0.2609375
1 0.203125 0.23125 0.20625 0.234375 0.1984375 0.2375 0.196875 0.246875 0.1890625 0.246875 0.184375 0.2421875 0.1828125 0.234375 0.1859375 0.2296875 0.2015625 0.23125
1 0.25625 0.284375 0.2734375 0.2890625 0.2890625 0.3140625 0.2890625 0.3359375 0.2625 0.340625 0.253125 0.33125 0.2484375 0.33125 0.24375 0.321875 0.2453125 0.2921875 0.2484375 0.2875 0.2546875 0.284375
1 0.9171875 0.2578125 0.91875 0.259375 0.925 0.2578125 0.934375 0.2734375 0.93125 0.29375 0.91875 0.2984375 0.9171875 0.2890625 0.9140625 0.284375 0.90625 0.2890625 0.9046875 0.2953125 0.9 0.2953125 0.8984375 0.2921875 0.9 0.271875 0.903125 0.2609375 0.915625 0.2578125
1 0.1671875 0.2296875 0.178125 0.234375 0.18125 0.2390625 0.18125 0.2421875 0.1765625 0.2421875 0.1703125 0.2484375 0.16875 0.2578125 0.1640625 0.2640625 0.1546875 0.25625 0.153125 0.2390625 0.1671875 0.23125
1 0.9875 0.3171875 0.9984375 0.31875 0.9984375 0.3953125 0.9859375 0.39375 0.9515625 0.3953125 0.95 0.3859375 0.9515625 0.3640625 0.9625 0.34375 0.965625 0.3328125 0.9734375 0.3234375 0.98125 0.31875 0.9859375 0.31875
1 0.9796875 0.29375 0.9859375 0.3 0.9859375 0.3125 0.984375 0.315625 0.971875 0.321875 0.9640625 0.3328125 0.9625 0.3328125 0.9625 0.3234375 0.95625 0.315625 0.95 0.31875 0.946875 0.33125 0.94375 0.3234375 0.94375 0.315625 0.953125 0.296875 0.9609375 0.29375 0.978125 0.29375
1 0.2078125 0.234375 0.2109375 0.2375 0.2203125 0.2390625 0.225 0.24375 0.225 0.2484375 0.2203125 0.2578125 0.2125 0.2578125 0.2078125 0.2515625 0.1984375 0.2453125 0.2 0.2359375 0.20625 0.234375
1 0.2421875 0.25 0.246875 0.2546875 0.246875 0.2578125 0.2421875 0.26875 0.234375 0.271875 0.2265625 0.265625 0.2203125 0.2546875 0.2265625 0.246875 0.234375 0.246875 0.240625 0.25
1 0.1640625 0.4625 0.1890625 0.475 0.2046875 0.4765625 0.2296875 0.4875 0.2421875 0.5015625 0.24375 0.5078125 0.2421875 0.5296875 0.2328125 0.5390625 0.2265625 0.5515625 0.2140625 0.553125 0.2078125 0.5484375 0.196875 0.55 0.1578125 0.565625 0.1484375 0.5671875 0.1453125 0.5703125 0.1359375 0.571875 0.1265625 0.5859375 0.115625 0.5953125 0.109375 0.5953125 0.1015625 0.5859375 0.084375 0.5828125 0.0640625 0.5703125 0.059375 0.540625 0.0625 0.5234375 0.0734375 0.50625 0.0796875 0.4875 0.084375 0.48125 0.109375 0.46875 0.121875 0.4671875 0.1265625 0.4640625 0.14375 0.4609375 0.1625 0.4625
1 0.921875 0.3078125 0.9359375 0.3109375 0.9390625 0.3140625 0.94375 0.328125 0.94375 0.346875 0.9390625 0.3703125 0.934375 0.3703125 0.93125 0.3640625 0.9265625 0.378125 0.9234375 0.378125 0.91875 0.371875 0.90625 0.3703125 0.8921875 0.3703125 0.8875 0.3765625 0.8828125 0.3765625 0.88125 0.3734375 0.88125 0.3546875 0.884375 0.3421875 0.89375 0.33125 0.9015625 0.3140625 0.9078125 0.309375 0.9203125 0.3078125
1 0.903125 0.2984375 0.90625 0.303125 0.90625 0.3078125 0.89375 0.3234375 0.8875 0.3375 0.8796875 0.34375 0.8796875 0.328125 0.86875 0.3109375 0.8796875 0.2984375 0.8859375 0.296875 0.9015625 0.2984375
1 0 0.7296875 0.0125 0.7296875 0.015625 0.7328125 0.0234375 0.734375 0.034375 0.7421875 0.0515625 0.75 0.065625 0.7625 0.0765625 0.7671875 0.13125 0.7671875 0.140625 0.7625 0.14375 0.76875 0.1546875 0.771875 0.1640625 0.7828125 0.178125 0.8125 0.1828125 0.828125 0.184375 0.84375 0.1828125 0.8921875 0.175 0.921875 0.1640625 0.9359375 0.1609375 0.94375 0.128125 0.9734375 0.1265625 0.9875 0.121875 0.996875 0.11875 0.9984375 0.1015625 0.9984375 0.1 0.996875 0.05625 0.9984375 0.05 0.9953125 0.0375 0.996875 0.028125 0.99375 0.021875 0.996875 0.003125 0.9953125 0 0.9921875 0 0.73125
1 0.9734375 0.2734375 0.9765625 0.275 0.978125 0.2859375 0.9734375 0.290625 0.953125 0.2953125 0.9484375 0.3 0.94375 0.3109375 0.940625 0.3078125 0.940625 0.296875 0.9453125 0.2796875 0.9546875 0.2734375 0.971875 0.2734375
1 0.8375 0.271875 0.8421875 0.2765625 0.8453125 0.284375 0.846875 0.30625 0.8359375 0.3109375 0.83125 0.315625 0.81875 0.309375 0.8140625 0.309375 0.80625 0.315625 0.8015625 0.296875 0.8046875 0.2828125 0.8125 0.271875 0.8359375 0.271875
1 0.996875 0.2796875 0.9984375 0.28125 0.9984375 0.309375 0.996875 0.3109375 0.9875 0.3109375 0.9859375 0.3 0.9796875 0.290625 0.984375 0.2828125 0.9953125 0.2796875
1 0.2828125 0.2625 0.2984375 0.2671875 0.303125 0.2734375 0.3046875 0.28125 0.3109375 0.2875 0.3078125 0.309375 0.3046875 0.3140625 0.2984375 0.315625 0.2921875 0.315625 0.2859375 0.309375 0.2796875 0.29375 0.26875 0.2828125 0.2734375 0.265625 0.28125 0.2625
1 0.865625 0.3125 0.8765625 0.325 0.878125 0.34375 0.8734375 0.3609375 0.8625 0.3578125 0.8578125 0.3625 0.85625 0.3703125 0.853125 0.3703125 0.85 0.365625 0.8453125 0.3640625 0.828125 0.3640625 0.8234375 0.3671875 0.8171875 0.3671875 0.815625 0.3546875 0.8171875 0.34375 0.8328125 0.3171875 0.840625 0.3125 0.8640625 0.3125
1 0.2484375 0.2578125 0.25 0.259375 0.265625 0.2578125 0.271875 0.2625 0.26875 0.28125 0.2640625 0.284375 0.2578125 0.2828125 0.2546875 0.275 0.24375 0.26875 0.24375 0.2640625 0.246875 0.259375
1 0.209375 0.2546875 0.2109375 0.2609375 0.2046875 0.2671875 0.1984375 0.2859375 0.1921875 0.290625 0.1859375 0.2828125 0.184375 0.2765625 0.1859375 0.259375 0.1921875 0.25 0.203125 0.25 0.2078125 0.2546875
3 0.6046875 0.5140625 0.609375 0.5140625 0.6140625 0.51875 0.6140625 0.5359375 0.61875 0.55 0.61875 0.571875 0.625 0.584375 0.628125 0.5828125 0.63125 0.571875 0.6328125 0.5484375 0.6296875 0.54375 0.634375 0.5328125 0.6421875 0.5328125 0.6421875 0.553125 0.6390625 0.559375 0.640625 0.5765625 0.6328125 0.596875 0.628125 0.6015625 0.6125 0.596875 0.609375 0.6 0.6078125 0.6109375 0.603125 0.621875 0.5984375 0.6265625 0.59375 0.6203125 0.5921875 0.603125 0.5953125 0.5859375 0.6015625 0.5734375 0.5984375 0.5578125 0.6 0.55625 0.5984375 0.5171875 0.6015625 0.51875 0.6046875 0.515625
3 0.4078125 0.340625 0.4109375 0.3640625 0.4109375 0.3828125 0.4078125 0.384375 0.396875 0.378125 0.3984375 0.3484375 0.4 0.34375 0.40625 0.340625
3 0.359375 0.3625 0.3625 0.3625 0.365625 0.36875 0.3734375 0.375 0.3828125 0.3921875 0.3828125 0.4015625 0.3796875 0.40625 0.3671875 0.396875 0.3625 0.396875 0.35625 0.4015625 0.353125 0.3984375 0.3515625 0.384375 0.3578125 0.375 0.359375 0.3640625
4 0.9640625 0.3828125 0.965625 0.378125 0.978125 0.3796875 0.9765625 0.384375 0.965625 0.3828125
4 0.6015625 0.5765625 0.603125 0.5796875 0.6 0.5859375 0.5953125 0.584375 0.6 0.578125
4 0.18125 0.8625 0.00859375 0.04140625
4 0.890625 0.359375 0.9046875 0.359375 0.9078125 0.3625 0.9046875 0.365625 0.8953125 0.365625 0.890625 0.3609375
4 0.0625 0.559375 0.06875 0.559375 0.0703125 0.5640625 0.0703125 0.5703125 0.0640625 0.571875 0.0625 0.5609375