3 0.25625 0.5265625 0.2609375 0.5296875 0.2640625 0.528125 0.2609375 0.534375 0.2640625 0.546875 0.2625 0.5625 0.2671875 0.5828125 0.2671875 0.6109375 0.2640625 0.6171875 0.2609375 0.6171875 0.2578125 0.6125 0.253125 0.590625 0.246875 0.5875 0.2375 0.5921875 0.23125 0.578125 0.2421875 0.571875 0.2421875 0.546875 0.2375 0.5421875 0.25 0.528125 0.2546875 0.5265625
3 0.021875 0.265625 0.0265625 0.2703125 0.025 0.28125 0.0203125 0.2796875 0.01875 0.2765625 0.01875 0.2671875 0.0203125 0.2671875
3 0.0484375 0.378125 0.0515625 0.39375 0.0515625 0.421875 0.0484375 0.4265625 0.0453125 0.41875 0.0421875 0.415625 0.0375 0.415625 0.034375 0.40625 0.034375 0.4015625 0.040625 0.39375 0.040625 0.3828125 0.0421875 0.3796875 0.046875 0.378125
3 0.80234375 0.34921875 0.01796875 0.0359375
1 0.690625 0.3390625 0.6984375 0.3421875 0.7046875 0.3484375 0.7078125 0.3484375 0.7265625 0.3671875 0.7296875 0.38125 0.7234375 0.396875 0.7171875 0.396875 0.7125 0.3921875 0.7015625 0.3953125 0.6875 0.3953125 0.6796875 0.40625 0.6703125 0.396875 0.6671875 0.3953125 0.6609375 0.396875 0.653125 0.3890625 0.6515625 0.371875 0.65625 0.3515625 0.6609375 0.3453125 0.678125 0.3390625 0.6890625 0.3390625
1 0.81875 0.234375 0.8265625 0.23125 0.8359375 0.2328125 0.8375 0.2421875 0.8359375 0.2578125 0.81875 0.259375 0.815625 0.2546875 0.815625 0.24375 0.81875 0.2359375
1 0.66640625 0.315625 0.05234375 0.0546875
1 0.7671875 0.271875 0.771875 0.2765625 0.7734375 0.3078125 0.7703125 0.3125 0.7609375 0.3171875 0.75625 0.315625 0.753125 0.290625 0.74375 0.2828125 0.74375 0.2796875 0.75 0.2734375 0.765625 0.271875
1 0.13125 0.3703125 0.146875 0.3796875 0.153125 0.3875 0.159375 0.4015625 0.1640625 0.4046875 0.1625 0.4125 0.1703125 0.4359375 0.1734375 0.4671875 0.1703125 0.471875 0.1640625 0.4703125 0.159375 0.465625 0.1390625 0.4671875 0.1296875 0.4703125 0.1234375 0.478125 0.1171875 0.4765625 0.1140625 0.4703125 0.1125 0.4546875 0.109375 0.4515625 0.1015625 0.45625 0.0953125 0.45625 0.0921875 0.453125 0.09375 0.39375 0.096875 0.3828125 0.096875 0.3734375 0.1015625 0.36875 0.128125 0.36875 0.1296875 0.3703125
1 0.721875 0.2640625 0.7234375 0.265625 0.721875 0.2875 0.70625 0.315625 0.696875 0.315625 0.690625 0.3109375 0.6875 0.2890625 0.69375 0.2828125 0.696875 0.2703125 0.7 0.2671875 0.70625 0.2640625 0.7203125 0.2640625
1 0.059375 0.2796875 0.0828125 0.278125 0.090625 0.2828125 0.09375 0.290625 0.09375 0.3015625 0.0796875 0.2984375 0.059375 0.2984375 0.0578125 0.296875 0.059375 0.28125
1 0.840625 0.225 0.8484375 0.2234375 0.846875 0.2515625 0.8390625 0.2515625 0.8375 0.246875 0.8375 0.23125 0.840625 0.2265625
1 0 0.3125 0.009375 0.3125 0.0234375 0.3171875 0.028125 0.321875 0.034375 0.3375 0.03125 0.34375 0.0328125 0.35625 0.028125 0.3828125 0.0015625 0.38125 0 0.3796875 0 0.3140625
1 0.5640625 0.528125 0.565625 0.5296875 0.56875 0.528125 0.584375 0.5296875 0.6109375 0.5390625 0.6546875 0.5640625 0.675 0.5828125 0.6921875 0.6046875 0.7078125 0.63125 0.73125 0.6546875 0.7390625 0.6671875 0.7421875 0.678125 0.74375 0.70625 0.7390625 0.7265625 0.7265625 0.7390625 0.715625 0.7375 0.70625 0.725 0.6765625 0.696875 0.64375 0.68125 0.6265625 0.6765625 0.6234375 0.6734375 0.6015625 0.6703125 0.59375 0.6671875 0.58125 0.6671875 0.575 0.671875 0.5625 0.6734375 0.559375 0.68125 0.5515625 0.684375 0.5421875 0.6796875 0.5375 0.6703125 0.534375 0.653125 0.525 0.640625 0.521875 0.63125 0.5234375 0.5828125 0.525 0.575 0.5453125 0.534375 0.5625 0.528125
1 0.8234375 0.29375 0.83125 0.3 0.8375 0.3109375 0.8359375 0.340625 0.828125 0.34375 0.8234375 0.3484375 0.8125 0.3453125 0.80625 0.3328125 0.7953125 0.3328125 0.7921875 0.3359375 0.7921875 0.321875 0.8015625 0.3 0.80625 0.296875 0.821875 0.29375
1 0.796875 0.234375 0.796875 0.2453125 0.78125 0.2609375 0.7765625 0.2609375 0.7765625 0.253125 0.7734375 0.2484375 0.775 0.2421875 0.78125 0.2375 0.7953125 0.234375
1 0.7734375 0.2484375 0.7765625 0.25625 0.7703125 0.26875 0.765625 0.271875 0.7546875 0.26875 0.753125 0.2546875 0.759375 0.246875 0.771875 0.2484375
1 0.7921875 0.234375 0.7984375 0.2296875 0.8125 0.2296875 0.815625 0.2375 0.8140625 0.2484375 0.8078125 0.2484375 0.803125 0.246875 0.7953125 0.2359375 0.7921875 0.2359375
1 0.20625 0.371875 0.2078125 0.3734375 0.209375 0.371875 0.225 0.371875 0.2359375 0.375 0.2421875 0.3796875 0.2515625 0.39375 0.265625 0.4234375 0.2671875 0.446875 0.2640625 0.45625 0.2328125 0.45625 0.2171875 0.4640625 0.2078125 0.446875 0.1953125 0.440625 0.1890625 0.4453125 0.184375 0.4421875 0.18125 0.415625 0.1859375 0.384375 0.1890625 0.378125 0.2046875 0.3734375
1 0.784375 0.259375 0.790625 0.265625 0.796875 0.2828125 0.7953125 0.2953125 0.7859375 0.303125 0.775 0.3 0.771875 0.26875 0.775 0.2640625 0.7828125 0.2609375
1 0.8015625 0.246875 0.80625 0.25 0.809375 0.2484375 0.8140625 0.25 0.815625 0.2796875 0.8125 0.2875 0.80625 0.2875 0.8046875 0.290625 0.8 0.2921875 0.796875 0.2859375 0.796875 0.2796875 0.79375 0.2765625 0.79375 0.26875 0.7890625 0.2625 0.7890625 0.25625 0.7921875 0.2515625 0.8 0.246875
1 0.0140625 0.3109375 0.0140625 0.303125 0.0203125 0.29375 0.0234375 0.2921875 0.0421875 0.29375 0.0484375 0.3 0.0515625 0.3078125 0.0484375 0.340625 0.040625 0.340625 0.034375 0.3328125 0.034375 0.328125 0.03125 0.3234375 0.021875 0.3140625 0.015625 0.3109375
1 0.74140625 0.27109375 0.0296875 0.02890625
1 0 0.271875 0.0078125 0.271875 0.0125 0.275 0.015625 0.284375 0.015625 0.2953125 0.0125 0.30625 0.0015625 0.3078125 0 0.30625 0 0.2734375
1 0.75 0.2875 0.753125 0.2921875 0.7546875 0.3015625 0.7546875 0.3203125 0.75 0.3296875 0.7453125 0.33125 0.7375 0.340625 0.7234375 0.3375 0.7109375 0.3375 0.709375 0.3359375 0.709375 0.3171875 0.71875 0.296875 0.7234375 0.2921875 0.7296875 0.2875 0.740625 0.284375 0.7453125 0.284375 0.7484375 0.2875
1 0.5875 0.6703125 0.6015625 0.671875 0.61875 0.678125 0.6265625 0.678125 0.6328125 0.6828125 0.653125 0.6890625 0.6640625 0.696875 0.68125 0.7046875 0.6890625 0.715625 0.703125 0.728125 0.7234375 0.7515625 0.7453125 0.7875 0.75625 0.8015625 0.778125 0.81875 0.7875 0.828125 0.79375 0.840625 0.80625 0.85 0.81875 0.86875 0.8234375 0.8796875 0.8265625 0.9625 0.803125 0.99375 0.7984375 0.996875 0.7796875 0.996875 0.778125 0.9984375 0.7765625 0.996875 0.690625 0.9984375 0.684375 0.9953125 0.6828125 0.9921875 0.6828125 0.9796875 0.6796875 0.971875 0.6703125 0.9671875 0.6515625 0.9515625 0.6359375 0.9359375 0.61875 0.9140625 0.6015625 0.8984375 0.5859375 0.8875 0.5671875 0.878125 0.55625 0.8875 0.5484375 0.8875 0.5375 0.878125 0.5296875 0.859375 0.528125 0.8390625 0.5265625 0.834375 0.5203125 0.828125 0.5171875 0.8171875 0.5171875 0.778125 0.5203125 0.7640625 0.5203125 0.7453125 0.5421875 0.7109375 0.5453125 0.7 0.5515625 0.6890625 0.5625 0.6828125 0.565625 0.678125 0.578125 0.671875 0.5859375 0.671875
1 0.059375 0.3 0.0609375 0.3015625 0.0796875 0.3 0.0859375 0.303125 0.0921875 0.303125 0.0984375 0.3078125 0.1 0.315625 0.1109375 0.3375 0.1125 0.365625 0.1109375 0.3671875 0.084375 0.365625 0.0734375 0.375 0.0640625 0.365625 0.0546875 0.3609375 0.0515625 0.3453125 0.0515625 0.31875 0.0546875 0.303125 0.0578125 0.3015625
4 0.146875 0.453125 0.15625 0.45 0.1640625 0.45 0.165625 0.453125 0.1640625 0.4578125 0.1546875 0.459375 0.146875 0.459375 0.146875 0.4546875
4 0.096875 0.35625 0.01484375 0.00703125
4 0.2421875 0.44375 0.25 0.4421875 0.253125 0.4390625 0.2578125 0.4390625 0.259375 0.44375 0.2578125 0.4484375 0.25 0.45 0.240625 0.45 0.2421875 0.4453125
4 0.8234375 0.9328125 0.8265625 0.9484375 0.825 0.9625 0.8109375 0.9796875 0.8109375 0.9828125 0.8015625 0.9953125 0.7984375 0.996875 0.79375 0.9953125 0.79375 0.9828125 0.796875 0.975 0.7984375 0.9609375 0.8015625 0.9546875 0.8125 0.9453125 0.8125 0.9421875 0.821875 0.934375
4 0.7390625 0.7125 0.740625 0.71875 0.7375 0.7265625 0.7234375 0.7359375 0.721875 0.7328125 0.721875 0.725 0.734375 0.7140625 0.7375 0.7140625
4 0.7953125 0.3375 0.8 0.3375 0.7984375 0.346875 0.79375 0.3453125 0.7953125 0.3390625
4 0.04375 0.3296875 0.0125 0.00703125
4 0.02265625 0.371875 0.01328125 0.00859375
4 0.8234375 0.9359375 0.825 0.946875 0.821875 0.9578125 0.8140625 0.9703125 0.80625 0.978125 0.8015625 0.9796875 0.7984375 0.978125 0.8 0.9609375 0.8125 0.94375 0.821875 0.9359375