1 0.0234375 0.278125 0.0234375 0.02421875
1 0.0953125 0.2875 0.1 0.290625 0.1 0.2953125 0.090625 0.303125 0.090625 0.3078125 0.0796875 0.3109375 0.06875 0.30625 0.065625 0.3015625 0.065625 0.2953125 0.0734375 0.2875 0.09375 0.2875
1 0.4890625 0.3484375 0.490625 0.35 0.50625 0.35 0.5140625 0.359375 0.5203125 0.39375 0.51875 0.3953125 0.51875 0.4203125 0.515625 0.434375 0.5109375 0.4390625 0.50625 0.4375 0.5015625 0.43125 0.4875 0.434375 0.4828125 0.440625 0.48125 0.4578125 0.475 0.4640625 0.46875 0.4609375 0.465625 0.453125 0.4609375 0.4484375 0.4453125 0.446875 0.440625 0.45 0.4375 0.4578125 0.4296875 0.45625 0.4234375 0.428125 0.425 0.409375 0.4375 0.3953125 0.440625 0.384375 0.45 0.36875 0.459375 0.359375 0.475 0.35 0.4875 0.3484375
1 0.0203125 0.2546875 0.0265625 0.2546875 0.03125 0.259375 0.03125 0.2671875 0.015625 0.2671875 0.015625 0.2625 0.0203125 0.25625
1 0.096875 0.3125 0.1046875 0.3203125 0.11875 0.34375 0.121875 0.353125 0.121875 0.378125 0.11875 0.38125 0.1109375 0.371875 0.090625 0.3734375 0.0796875 0.3828125 0.0765625 0.3828125 0.075 0.375 0.071875 0.371875 0.065625 0.3734375 0.0609375 0.365625 0.059375 0.3390625 0.0625 0.3296875 0.0625 0.3203125 0.0640625 0.315625 0.0703125 0.3109375 0.0953125 0.3125
1 0.034375 0.2921875 0.0421875 0.3015625 0.0328125 0.3078125 0.03125 0.321875 0.028125 0.325 0.01875 0.3234375 0.0140625 0.3203125 0.0109375 0.315625 0.009375 0.3015625 0.0125 0.29375 0.015625 0.2921875 0.0234375 0.290625 0.0328125 0.2921875
1 0.0609375 0.303125 0.0671875 0.3078125 0.0671875 0.3109375 0.0640625 0.3125 0.0609375 0.31875 0.059375 0.35625 0.05625 0.3578125 0.0515625 0.3578125 0.0484375 0.3546875 0.04375 0.3390625 0.0390625 0.3359375 0.03125 0.325 0.03125 0.3203125 0.0359375 0.3046875 0.059375 0.303125
1 0.2078125 0.49375 0.2296875 0.5 0.24375 0.5203125 0.2484375 0.5390625 0.2484375 0.55 0.253125 0.5625 0.25 0.6078125 0.24375 0.6203125 0.2359375 0.6203125 0.23125 0.6125 0.2265625 0.609375 0.2015625 0.6234375 0.190625 0.6328125 0.1875 0.6328125 0.1640625 0.6515625 0.1578125 0.671875 0.1515625 0.678125 0.146875 0.6796875 0.1390625 0.678125 0.1328125 0.6703125 0.109375 0.671875 0.0890625 0.665625 0.0796875 0.6609375 0.0734375 0.6546875 0.071875 0.646875 0.0734375 0.6046875 0.08125 0.5890625 0.10625 0.5625 0.1109375 0.5484375 0.115625 0.5453125 0.125 0.5296875 0.140625 0.5140625 0.153125 0.5046875 0.178125 0.49375 0.1875 0.4921875 0.20625 0.49375
1 0.78125 0.25 0.7828125 0.25625 0.7734375 0.2640625 0.771875 0.2703125 0.7640625 0.28125 0.7546875 0.2765625 0.75625 0.2609375 0.759375 0.2546875 0.76875 0.25 0.7796875 0.25
1 0.01875 0.325 0.0328125 0.3296875 0.0421875 0.3421875 0.046875 0.3578125 0.053125 0.3671875 0.0546875 0.3984375 0.053125 0.4015625 0.04375 0.3984375 0.03125 0.3984375 0.0078125 0.4046875 0.003125 0.403125 0 0.3859375 0 0.3375 0.0015625 0.3359375 0 0.328125 0.003125 0.325 0.0171875 0.325
1 0.3625 0.4296875 0.375 0.434375 0.3875 0.4453125 0.4 0.446875 0.403125 0.4546875 0.403125 0.4703125 0.4046875 0.471875 0.403125 0.4859375 0.3984375 0.49375 0.396875 0.5109375 0.39375 0.515625 0.3890625 0.515625 0.384375 0.5109375 0.378125 0.5109375 0.3484375 0.528125 0.3453125 0.53125 0.3421875 0.5453125 0.3375 0.5515625 0.3296875 0.5515625 0.325 0.546875 0.3015625 0.546875 0.2796875 0.540625 0.275 0.5359375 0.2734375 0.5109375 0.2796875 0.49375 0.2953125 0.4765625 0.3 0.4640625 0.325 0.4375 0.340625 0.4296875 0.3609375 0.4296875
1 0.784375 0.2546875 0.8 0.2546875 0.803125 0.2625 0.803125 0.29375 0.79375 0.2984375 0.76875 0.296875 0.765625 0.290625 0.7671875 0.278125 0.775 0.2640625 0.784375 0.25625
1 0.7515625 0.2859375 0.7578125 0.2875 0.7640625 0.29375 0.765625 0.2984375 0.765625 0.321875 0.7515625 0.3359375 0.7453125 0.3328125 0.725 0.3328125 0.7203125 0.328125 0.721875 0.309375 0.7296875 0.29375 0.7359375 0.2875 0.75 0.2859375
1 0.1125 0.296875 0.11875 0.2984375 0.1296875 0.309375 0.128125 0.315625 0.125 0.3171875 0.11875 0.328125 0.1125 0.328125 0.10625 0.31875 0.0921875 0.3078125 0.096875 0.2984375 0.1109375 0.296875
1 0 0.2734375 0.00625 0.271875 0.0140625 0.2734375 0.021875 0.2828125 0.021875 0.290625 0.015625 0.2921875 0.009375 0.3 0.0125 0.303125 0.0140625 0.315625 0.0171875 0.3203125 0.0171875 0.321875 0.0109375 0.321875 0 0.3109375 0 0.275
1 0.034375 0.275 0.0546875 0.275 0.0609375 0.284375 0.059375 0.3015625 0.0453125 0.3015625 0.03125 0.2859375 0.034375 0.2765625
1 0.1296875 0.3140625 0.1328125 0.3125 0.1625 0.3140625 0.1796875 0.3390625 0.1828125 0.35 0.18125 0.3671875 0.165625 0.3625 0.1421875 0.365625 0.1328125 0.3578125 0.125 0.3578125 0.121875 0.3453125 0.121875 0.325 0.1296875 0.315625
1 0.6125 0.309375 0.6171875 0.3140625 0.6234375 0.33125 0.621875 0.3484375 0.61875 0.3546875 0.6109375 0.3609375 0.609375 0.359375 0.6015625 0.3609375 0.5890625 0.359375 0.5765625 0.3671875 0.5625 0.3625 0.553125 0.3625 0.55 0.359375 0.5484375 0.34375 0.5515625 0.334375 0.55625 0.3328125 0.575 0.3125 0.5875 0.3125 0.59375 0.309375 0.6109375 0.309375
3 0.2921875 0.3171875 0.2953125 0.321875 0.3015625 0.325 0.3015625 0.34375 0.3 0.3453125 0.2953125 0.3453125 0.2921875 0.3421875 0.2859375 0.34375 0.2828125 0.3421875 0.2859375 0.3203125 0.290625 0.3171875
3 0.159375 0.4 0.1578125 0.4125 0.1625 0.4359375 0.1625 0.45625 0.15625 0.453125 0.1515625 0.4421875 0.1484375 0.4421875 0.1421875 0.4484375 0.1390625 0.446875 0.1390625 0.4375 0.14375 0.428125 0.146875 0.4125 0.1453125 0.4078125 0.15 0.403125 0.159375 0.4015625
3 0.421875 0.3640625 0.428125 0.36875 0.428125 0.3765625 0.434375 0.3859375 0.434375 0.3953125 0.425 0.40625 0.4203125 0.4015625 0.4109375 0.4015625 0.40625 0.4109375 0.4015625 0.4109375 0.396875 0.40625 0.3953125 0.390625 0.4 0.3796875 0.403125 0.38125 0.40625 0.390625 0.4078125 0.3921875 0.4109375 0.390625 0.409375 0.375 0.4140625 0.3671875 0.4203125 0.3640625
3 0.54453125 0.33671875 0.03828125 0.040625
4 0.0953125 0.3625 0.1125 0.3625 0.109375 0.3671875 0.096875 0.3671875 0.0953125 0.3640625
4 0.434375 0.4234375 0.4390625 0.425 0.4375 0.43125 0.43125 0.43125 0.428125 0.428125 0.428125 0.425 0.4328125 0.4234375
4 0.0765625 0.6375 0.0984375 0.64375 0.0984375 0.6515625 0.0921875 0.653125 0.0796875 0.6484375 0.0765625 0.6453125 0.0765625 0.6390625
4 0.4328125 0.425 0.4453125 0.425 0.4453125 0.43125 0.440625 0.4328125 0.434375 0.43125 0.4328125 0.4265625
4 0.0265625 0.384375 0.03125 0.3828125 0.0421875 0.384375 0.0359375 0.390625 0.0296875 0.390625 0.0265625 0.3859375
4 0.284375 0.5234375 0.29375 0.525 0.296875 0.528125 0.296875 0.5359375 0.2828125 0.5328125 0.28125 0.528125 0.2828125 0.525
4 0.15625 0.4109375 0.1578125 0.4125 0.15625 0.41875 0.153125 0.41875 0.1515625 0.415625 0.1515625 0.4125 0.1546875 0.4109375
4 0.55546875 0.3546875 0.009375 0.009375