2 0.1640625 0.7796875 0.32734375 0.38515625
1 0.8984375 0.26875 0.909375 0.28125 0.909375 0.296875 0.9015625 0.3015625 0.8859375 0.3 0.878125 0.303125 0.875 0.3015625 0.8765625 0.275 0.8859375 0.26875 0.896875 0.26875
1 0.1828125 0.24375 0.1890625 0.25 0.184375 0.2546875 0.18125 0.2796875 0.1703125 0.2765625 0.16875 0.271875 0.16875 0.253125 0.171875 0.246875 0.1765625 0.24375 0.18125 0.24375
1 0.7875 0.45 0.80625 0.4546875 0.8125 0.4609375 0.8234375 0.4875 0.8234375 0.4953125 0.8265625 0.5015625 0.8265625 0.521875 0.821875 0.5515625 0.8171875 0.55625 0.809375 0.5515625 0.790625 0.5671875 0.7859375 0.5734375 0.7828125 0.590625 0.778125 0.5953125 0.7703125 0.5890625 0.7453125 0.5875 0.7359375 0.5828125 0.7296875 0.5828125 0.7125 0.5765625 0.7078125 0.565625 0.7078125 0.546875 0.7125 0.525 0.7234375 0.5046875 0.721875 0.4953125 0.7234375 0.4921875 0.728125 0.490625 0.734375 0.484375 0.746875 0.4640625 0.7578125 0.4546875 0.76875 0.45 0.7859375 0.45
1 0.2375 0.2703125 0.2515625 0.275 0.2546875 0.2796875 0.2515625 0.2859375 0.2453125 0.2890625 0.2421875 0.315625 0.2375 0.3171875 0.2328125 0.3125 0.2265625 0.3109375 0.225 0.3078125 0.2265625 0.278125 0.23125 0.271875 0.2359375 0.271875
1 0.13125 0.265625 0.134375 0.2671875 0.1375 0.290625 0.1296875 0.290625 0.1265625 0.2859375 0.1265625 0.26875 0.1296875 0.2671875
1 0.2203125 0.259375 0.225 0.265625 0.2265625 0.2765625 0.2234375 0.2984375 0.221875 0.3015625 0.215625 0.303125 0.20625 0.3015625 0.2015625 0.296875 0.2015625 0.278125 0.209375 0.2609375 0.21875 0.259375
1 0.203125 0.23125 0.20625 0.234375 0.2 0.2359375 0.1953125 0.2453125 0.1875 0.2453125 0.1828125 0.240625 0.184375 0.23125 0.1859375 0.2296875 0.2015625 0.23125
1 0.2640625 0.2859375 0.271875 0.2890625 0.2765625 0.29375 0.2890625 0.3171875 0.2875 0.3359375 0.2671875 0.3390625 0.2609375 0.3390625 0.2546875 0.3328125 0.2484375 0.3328125 0.24375 0.31875 0.24375 0.303125 0.246875 0.2890625 0.2515625 0.2859375 0.2625 0.2859375
1 0.15625 0.4734375 0.171875 0.4828125 0.178125 0.484375 0.1875 0.4828125 0.2125 0.4890625 0.2234375 0.5 0.2265625 0.50625 0.228125 0.5125 0.2265625 0.53125 0.2171875 0.5390625 0.2125 0.5515625 0.2015625 0.55625 0.196875 0.5515625 0.1921875 0.55 0.1875 0.5515625 0.178125 0.546875 0.1796875 0.5453125 0.178125 0.5375 0.18125 0.53125 0.18125 0.521875 0.178125 0.51875 0.165625 0.5234375 0.1625 0.528125 0.1609375 0.54375 0.1578125 0.546875 0.15625 0.5390625 0.1484375 0.5359375 0.14375 0.540625 0.14375 0.5484375 0.1359375 0.5609375 0.134375 0.5703125 0.1234375 0.5734375 0.1140625 0.590625 0.1078125 0.59375 0.1015625 0.59375 0.0875 0.5875 0.0734375 0.5859375 0.0625 0.578125 0.059375 0.578125 0.0515625 0.5703125 0.0484375 0.5578125 0.0515625 0.5234375 0.0609375 0.5078125 0.0671875 0.4875 0.0734375 0.484375 0.084375 0.4828125 0.0921875 0.4796875 0.096875 0.475 0.1171875 0.46875 0.140625 0.46875 0.1546875 0.4734375
1 0.23359375 0.259375 0.02578125 0.02578125
1 0.1875 0.2921875 0.190625 0.29375 0.2 0.3125 0.2 0.3328125 0.196875 0.3375 0.171875 0.334375 0.1640625 0.3359375 0.1546875 0.3296875 0.153125 0.309375 0.1578125 0.3 0.1640625 0.29375 0.16875 0.2921875 0.1859375 0.2921875
1 0.1671875 0.2296875 0.178125 0.234375 0.1796875 0.2375 0.1796875 0.2421875 0.1703125 0.2484375 0.1671875 0.265625 0.165625 0.2671875 0.1546875 0.265625 0.1546875 0.2375 0.165625 0.23125
1 0.334375 0.2859375 0.35625 0.31875 0.3578125 0.3390625 0.35625 0.3421875 0.340625 0.340625 0.33125 0.3421875 0.328125 0.3453125 0.3203125 0.3359375 0.3109375 0.3375 0.3078125 0.3125 0.309375 0.303125 0.315625 0.2890625 0.3203125 0.284375 0.3328125 0.2859375
1 0.259375 0.25625 0.26875 0.2578125 0.271875 0.2625 0.26875 0.28125 0.265625 0.284375 0.25625 0.2828125 0.2546875 0.275 0.24375 0.2703125 0.2453125 0.259375 0.2484375 0.25625 0.2546875 0.2578125 0.2578125 0.25625
1 0.9921875 0.2875 0.996875 0.303125 0.996875 0.3359375 0.9953125 0.34375 0.9890625 0.346875 0.984375 0.3546875 0.98125 0.3546875 0.9765625 0.3484375 0.96875 0.3484375 0.9625 0.353125 0.959375 0.3515625 0.9453125 0.353125 0.94375 0.3515625 0.94375 0.3328125 0.9453125 0.3234375 0.95 0.3140625 0.95 0.30625 0.959375 0.2921875 0.9671875 0.2875 0.990625 0.2875
1 0.2078125 0.234375 0.2125 0.2375 0.221875 0.2390625 0.225 0.246875 0.2203125 0.2578125 0.2109375 0.25625 0.20625 0.2484375 0.1953125 0.2453125 0.196875 0.2390625 0.2015625 0.234375 0.20625 0.234375
1 0.246875 0.3546875 0.2578125 0.3578125 0.265625 0.365625 0.2671875 0.378125 0.265625 0.41875 0.2625 0.4265625 0.259375 0.4265625 0.2546875 0.421875 0.2328125 0.421875 0.228125 0.4234375 0.225 0.428125 0.2203125 0.428125 0.21875 0.4234375 0.2203125 0.36875 0.23125 0.3546875 0.2453125 0.3546875
1 0.2859375 0.2625 0.3 0.2671875 0.30625 0.2828125 0.3109375 0.2875 0.3078125 0.3109375 0.303125 0.315625 0.2921875 0.315625 0.2875 0.3109375 0.2796875 0.29375 0.26875 0.2828125 0.2734375 0.265625 0.284375 0.2625
1 0.203125 0.2484375 0.209375 0.2546875 0.209375 0.259375 0.203125 0.26875 0.1984375 0.284375 0.19375 0.2875 0.1875 0.2859375 0.184375 0.28125 0.184375 0.259375 0.1875 0.25 0.1953125 0.246875 0.2015625 0.2484375
1 0.8359375 0.3140625 0.865625 0.3125 0.8703125 0.315625 0.878125 0.328125 0.8765625 0.353125 0.8734375 0.3609375 0.8640625 0.359375 0.8578125 0.3640625 0.8546875 0.3703125 0.85 0.365625 0.828125 0.3640625 0.8234375 0.3671875 0.8171875 0.3671875 0.81875 0.3390625 0.825 0.328125 0.8359375 0.315625
3 0.925 0.3078125 0.925 0.321875 0.9171875 0.3359375 0.9140625 0.3359375 0.9125 0.33125 0.9125 0.315625 0.915625 0.3078125 0.9234375 0.3078125
3 0.20625 0.5625 0.215625 0.578125 0.215625 0.5953125 0.2015625 0.60625 0.1859375 0.6125 0.1796875 0.6109375 0.1796875 0.590625 0.1828125 0.58125 0.1859375 0.578125 0.19375 0.578125 0.2 0.5703125 0.2015625 0.5640625 0.2046875 0.5625
3 0.4078125 0.3390625 0.4125 0.3765625 0.4109375 0.3828125 0.4078125 0.384375 0.403125 0.3765625 0.396875 0.3765625 0.3984375 0.3484375 0.4 0.34375 0.40625 0.3390625
4 0.9671875 0.3328125 0.9703125 0.3359375 0.96875 0.3375 0.9578125 0.3375 0.9578125 0.334375 0.965625 0.3328125
4 0.0625 0.5390625 0.0640625 0.540625 0.0640625 0.55625 0.059375 0.55625 0.05625 0.55 0.05625 0.54375 0.0609375 0.5390625
4 0.7234375 0.559375 0.7421875 0.5625 0.7453125 0.5671875 0.74375 0.571875 0.73125 0.5703125 0.7234375 0.565625 0.7234375 0.5609375
4 0.1375 0.6171875 0.140625 0.6203125 0.1390625 0.6328125 0.1375 0.634375 0.134375 0.6328125 0.1359375 0.61875
4 0.234375 0.403125 0.2359375 0.3953125 0.2421875 0.396875 0.2421875 0.403125 0.240625 0.4046875 0.2359375 0.403125