1 0.1796875 0.23125 0.1859375 0.2328125 0.1859375 0.2609375 0.184375 0.2625 0.178125 0.2625 0.171875 0.259375 0.16875 0.2546875 0.1703125 0.234375 0.1734375 0.23125 0.178125 0.23125
1 0.9984375 0.253125 0.9984375 0.2703125 0.9875 0.2703125 0.9796875 0.265625 0.9828125 0.2546875 0.996875 0.253125
1 0.2984375 0.3 0.3078125 0.29375 0.33125 0.29375 0.340625 0.3078125 0.34375 0.321875 0.34375 0.3296875 0.3390625 0.3359375 0.325 0.334375 0.3109375 0.3359375 0.303125 0.328125 0.296875 0.3265625 0.2953125 0.3140625 0.2984375 0.3078125 0.2984375 0.3015625
1 0.9265625 0.2875 0.9328125 0.2921875 0.934375 0.3 0.925 0.309375 0.9078125 0.3078125 0.9078125 0.303125 0.9015625 0.296875 0.8984375 0.296875 0.9 0.2890625 0.925 0.2875
1 0.975 0.290625 0.984375 0.2921875 0.990625 0.296875 0.990625 0.3046875 0.984375 0.31875 0.971875 0.325 0.9671875 0.3203125 0.965625 0.3078125 0.95625 0.3 0.9609375 0.29375 0.9734375 0.290625
1 0.928125 0.3109375 0.9328125 0.3140625 0.9359375 0.3203125 0.9390625 0.3375 0.9375 0.3640625 0.934375 0.371875 0.9234375 0.3734375 0.9234375 0.378125 0.9203125 0.3828125 0.909375 0.3734375 0.89375 0.371875 0.8859375 0.371875 0.8828125 0.3796875 0.8796875 0.38125 0.8765625 0.378125 0.8765625 0.3515625 0.88125 0.334375 0.8890625 0.3296875 0.8984375 0.315625 0.9078125 0.309375 0.9265625 0.3109375
1 0.240625 0.2484375 0.2421875 0.2515625 0.2359375 0.2625 0.234375 0.2859375 0.2296875 0.284375 0.228125 0.2640625 0.23125 0.25 0.2390625 0.2484375
1 0.2140625 0.240625 0.2328125 0.24375 0.2328125 0.2484375 0.228125 0.2578125 0.2265625 0.2734375 0.2171875 0.278125 0.20625 0.271875 0.2078125 0.25 0.209375 0.24375 0.2125 0.2421875
1 0.165625 0.2234375 0.1703125 0.2265625 0.1671875 0.2515625 0.159375 0.2515625 0.153125 0.246875 0.1515625 0.234375 0.153125 0.225 0.1640625 0.2234375
1 0.99375 0.325 0.9984375 0.328125 0.996875 0.33125 0.9984375 0.3859375 0.9953125 0.403125 0.978125 0.4015625 0.96875 0.3984375 0.95625 0.3984375 0.953125 0.4015625 0.94375 0.4 0.9453125 0.3671875 0.953125 0.3546875 0.95625 0.3421875 0.9625 0.3328125 0.96875 0.328125 0.975 0.328125 0.98125 0.325 0.9921875 0.325
1 0.959375 0.303125 0.9640625 0.30625 0.9671875 0.325 0.95625 0.3375 0.9515625 0.3515625 0.946875 0.3578125 0.940625 0.35625 0.9390625 0.325 0.93125 0.309375 0.9375 0.303125 0.9578125 0.303125
1 0.2078125 0.2328125 0.2109375 0.240625 0.20625 0.25 0.20625 0.2625 0.2046875 0.265625 0.196875 0.26875 0.1890625 0.265625 0.1875 0.2625 0.1875 0.2328125 0.1921875 0.2296875 0.2 0.2296875 0.20625 0.2328125
1 0.2 0.29375 0.20625 0.309375 0.2078125 0.321875 0.20625 0.3328125 0.1875 0.33125 0.1765625 0.3359375 0.1734375 0.3359375 0.1671875 0.3296875 0.1625 0.3171875 0.1625 0.3078125 0.1671875 0.29375 0.1734375 0.2890625 0.178125 0.2890625 0.18125 0.2921875 0.196875 0.2921875 0.1984375 0.29375
1 0.278125 0.3109375 0.275 0.3046875 0.275 0.290625 0.2765625 0.278125 0.2796875 0.2734375 0.3 0.2734375 0.3078125 0.2875 0.3078125 0.2921875 0.296875 0.303125 0.2953125 0.315625 0.2890625 0.3171875 0.2796875 0.3109375
1 0.896875 0.296875 0.9046875 0.3 0.90625 0.3078125 0.9 0.3109375 0.8875 0.3265625 0.8828125 0.328125 0.878125 0.3265625 0.8671875 0.3109375 0.8765625 0.3 0.8953125 0.296875
1 0.2453125 0.2515625 0.2609375 0.2546875 0.26875 0.2640625 0.2734375 0.2765625 0.271875 0.3015625 0.2609375 0.3015625 0.2546875 0.2984375 0.2515625 0.303125 0.246875 0.3015625 0.2453125 0.2984375 0.2375 0.296875 0.234375 0.2875 0.2375 0.2546875 0.24375 0.2515625
1 0.9875 0.28359375 0.025 0.0265625
1 0.98125 0.2671875 0.9859375 0.26875 0.9859375 0.271875 0.978125 0.278125 0.975 0.2859375 0.9703125 0.2890625 0.965625 0.2875 0.9640625 0.2734375 0.9703125 0.26875 0.9796875 0.2671875
1 0.3765625 0.409375 0.3859375 0.4140625 0.396875 0.4296875 0.403125 0.453125 0.403125 0.4609375 0.40625 0.4671875 0.40625 0.4875 0.403125 0.5015625 0.3984375 0.5015625 0.3890625 0.49375 0.3859375 0.4953125 0.3765625 0.49375 0.3625 0.5 0.3578125 0.4796875 0.3484375 0.46875 0.3484375 0.45625 0.3421875 0.45 0.3359375 0.4578125 0.3359375 0.46875 0.3296875 0.478125 0.328125 0.4875 0.325 0.4875 0.3234375 0.484375 0.321875 0.45625 0.328125 0.434375 0.334375 0.428125 0.3359375 0.4234375 0.346875 0.4140625 0.375 0.409375
1 0.621875 0.553125 0.6453125 0.5671875 0.6765625 0.59375 0.696875 0.6453125 0.6953125 0.675 0.7 0.684375 0.7 0.7078125 0.6921875 0.7234375 0.6796875 0.7234375 0.6765625 0.7265625 0.671875 0.7265625 0.6640625 0.73125 0.64375 0.7375 0.640625 0.740625 0.6125 0.7421875 0.6046875 0.7484375 0.6 0.7578125 0.590625 0.75625 0.584375 0.7390625 0.58125 0.7171875 0.5609375 0.696875 0.5359375 0.675 0.5296875 0.675 0.5234375 0.6796875 0.5140625 0.675 0.5078125 0.6578125 0.5046875 0.625 0.5109375 0.590625 0.5234375 0.5796875 0.5359375 0.5734375 0.5515625 0.571875 0.56875 0.559375 0.5859375 0.553125 0.603125 0.55 0.6203125 0.553125
1 0.9625 0.275 0.965625 0.2890625 0.953125 0.3015625 0.9390625 0.3015625 0.9375 0.2859375 0.94375 0.275 0.9609375 0.275
1 0.8359375 0.3140625 0.865625 0.3125 0.878125 0.328125 0.8734375 0.359375 0.8625 0.3578125 0.8578125 0.3625 0.85625 0.3703125 0.853125 0.3703125 0.846875 0.3640625 0.8359375 0.3625 0.8265625 0.3625 0.821875 0.3671875 0.8171875 0.3671875 0.815625 0.3625 0.8171875 0.3421875 0.825 0.328125 0.8359375 0.315625
3 0.7734375 0.4328125 0.7796875 0.43125 0.790625 0.4390625 0.79375 0.44375 0.7875 0.45 0.7875 0.453125 0.790625 0.4609375 0.796875 0.4671875 0.7984375 0.4828125 0.7953125 0.4890625 0.7921875 0.4875 0.7921875 0.484375 0.784375 0.475 0.778125 0.475 0.771875 0.490625 0.7671875 0.4921875 0.765625 0.4734375 0.771875 0.4515625 0.7734375 0.434375
3 0.2203125 0.3390625 0.2234375 0.346875 0.2234375 0.3578125 0.2203125 0.3671875 0.2171875 0.36875 0.2140625 0.3671875 0.209375 0.3484375 0.2109375 0.3421875 0.21875 0.3390625
3 0.2625 0.3125 0.265625 0.3125 0.2671875 0.315625 0.2671875 0.3421875 0.26875 0.34375 0.2671875 0.3515625 0.2609375 0.35 0.25625 0.3453125 0.25625 0.328125 0.2625 0.3140625
3 0.3484375 0.5171875 0.3578125 0.51875 0.3578125 0.534375 0.359375 0.5359375 0.359375 0.5546875 0.3578125 0.55625 0.359375 0.5734375 0.3578125 0.5765625 0.353125 0.575 0.34375 0.55625 0.3421875 0.546875 0.346875 0.5359375 0.3484375 0.51875
4 0.8859375 0.3625 0.9015625 0.3625 0.903125 0.3640625 0.9015625 0.3671875 0.8890625 0.3671875 0.8859375 0.3640625
4 0.3546875 0.5359375 0.009375 0.01328125
4 0.3828125 0.4765625 0.3890625 0.4796875 0.3875 0.490625 0.378125 0.490625 0.378125 0.478125 0.38125 0.4765625
4 0.9578125 0.3875 0.959375 0.3828125 0.971875 0.384375 0.971875 0.3875 0.9671875 0.390625 0.959375 0.3875
4 0.6765625 0.6625 0.678125 0.6640625 0.6765625 0.6828125 0.6671875 0.6875 0.6609375 0.6859375 0.659375 0.671875 0.665625 0.6640625 0.675 0.6625
4 0.775 0.4375 0.778125 0.4390625 0.7765625 0.446875 0.771875 0.4453125 0.771875 0.4390625 0.7734375 0.4390625