1 0.2140625 0.2578125 0.2234375 0.265625 0.215625 0.284375 0.2140625 0.296875 0.209375 0.296875 0.20625 0.2921875 0.2 0.2890625 0.2 0.2765625 0.203125 0.2640625 0.20625 0.259375 0.2125 0.2578125
1 0.1609375 0.2390625 0.1640625 0.2375 0.1765625 0.2390625 0.16875 0.253125 0.16875 0.2703125 0.1671875 0.271875 0.1578125 0.259375 0.1578125 0.2453125 0.1609375 0.240625
1 0.284375 0.26875 0.2890625 0.2734375 0.284375 0.2796875 0.2828125 0.2953125 0.2828125 0.2921875 0.278125 0.2875 0.26875 0.2828125 0.2640625 0.2828125 0.265625 0.271875 0.271875 0.26875 0.2828125 0.26875
1 0.6765625 0.4265625 0.6828125 0.4296875 0.7109375 0.4328125 0.7140625 0.4359375 0.7203125 0.4578125 0.7265625 0.465625 0.728125 0.503125 0.7234375 0.5328125 0.7203125 0.540625 0.709375 0.5421875 0.7015625 0.5375 0.68125 0.5515625 0.675 0.553125 0.66875 0.5625 0.66875 0.5703125 0.6609375 0.5859375 0.6546875 0.5859375 0.6421875 0.5734375 0.6234375 0.575 0.6140625 0.5703125 0.609375 0.5703125 0.60625 0.5671875 0.596875 0.5671875 0.5859375 0.5515625 0.584375 0.5296875 0.5859375 0.515625 0.5921875 0.5 0.5984375 0.496875 0.6140625 0.48125 0.615625 0.4703125 0.6234375 0.4640625 0.6296875 0.4515625 0.640625 0.4390625 0.659375 0.428125 0.66875 0.425 0.675 0.4265625
1 0.1734375 0.2234375 0.1859375 0.225 0.190625 0.2328125 0.1890625 0.240625 0.1859375 0.2375 0.178125 0.2375 0.175 0.234375 0.1734375 0.225
1 0.2421875 0.2640625 0.246875 0.26875 0.2515625 0.2828125 0.2484375 0.2921875 0.246875 0.3109375 0.23125 0.3140625 0.221875 0.3109375 0.21875 0.30625 0.2171875 0.28125 0.2265625 0.2640625 0.240625 0.2640625
1 0.3 0.2734375 0.3078125 0.275 0.309375 0.278125 0.3140625 0.2796875 0.3265625 0.3 0.328125 0.321875 0.325 0.3265625 0.321875 0.3265625 0.31875 0.321875 0.31875 0.3109375 0.315625 0.30625 0.3078125 0.3078125 0.303125 0.3171875 0.303125 0.3234375 0.3 0.3265625 0.29375 0.3234375 0.2921875 0.3125 0.2859375 0.2984375 0.284375 0.284375 0.2859375 0.278125 0.290625 0.2734375 0.2984375 0.2734375
1 0.2453125 0.2578125 0.25625 0.2578125 0.265625 0.2671875 0.2625 0.271875 0.259375 0.2703125 0.2515625 0.271875 0.2453125 0.259375
1 0.16875 0.21875 0.1734375 0.225 0.175 0.2359375 0.1625 0.2375 0.1578125 0.24375 0.1578125 0.253125 0.153125 0.2421875 0.153125 0.21875 0.1546875 0.2171875 0.1671875 0.21875
1 0.9 0.3875 0.909375 0.3796875 0.9171875 0.378125 0.9453125 0.3796875 0.9578125 0.4046875 0.95625 0.440625 0.953125 0.4453125 0.95 0.44375 0.946875 0.446875 0.9421875 0.465625 0.9359375 0.4609375 0.9140625 0.4625 0.9015625 0.4609375 0.896875 0.4578125 0.884375 0.4578125 0.88125 0.453125 0.88125 0.4296875 0.8875 0.415625 0.8875 0.409375 0.884375 0.4046875 0.890625 0.403125 0.9 0.3890625
1 0 0.546875 0.0359375 0.5515625 0.046875 0.55 0.0734375 0.559375 0.078125 0.5625 0.090625 0.5828125 0.090625 0.6015625 0.0921875 0.603125 0.0875 0.615625 0.075 0.625 0.06875 0.6375 0.0640625 0.6421875 0.0578125 0.6453125 0.0515625 0.6453125 0.0421875 0.6375 0.0390625 0.6375 0.028125 0.6453125 0 0.6515625 0 0.5484375
1 0.2484375 0.265625 0.2625 0.26875 0.2640625 0.271875 0.2625 0.28125 0.253125 0.2828125 0.2484375 0.2671875
1 0.1859375 0.2484375 0.196875 0.246875 0.203125 0.253125 0.203125 0.265625 0.1984375 0.28125 0.1875 0.28125 0.18125 0.2734375 0.18125 0.2640625 0.1859375 0.25
1 0.1890625 0.2390625 0.19375 0.2453125 0.1859375 0.25 0.18125 0.2640625 0.18125 0.271875 0.178125 0.2734375 0.1765625 0.271875 0.1703125 0.2734375 0.1671875 0.2703125 0.1703125 0.246875 0.178125 0.2375 0.1875 0.2390625
1 0.2359375 0.2484375 0.2421875 0.2578125 0.2421875 0.2625 0.2234375 0.2625 0.2171875 0.2578125 0.2171875 0.253125 0.2203125 0.2484375 0.234375 0.2484375
1 0.2671875 0.284375 0.2765625 0.2875 0.28125 0.2921875 0.2890625 0.309375 0.290625 0.31875 0.2890625 0.3328125 0.275 0.3359375 0.259375 0.3359375 0.2546875 0.33125 0.2515625 0.33125 0.2484375 0.3265625 0.2484375 0.3046875 0.2515625 0.2890625 0.2546875 0.284375 0.265625 0.284375
3 0.328125 0.3640625 0.334375 0.36875 0.3375 0.3671875 0.340625 0.36875 0.3515625 0.359375 0.35625 0.3625 0.3546875 0.3671875 0.35625 0.36875 0.35625 0.3890625 0.353125 0.3953125 0.346875 0.3953125 0.3359375 0.3875 0.3296875 0.390625 0.3203125 0.3890625 0.3203125 0.3734375 0.328125 0.365625
3 0.390625 0.346875 0.4015625 0.340625 0.4046875 0.34375 0.4078125 0.359375 0.4078125 0.371875 0.4046875 0.375 0.3984375 0.3671875 0.3953125 0.36875 0.39375 0.3734375 0.390625 0.371875 0.3875 0.3609375 0.390625 0.3484375
3 0.309375 0.34296875 0.0171875 0.03671875
4 0.896875 0.4421875 0.9140625 0.4421875 0.915625 0.44375 0.915625 0.4484375 0.9015625 0.4484375 0.896875 0.446875 0.896875 0.44375
4 0.403125 0.34765625 0.00703125 0.0140625
4 0.5984375 0.5515625 0.6140625 0.55625 0.615625 0.5625 0.6078125 0.5640625 0.6 0.5609375 0.596875 0.553125