3 0.7265625 0.309375 0.7296875 0.3109375 0.7328125 0.3171875 0.7328125 0.3453125 0.725 0.353125 0.71875 0.3515625 0.721875 0.31875 0.7265625 0.3109375
1 0.01875 0.2875 0.0203125 0.2890625 0.0390625 0.2875 0.0515625 0.29375 0.0640625 0.3140625 0.0671875 0.3453125 0.0546875 0.346875 0.046875 0.334375 0.0390625 0.3265625 0.03125 0.3234375 0.015625 0.321875 0.0140625 0.29375 0.0171875 0.2890625
1 0.6109375 0.5859375 0.6203125 0.5875 0.628125 0.5921875 0.6421875 0.59375 0.6453125 0.596875 0.65625 0.6 0.6921875 0.6234375 0.7125 0.6453125 0.728125 0.66875 0.7328125 0.6796875 0.75625 0.709375 0.7703125 0.7328125 0.775 0.7625 0.775 0.8015625 0.7703125 0.8125 0.753125 0.828125 0.7328125 0.840625 0.7078125 0.8421875 0.6984375 0.8515625 0.69375 0.8515625 0.684375 0.8453125 0.68125 0.840625 0.675 0.8234375 0.6734375 0.8109375 0.6609375 0.796875 0.596875 0.7484375 0.5890625 0.75625 0.584375 0.7578125 0.5796875 0.7578125 0.5765625 0.7546875 0.5703125 0.74375 0.5609375 0.7125 0.5609375 0.684375 0.565625 0.6734375 0.5671875 0.6484375 0.575 0.6234375 0.578125 0.6203125 0.5796875 0.6 0.5859375 0.59375 0.5953125 0.5890625 0.609375 0.5875
1 0.828125 0.2296875 0.83125 0.234375 0.83125 0.253125 0.8234375 0.2578125 0.8171875 0.25625 0.815625 0.2328125 0.81875 0.2296875 0.8265625 0.2296875
1 0.778125 0.246875 0.7796875 0.25625 0.775 0.2609375 0.7625 0.2625 0.7578125 0.265625 0.7578125 0.2484375 0.7609375 0.2453125 0.7765625 0.246875
1 0.75 0.2828125 0.7546875 0.2890625 0.75625 0.296875 0.7546875 0.3234375 0.7484375 0.33125 0.7390625 0.334375 0.7359375 0.334375 0.73125 0.3046875 0.7265625 0.3 0.7234375 0.3015625 0.721875 0.3234375 0.71875 0.3296875 0.715625 0.328125 0.715625 0.3109375 0.721875 0.2984375 0.721875 0.29375 0.73125 0.2828125 0.7359375 0.28125 0.7484375 0.2828125
1 0.1 0.35 0.103125 0.35625 0.1140625 0.3671875 0.11875 0.3828125 0.13125 0.4046875 0.134375 0.4171875 0.134375 0.4484375 0.1328125 0.453125 0.1265625 0.453125 0.11875 0.4453125 0.09375 0.4484375 0.090625 0.4515625 0.084375 0.4515625 0.0765625 0.4625 0.071875 0.4609375 0.0671875 0.4421875 0.065625 0.440625 0.05625 0.4421875 0.0515625 0.4375 0.046875 0.40625 0.0484375 0.378125 0.053125 0.3546875 0.0578125 0.3484375 0.096875 0.3484375 0.0984375 0.35
1 0.703125 0.278125 0.7078125 0.284375 0.709375 0.2921875 0.70625 0.3171875 0.7046875 0.3203125 0.6984375 0.3203125 0.6890625 0.3328125 0.6796875 0.3265625 0.6671875 0.3265625 0.6640625 0.3296875 0.659375 0.321875 0.659375 0.3078125 0.6625 0.2984375 0.6765625 0.2796875 0.6890625 0.2765625 0.7015625 0.278125
1 0.7984375 0.240625 0.803125 0.24375 0.80625 0.2625 0.8015625 0.26875 0.7921875 0.271875 0.78125 0.25625 0.78125 0.2484375 0.7828125 0.24375 0.7890625 0.240625 0.796875 0.240625
1 0.83125 0.225 0.8421875 0.2234375 0.846875 0.2296875 0.846875 0.240625 0.84375 0.2484375 0.834375 0.25 0.8328125 0.234375 0.8296875 0.228125 0.83125 0.2265625
1 0.0359375 0.328125 0.04375 0.334375 0.0515625 0.346875 0.0515625 0.359375 0.046875 0.3765625 0.046875 0.390625 0.0453125 0.3921875 0.028125 0.3921875 0.021875 0.3953125 0.0171875 0.4015625 0.0125 0.4015625 0.00625 0.384375 0 0.378125 0 0.328125 0.00625 0.325 0.0203125 0.328125 0.025 0.3265625 0.034375 0.328125
1 0.803125 0.234375 0.8125 0.2328125 0.815625 0.2359375 0.8171875 0.25 0.815625 0.2609375 0.8078125 0.2625 0.8046875 0.246875 0.8 0.240625 0.803125 0.2359375
1 0.7296875 0.265625 0.734375 0.26875 0.7359375 0.2765625 0.721875 0.2890625 0.715625 0.30625 0.7125 0.309375 0.709375 0.309375 0.7078125 0.2734375 0.7140625 0.2671875 0.728125 0.265625
1 0.7765625 0.259375 0.78125 0.259375 0.7890625 0.2703125 0.7875 0.3046875 0.78125 0.3078125 0.7796875 0.3109375 0.759375 0.3109375 0.75625 0.3 0.75625 0.2890625 0.753125 0.2828125 0.753125 0.2765625 0.7609375 0.2640625 0.7765625 0.2609375
1 0.7546875 0.2484375 0.7578125 0.2546875 0.7546875 0.2703125 0.75 0.2765625 0.74375 0.2796875 0.7359375 0.278125 0.734375 0.259375 0.7359375 0.2546875 0.740625 0.2515625 0.753125 0.2484375
1 0.0046875 0.2671875 0.0078125 0.26875 0.015625 0.2828125 0.0109375 0.3140625 0 0.3109375 0 0.26875 0.003125 0.2671875
1 0.5875 0.3375 0.5921875 0.3390625 0.5953125 0.34375 0.6109375 0.3484375 0.6265625 0.3625 0.6359375 0.3640625 0.6421875 0.3734375 0.64375 0.3921875 0.6359375 0.4109375 0.628125 0.4109375 0.6234375 0.40625 0.6234375 0.403125 0.615625 0.396875 0.6140625 0.3984375 0.5875 0.3984375 0.584375 0.4015625 0.58125 0.4125 0.5734375 0.4171875 0.56875 0.415625 0.5625 0.4078125 0.55625 0.40625 0.55 0.3984375 0.540625 0.3921875 0.5421875 0.3640625 0.55 0.34375 0.5546875 0.3390625 0.5859375 0.3375
1 0.1390625 0.33125 0.1453125 0.334375 0.1546875 0.3484375 0.1640625 0.36875 0.1671875 0.3828125 0.1671875 0.4 0.1625 0.4078125 0.1546875 0.403125 0.1328125 0.403125 0.1234375 0.3875 0.1140625 0.3625 0.1046875 0.353125 0.1046875 0.340625 0.1078125 0.334375 0.1140625 0.33125 0.1375 0.33125
2 0.2375 0.51875 0.1546875 0.19921875
4 0.1203125 0.4328125 0.1203125 0.4375 0.1125 0.440625 0.1046875 0.440625 0.1015625 0.434375 0.1125 0.43125 0.11875 0.4328125
4 0.7671875 0.7859375 0.765625 0.8 0.7484375 0.8125 0.7453125 0.8125 0.746875 0.7984375 0.765625 0.7859375
4 0.0390625 0.378125 0.046875 0.3796875 0.0453125 0.3875 0.0390625 0.3875 0.0390625 0.3796875
4 0.28046875 0.590625 0.025 0.015625
4 0.140625 0.3875 0.15625 0.3890625 0.15625 0.3921875 0.15 0.3953125 0.1421875 0.3953125 0.1390625 0.390625 0.140625 0.3890625