1 0.0421875 0.30625 0.0578125 0.3078125 0.0640625 0.3125 0.0578125 0.325 0.05625 0.3390625 0.0421875 0.328125 0.03125 0.328125 0.025 0.3265625 0.0234375 0.3234375 0.03125 0.309375 0.0359375 0.30625 0.040625 0.30625
1 0.03125 0.328125 0.0421875 0.3296875 0.0578125 0.34375 0.0734375 0.378125 0.075 0.4015625 0.071875 0.415625 0.065625 0.415625 0.059375 0.4078125 0.053125 0.4109375 0.034375 0.4125 0.028125 0.41875 0.021875 0.415625 0.0203125 0.4046875 0.0171875 0.4015625 0.0125 0.4046875 0.0078125 0.4046875 0.003125 0.3984375 0.0015625 0.35 0.0046875 0.334375 0.0125 0.3296875 0.0296875 0.328125
1 0.0640625 0.2578125 0.06875 0.2765625 0.0671875 0.2859375 0.053125 0.284375 0.0484375 0.2875 0.040625 0.2859375 0.0390625 0.2828125 0.040625 0.2625 0.04375 0.2578125 0.05 0.25625 0.0625 0.2578125
1 0.696875 0.2796875 0.7015625 0.284375 0.7046875 0.3 0.703125 0.321875 0.6875 0.3296875 0.6640625 0.328125 0.6625 0.3265625 0.6625 0.3078125 0.6703125 0.290625 0.678125 0.28125 0.6953125 0.2796875
1 0.5953125 0.3328125 0.6015625 0.3390625 0.60625 0.3484375 0.6078125 0.371875 0.6046875 0.38125 0.6046875 0.390625 0.6 0.39375 0.5953125 0.390625 0.5859375 0.3921875 0.58125 0.396875 0.578125 0.4078125 0.575 0.4109375 0.5671875 0.40625 0.5578125 0.40625 0.5515625 0.403125 0.5375 0.4046875 0.5328125 0.396875 0.5328125 0.378125 0.546875 0.353125 0.559375 0.3375 0.5703125 0.3328125 0.59375 0.3328125
1 0.8078125 0.5046875 0.8421875 0.5296875 0.846875 0.5453125 0.8765625 0.575 0.8984375 0.615625 0.9078125 0.61875 0.909375 0.621875 0.9078125 0.6390625 0.9109375 0.6453125 0.93125 0.671875 0.94375 0.684375 0.953125 0.7 0.95625 0.725 0.9609375 0.7421875 0.9578125 0.7671875 0.9453125 0.7828125 0.9390625 0.7859375 0.9078125 0.7875 0.8921875 0.7921875 0.8828125 0.7921875 0.8671875 0.7859375 0.859375 0.7859375 0.853125 0.8015625 0.8453125 0.8046875 0.8359375 0.803125 0.821875 0.7859375 0.81875 0.7765625 0.8171875 0.759375 0.8109375 0.7390625 0.8 0.728125 0.7984375 0.7234375 0.7890625 0.7171875 0.778125 0.7 0.7640625 0.6890625 0.7578125 0.6921875 0.746875 0.6921875 0.7421875 0.6875 0.7375 0.6765625 0.7328125 0.634375 0.7265625 0.6171875 0.7265625 0.6 0.73125 0.5828125 0.73125 0.5640625 0.746875 0.5265625 0.7515625 0.521875 0.7625 0.51875 0.7671875 0.509375 0.7703125 0.5078125 0.79375 0.5078125 0.80625 0.5046875
1 0.0890625 0.3140625 0.0984375 0.321875 0.1 0.3265625 0.0796875 0.328125 0.071875 0.33125 0.06875 0.334375 0.065625 0.3453125 0.0625 0.3453125 0.0578125 0.3359375 0.059375 0.3234375 0.0625 0.31875 0.0671875 0.3140625 0.0875 0.3140625
1 0 0.6515625 0.0046875 0.6546875 0.0046875 0.659375 0.0109375 0.671875 0.0125 0.7109375 0.015625 0.721875 0.021875 0.725 0.0234375 0.728125 0.0234375 0.73125 0.0171875 0.7375 0.0078125 0.7421875 0.00625 0.7453125 0 0.746875 0 0.6984375 0.0015625 0.696875 0 0.653125
1 0.134375 0.296875 0.14375 0.3 0.153125 0.3140625 0.14375 0.3328125 0.1390625 0.3375 0.1328125 0.334375 0.1296875 0.325 0.125 0.3203125 0.121875 0.3234375 0.11875 0.3359375 0.1015625 0.3234375 0.1015625 0.3109375 0.10625 0.309375 0.1140625 0.2984375 0.1328125 0.296875
1 0.1796875 0.3171875 0.1921875 0.3234375 0.2078125 0.3484375 0.209375 0.3703125 0.2078125 0.3765625 0.2046875 0.378125 0.2 0.3765625 0.1984375 0.3734375 0.1796875 0.3734375 0.1703125 0.378125 0.1640625 0.36875 0.15 0.3703125 0.1484375 0.3671875 0.14375 0.35 0.14375 0.3375 0.1484375 0.325 0.1546875 0.31875 0.178125 0.3171875
1 0.0234375 0.2921875 0.028125 0.29375 0.034375 0.3 0.0359375 0.3046875 0.0296875 0.309375 0.021875 0.3234375 0.0171875 0.3234375 0.0109375 0.3171875 0 0.315625 0 0.29375 0.0015625 0.2921875 0.021875 0.2921875
1 0.0984375 0.3265625 0.1109375 0.334375 0.1203125 0.35 0.1265625 0.3703125 0.1265625 0.3765625 0.1296875 0.3796875 0.1296875 0.396875 0.125 0.4046875 0.121875 0.4046875 0.1171875 0.4 0.10625 0.4 0.0953125 0.4015625 0.0921875 0.40625 0.0875 0.40625 0.078125 0.3921875 0.0765625 0.38125 0.065625 0.3578125 0.065625 0.35 0.06875 0.3453125 0.0703125 0.334375 0.0734375 0.33125 0.096875 0.3265625
1 0.4859375 0.371875 0.49375 0.375 0.4984375 0.3796875 0.50625 0.4 0.5046875 0.4484375 0.5 0.45625 0.49375 0.45 0.490625 0.45 0.4765625 0.4609375 0.4734375 0.4609375 0.4671875 0.4671875 0.4625 0.4828125 0.45625 0.4828125 0.4515625 0.478125 0.425 0.4765625 0.409375 0.471875 0.4046875 0.4640625 0.4046875 0.4421875 0.409375 0.428125 0.425 0.4125 0.4265625 0.4015625 0.4328125 0.396875 0.4359375 0.3890625 0.44375 0.3796875 0.4609375 0.371875 0.484375 0.371875
3 0.7921875 0.371875 0.8046875 0.3734375 0.803125 0.3953125 0.8 0.4015625 0.7953125 0.403125 0.7921875 0.3984375 0.7921875 0.3734375
4 0.2015625 0.3625 0.203125 0.365625 0.2015625 0.3671875 0.19375 0.36875 0.1890625 0.36875 0.1875 0.3640625 0.2 0.3625
4 0.053125 0.396875 0.01875 0.00859375
4 0.2015625 0.3625 0.2046875 0.36875 0.2 0.3703125 0.1875 0.3703125 0.1875 0.3640625 0.2 0.3625
4 0.675 0.3140625 0.6765625 0.315625 0.675 0.3203125 0.66875 0.31875 0.6734375 0.3140625
4 0.921875 0.765625 0.03359375 0.01796875
4 0.5484375 0.39375 0.01796875 0.01328125
4 0.54921875 0.39765625 0.01796875 0.00859375
4 0.553125 0.384375 0.553125 0.3921875 0.55 0.3953125 0.5421875 0.39375 0.540625 0.3875 0.5453125 0.3828125 0.5515625 0.384375
4 0.4203125 0.4609375 0.428125 0.4625 0.43125 0.4671875 0.4296875 0.4703125 0.415625 0.4671875 0.415625 0.4625 0.41875 0.4609375
4 0.2015625 0.359375 0.203125 0.3640625 0.19375 0.3671875 0.1890625 0.3671875 0.1875 0.3609375 0.2 0.359375
4 0.11484375 0.38671875 0.01484375 0.00859375
5 0.8515625 0.209375 0.8484375 0.215625 0.84375 0.253125 0.8234375 0.253125 0.821875 0.2515625 0.8203125 0.24375 0.8234375 0.2109375 0.85 0.209375