5 0.4015625 0.39375 0.4203125 0.3984375 0.428125 0.4046875 0.4375 0.40625 0.440625 0.4046875 0.446875 0.409375 0.4546875 0.4109375 0.4609375 0.421875 0.4609375 0.4421875 0.459375 0.4515625 0.45 0.459375 0.446875 0.4859375 0.44375 0.490625 0.4359375 0.490625 0.428125 0.4796875 0.4171875 0.4828125 0.415625 0.4859375 0.390625 0.503125 0.3875 0.5203125 0.3796875 0.53125 0.371875 0.53125 0.3640625 0.5234375 0.3296875 0.51875 0.3203125 0.5078125 0.31875 0.5015625 0.31875 0.471875 0.3265625 0.4546875 0.3421875 0.440625 0.346875 0.4296875 0.3640625 0.4046875 0.3828125 0.396875 0.4 0.39375
1 0.1015625 0.33125 0.1109375 0.334375 0.134375 0.3640625 0.1390625 0.3765625 0.1390625 0.3890625 0.1359375 0.3953125 0.10625 0.3984375 0.096875 0.403125 0.0921875 0.4015625 0.0875 0.3890625 0.0828125 0.3875 0.078125 0.3875 0.075 0.390625 0.0703125 0.3890625 0.0671875 0.3765625 0.0671875 0.3515625 0.0734375 0.334375 0.1 0.33125
1 0.0203125 0.5625 0.0296875 0.5671875 0.03125 0.5703125 0.0296875 0.58125 0.05 0.6140625 0.05 0.6203125 0.053125 0.625 0.053125 0.6515625 0.0578125 0.659375 0.059375 0.684375 0.0546875 0.696875 0.0390625 0.7140625 0.0359375 0.7296875 0.03125 0.734375 0.028125 0.74375 0.025 0.7609375 0.0171875 0.7703125 0.0046875 0.775 0 0.7734375 0 0.5578125 0.00625 0.55625 0.01875 0.5625
1 0.046875 0.2890625 0.0546875 0.29375 0.0609375 0.303125 0.0609375 0.3078125 0.053125 0.3140625 0.0515625 0.3359375 0.05 0.34375 0.046875 0.346875 0.0421875 0.3453125 0.028125 0.3203125 0.01875 0.3109375 0.0234375 0.2921875 0.028125 0.290625 0.0359375 0.2921875 0.0453125 0.2890625
1 0.6625 0.30625 0.6671875 0.325 0.665625 0.3453125 0.6625 0.3515625 0.65 0.3578125 0.646875 0.365625 0.6421875 0.3671875 0.615625 0.3640625 0.6125 0.35625 0.6140625 0.340625 0.6234375 0.31875 0.63125 0.309375 0.6390625 0.3046875 0.659375 0.3046875 0.6609375 0.30625
1 0.00625 0.3109375 0.0171875 0.3125 0.025 0.31875 0.04375 0.35 0.046875 0.359375 0.046875 0.3921875 0.0453125 0.3953125 0.0390625 0.3953125 0.03125 0.390625 0 0.3921875 0 0.3125 0.0046875 0.3109375
1 0.7171875 0.3109375 0.7171875 0.2953125 0.721875 0.2828125 0.7296875 0.26875 0.7390625 0.2640625 0.75 0.2640625 0.753125 0.2671875 0.75625 0.2796875 0.7546875 0.303125 0.74375 0.3109375 0.728125 0.3109375 0.7265625 0.3125 0.71875 0.3109375
1 0.0703125 0.2796875 0.078125 0.29375 0.071875 0.30625 0.065625 0.30625 0.0609375 0.2984375 0.0515625 0.290625 0.053125 0.2796875 0.05625 0.278125 0.06875 0.2796875
1 0.196875 0.31875 0.2125 0.325 0.2296875 0.35 0.2375 0.3703125 0.2375 0.378125 0.234375 0.3828125 0.203125 0.3859375 0.1984375 0.390625 0.1859375 0.378125 0.1796875 0.3765625 0.1671875 0.378125 0.1609375 0.3640625 0.1609375 0.346875 0.165625 0.325 0.175 0.31875 0.1953125 0.31875
1 0.759375 0.2734375 0.7578125 0.2625 0.765625 0.24375 0.7734375 0.2375 0.7875 0.2359375 0.79375 0.2375 0.796875 0.2484375 0.7953125 0.271875 0.7921875 0.2734375 0.7875 0.271875 0.784375 0.2765625 0.778125 0.2734375 0.7609375 0.2734375
1 0.83125 0.228125 0.8375 0.2296875 0.8390625 0.2484375 0.834375 0.25625 0.8234375 0.2578125 0.8140625 0.25625 0.8140625 0.2453125 0.81875 0.234375 0.8234375 0.2296875 0.8296875 0.228125
1 0.090625 0.2921875 0.103125 0.29375 0.115625 0.309375 0.115625 0.31875 0.1109375 0.3296875 0.1046875 0.328125 0.0921875 0.3109375 0.075 0.30625 0.078125 0.2953125 0.0890625 0.2921875
1 0.1546875 0.309375 0.1625 0.325 0.1609375 0.3515625 0.1578125 0.3625 0.1359375 0.3625 0.1328125 0.3546875 0.125 0.3484375 0.1125 0.3296875 0.1171875 0.3109375 0.121875 0.30625 0.1453125 0.3046875 0.153125 0.309375
1 0.090625 0.3109375 0.1015625 0.328125 0.075 0.33125 0.0671875 0.3421875 0.065625 0.3578125 0.0625 0.3625 0.0546875 0.3609375 0.0515625 0.3484375 0.0546875 0.3140625 0.059375 0.309375 0.071875 0.3078125 0.0890625 0.3109375
3 0.9328125 0.50625 0.934375 0.5125 0.93125 0.51875 0.93125 0.54375 0.921875 0.55625 0.9171875 0.55625 0.9125 0.553125 0.903125 0.540625 0.8953125 0.540625 0.890625 0.5375 0.884375 0.5375 0.884375 0.5359375 0.890625 0.53125 0.8890625 0.5109375 0.8921875 0.5046875 0.9046875 0.5046875 0.9109375 0.5015625 0.93125 0.50625
4 0.73125 0.303125 0.73125 0.3078125 0.7234375 0.30625 0.725 0.303125 0.7296875 0.303125
4 0.121875 0.38828125 0.0203125 0.00859375
4 0.928125 0.51875 0.93125 0.51875 0.9328125 0.521875 0.9296875 0.528125 0.928125 0.5203125
4 0.6328125 0.353125 0.640625 0.353125 0.640625 0.3578125 0.6359375 0.3609375 0.63125 0.359375 0.6328125 0.3546875
4 0.215625 0.371875 0.2296875 0.371875 0.2296875 0.375 0.225 0.378125 0.215625 0.378125 0.2140625 0.3765625 0.215625 0.3734375
4 0.3375 0.5046875 0.3421875 0.5078125 0.3421875 0.515625 0.3359375 0.515625 0.3265625 0.5109375 0.3265625 0.5046875 0.3359375 0.5046875
4 0.15625 0.35078125 0.01015625 0.00625