2 0.8578125 0.36484375 0.08515625 0.06875
1 0.9796875 0.2578125 0.9859375 0.2671875 0.9859375 0.2734375 0.98125 0.278125 0.959375 0.2765625 0.959375 0.2671875 0.9640625 0.259375 0.96875 0.25625 0.978125 0.2578125
1 0.321875 0.41875 0.328125 0.4203125 0.3328125 0.425 0.3359375 0.446875 0.3390625 0.4546875 0.340625 0.4640625 0.340625 0.5171875 0.3390625 0.5203125 0.340625 0.521875 0.3390625 0.5375 0.3359375 0.54375 0.33125 0.5453125 0.31875 0.559375 0.315625 0.565625 0.3125 0.590625 0.3109375 0.5953125 0.30625 0.5984375 0.303125 0.596875 0.2953125 0.5984375 0.2859375 0.596875 0.2375 0.5984375 0.234375 0.596875 0.2328125 0.59375 0.234375 0.5296875 0.2421875 0.5078125 0.240625 0.49375 0.24375 0.4890625 0.25 0.4859375 0.2578125 0.459375 0.2703125 0.4390625 0.2875 0.421875 0.29375 0.41875 0.3203125 0.41875
1 0.9984375 0.328125 0.9984375 0.3921875 0.9953125 0.3953125 0.990625 0.3921875 0.9859375 0.396875 0.984375 0.4078125 0.978125 0.4078125 0.971875 0.3984375 0.9640625 0.4 0.953125 0.396875 0.9421875 0.396875 0.9390625 0.403125 0.9359375 0.4015625 0.934375 0.4 0.934375 0.371875 0.946875 0.34375 0.9578125 0.3296875 0.9671875 0.325 0.99375 0.325 0.996875 0.328125
1 0 0.6234375 0.021875 0.6234375 0.04375 0.634375 0.04375 0.6515625 0.0515625 0.6640625 0.059375 0.6859375 0.0625 0.6921875 0.0671875 0.696875 0.0734375 0.6984375 0.0765625 0.703125 0.078125 0.709375 0.0765625 0.7328125 0.0828125 0.746875 0.0828125 0.7625 0.08125 0.7640625 0.0828125 0.7859375 0.0578125 0.8171875 0.0546875 0.83125 0.0484375 0.83125 0.0453125 0.834375 0.04375 0.846875 0.0359375 0.8703125 0.015625 0.890625 0 0.8921875 0 0.625
1 0.19375 0.2328125 0.2 0.2390625 0.2046875 0.253125 0.2046875 0.2578125 0.2 0.2625 0.18125 0.2625 0.175 0.2578125 0.1765625 0.234375 0.1828125 0.23125 0.1921875 0.2328125
1 0.834375 0.3140625 0.8390625 0.3234375 0.8390625 0.3296875 0.825 0.3375 0.8203125 0.34375 0.8140625 0.3609375 0.8109375 0.3796875 0.8078125 0.3828125 0.7890625 0.38125 0.78125 0.3859375 0.778125 0.3859375 0.775 0.3796875 0.775 0.3609375 0.7765625 0.353125 0.7859375 0.340625 0.7921875 0.325 0.80625 0.3140625 0.8328125 0.3140625
1 0.265625 0.2578125 0.278125 0.2625 0.2875 0.275 0.290625 0.290625 0.2890625 0.2984375 0.271875 0.2984375 0.2625 0.303125 0.2578125 0.296875 0.25 0.2953125 0.2484375 0.2921875 0.25 0.2625 0.253125 0.259375 0.2640625 0.259375
1 0.8953125 0.390625 0.89375 0.3875 0.8953125 0.3734375 0.89375 0.3390625 0.8984375 0.3328125 0.90625 0.328125 0.9359375 0.328125 0.9421875 0.3484375 0.940625 0.35625 0.9328125 0.3703125 0.93125 0.3828125 0.91875 0.3953125 0.9078125 0.390625 0.896875 0.390625
1 0.3734375 0.3296875 0.3890625 0.334375 0.3953125 0.3390625 0.4046875 0.3546875 0.4109375 0.371875 0.409375 0.396875 0.4078125 0.3984375 0.4 0.396875 0.3859375 0.3984375 0.38125 0.4015625 0.3734375 0.4015625 0.365625 0.3921875 0.353125 0.3890625 0.3484375 0.38125 0.3484375 0.359375 0.353125 0.3390625 0.35625 0.3328125 0.371875 0.3296875
3 0.85 0.4 0.8546875 0.3984375 0.859375 0.403125 0.8625 0.434375 0.8671875 0.4375 0.86875 0.4296875 0.871875 0.428125 0.865625 0.45 0.859375 0.4390625 0.8546875 0.440625 0.85 0.4515625 0.8453125 0.45 0.846875 0.4078125 0.85 0.4015625
3 0.284375 0.34609375 0.0140625 0.03828125
3 0.6125 0.3796875 0.61875 0.378125 0.625 0.3875 0.6234375 0.421875 0.6125 0.4234375 0.6109375 0.4265625 0.603125 0.428125 0.5984375 0.41875 0.6 0.409375 0.609375 0.3953125 0.609375 0.3859375 0.6125 0.38125
3 0.6140625 0.328125 0.6203125 0.33125 0.6359375 0.3265625 0.6390625 0.3328125 0.640625 0.346875 0.6359375 0.35 0.63125 0.346875 0.6265625 0.346875 0.6203125 0.3578125 0.6140625 0.3578125 0.609375 0.3484375 0.609375 0.3296875 0.6125 0.328125
4 0.7828125 0.3640625 0.790625 0.3640625 0.7984375 0.3671875 0.796875 0.371875 0.7875 0.371875 0.7828125 0.3703125 0.7828125 0.365625
4 0.8234375 0.4109375 0.825 0.40625 0.8375 0.4078125 0.8359375 0.4125 0.825 0.4109375
4 0.9453125 0.3828125 0.9625 0.3828125 0.965625 0.3859375 0.965625 0.3875 0.9484375 0.3875 0.9453125 0.384375
4 0.2515625 0.5796875 0.253125 0.5703125 0.2734375 0.5703125 0.271875 0.5796875 0.253125 0.5796875
4 0.39921875 0.3859375 0.01171875 0.009375