1 0.896875 0.253125 0.9015625 0.25625 0.9046875 0.2671875 0.9046875 0.2734375 0.896875 0.2875 0.86875 0.2875 0.865625 0.2796875 0.8671875 0.2640625 0.871875 0.2546875 0.8953125 0.253125
1 0.1828125 0.2265625 0.1875 0.2296875 0.1953125 0.2421875 0.1953125 0.2609375 0.1734375 0.2609375 0.16875 0.2578125 0.1671875 0.2484375 0.1703125 0.23125 0.175 0.225 0.18125 0.2265625
1 0.9046875 0.309375 0.90625 0.3109375 0.921875 0.3109375 0.925 0.3140625 0.9296875 0.3328125 0.9296875 0.353125 0.9203125 0.3671875 0.915625 0.3828125 0.9078125 0.3859375 0.9015625 0.396875 0.8984375 0.396875 0.890625 0.3875 0.884375 0.3859375 0.865625 0.3859375 0.8609375 0.3953125 0.853125 0.3953125 0.85 0.36875 0.8515625 0.359375 0.8640625 0.340625 0.8671875 0.328125 0.8734375 0.31875 0.8890625 0.309375 0.903125 0.309375
1 0.9421875 0.334375 0.9625 0.3296875 0.9703125 0.3328125 0.9828125 0.3328125 0.9859375 0.3390625 0.9859375 0.3484375 0.9890625 0.3578125 0.9890625 0.3953125 0.984375 0.4 0.9796875 0.3984375 0.975 0.4 0.9703125 0.415625 0.965625 0.415625 0.959375 0.4078125 0.953125 0.409375 0.928125 0.4078125 0.9203125 0.4125 0.9171875 0.409375 0.9171875 0.3890625 0.9203125 0.375 0.925 0.3640625 0.93125 0.35625 0.9375 0.3390625 0.9421875 0.3359375
1 0.9671875 0.296875 0.9734375 0.3 0.9796875 0.3140625 0.9734375 0.328125 0.9703125 0.3296875 0.9546875 0.328125 0.9515625 0.31875 0.9453125 0.3125 0.9375 0.3109375 0.9453125 0.2984375 0.965625 0.296875
1 0.3484375 0.35625 0.359375 0.359375 0.365625 0.375 0.365625 0.38125 0.371875 0.3921875 0.3703125 0.396875 0.371875 0.459375 0.3703125 0.4609375 0.3625 0.45625 0.33125 0.4578125 0.328125 0.45625 0.325 0.4484375 0.3234375 0.4046875 0.31875 0.4015625 0.31875 0.396875 0.3234375 0.3921875 0.33125 0.359375 0.346875 0.35625
1 0.6953125 0.303125 0.7 0.3046875 0.7171875 0.321875 0.71875 0.3359375 0.7140625 0.346875 0.6953125 0.3453125 0.6890625 0.3515625 0.684375 0.3515625 0.6796875 0.346875 0.6703125 0.3453125 0.665625 0.340625 0.665625 0.3234375 0.66875 0.3109375 0.6765625 0.303125 0.69375 0.303125
1 0.953125 0.2703125 0.9578125 0.275 0.9578125 0.2921875 0.9546875 0.2953125 0.9453125 0.296875 0.9390625 0.303125 0.9375 0.3078125 0.9390625 0.3109375 0.9328125 0.3109375 0.9296875 0.3078125 0.9203125 0.290625 0.921875 0.278125 0.925 0.271875 0.9328125 0.26875 0.9515625 0.2703125
1 0.9296875 0.3140625 0.934375 0.3125 0.9453125 0.3140625 0.95 0.3171875 0.953125 0.328125 0.9375 0.3359375 0.9328125 0.3421875 0.9328125 0.334375 0.928125 0.3203125 0.9296875 0.315625
1 0.2140625 0.24375 0.2203125 0.246875 0.2265625 0.246875 0.23125 0.2515625 0.2359375 0.2609375 0.2375 0.2765625 0.2359375 0.278125 0.2109375 0.278125 0.2078125 0.275 0.20625 0.2515625 0.2125 0.2453125
1 0.9828125 0.3140625 0.9984375 0.309375 0.9984375 0.3765625 0.9953125 0.3765625 0.990625 0.3703125 0.9875 0.3375 0.9828125 0.33125 0.9765625 0.328125 0.9828125 0.315625
1 0.234375 0.575 0.2359375 0.5765625 0.26875 0.575 0.2859375 0.5796875 0.296875 0.5875 0.3015625 0.6046875 0.3 0.6125 0.3015625 0.646875 0.290625 0.671875 0.284375 0.696875 0.28125 0.703125 0.2765625 0.7046875 0.26875 0.7015625 0.2640625 0.703125 0.2421875 0.725 0.20625 0.7703125 0.2 0.775 0.1890625 0.8109375 0.1828125 0.8171875 0.175 0.821875 0.1640625 0.8171875 0.153125 0.8265625 0.1375 0.828125 0.1265625 0.8328125 0.0890625 0.8265625 0.0828125 0.8203125 0.078125 0.8203125 0.0765625 0.8171875 0.0703125 0.8140625 0.0625 0.796875 0.065625 0.740625 0.08125 0.7125 0.1140625 0.678125 0.1203125 0.6671875 0.121875 0.65 0.1296875 0.65 0.1328125 0.646875 0.15 0.61875 0.16875 0.6 0.1953125 0.5796875 0.2265625 0.578125 0.2328125 0.575
1 0.38125 0.3171875 0.390625 0.321875 0.3953125 0.321875 0.4140625 0.35 0.4125 0.3765625 0.4078125 0.378125 0.3953125 0.3765625 0.384375 0.38125 0.3796875 0.38125 0.378125 0.3734375 0.375 0.3703125 0.3671875 0.3703125 0.3578125 0.35625 0.35625 0.35 0.35625 0.334375 0.359375 0.321875 0.365625 0.3171875 0.3796875 0.3171875
1 0.8890625 0.2890625 0.896875 0.29375 0.9 0.30625 0.8875 0.3078125 0.8796875 0.3125 0.8671875 0.3234375 0.865625 0.328125 0.8625 0.328125 0.8609375 0.3171875 0.8546875 0.3109375 0.859375 0.3015625 0.86875 0.2921875 0.8875 0.2890625
1 0.2796875 0.2625 0.2890625 0.26875 0.3015625 0.2890625 0.303125 0.3078125 0.3 0.315625 0.2921875 0.3125 0.2765625 0.3140625 0.275 0.303125 0.271875 0.2984375 0.26875 0.3 0.265625 0.3109375 0.2625 0.3078125 0.2578125 0.3078125 0.2546875 0.2953125 0.2546875 0.275 0.2578125 0.2640625 0.2625 0.2609375 0.278125 0.2625
1 0.8546875 0.3125 0.859375 0.31875 0.8609375 0.3390625 0.853125 0.35 0.8484375 0.365625 0.8421875 0.3703125 0.8375 0.378125 0.8328125 0.3765625 0.83125 0.3734375 0.80625 0.3734375 0.8 0.3765625 0.796875 0.3640625 0.7984375 0.3453125 0.80625 0.3359375 0.80625 0.33125 0.8125 0.3265625 0.8234375 0.3125 0.828125 0.3109375 0.8515625 0.3109375 0.853125 0.3125
1 0.984375 0.2828125 0.9984375 0.2859375 0.9984375 0.30625 0.990625 0.3109375 0.9796875 0.3125 0.975 0.3 0.96875 0.296875 0.9671875 0.29375 0.96875 0.2890625 0.975 0.284375 0.9828125 0.284375
1 0.50625 0.359375 0.515625 0.3640625 0.5296875 0.3828125 0.5296875 0.390625 0.5375 0.4 0.5390625 0.4296875 0.5359375 0.4359375 0.5328125 0.4375 0.5203125 0.4375 0.5015625 0.44375 0.4953125 0.4421875 0.49375 0.4328125 0.4890625 0.4265625 0.48125 0.4234375 0.4703125 0.425 0.4671875 0.4234375 0.4640625 0.4140625 0.4640625 0.396875 0.4671875 0.384375 0.4671875 0.3734375 0.475 0.359375 0.5046875 0.359375
1 0.9109375 0.290625 0.921875 0.29375 0.925 0.2984375 0.928125 0.3125 0.921875 0.3078125 0.9015625 0.30625 0.8984375 0.2921875 0.909375 0.290625
3 0.7546875 0.4578125 0.753125 0.4359375 0.75625 0.4203125 0.75625 0.39375 0.7609375 0.390625 0.7625 0.390625 0.7640625 0.40625 0.7671875 0.409375 0.775 0.4078125 0.7796875 0.4125 0.7796875 0.41875 0.7734375 0.421875 0.7765625 0.4453125 0.775 0.446875 0.765625 0.4453125 0.7625 0.4484375 0.7609375 0.45625 0.75625 0.4578125
3 0.159375 0.303125 0.0140625 0.0265625
3 0.996875 0.671875 0.9984375 0.6734375 0.9984375 0.7265625 0.996875 0.728125 0.9984375 0.7703125 0.9890625 0.7515625 0.9890625 0.725 0.9828125 0.7234375 0.984375 0.70625 0.990625 0.7015625 0.99375 0.690625 0.99375 0.684375 0.9859375 0.678125 0.984375 0.671875 0.9875 0.66875 0.9921875 0.66875 0.9953125 0.671875
3 0.196875 0.453125 0.2 0.4609375 0.2 0.471875 0.209375 0.4875 0.209375 0.5015625 0.2015625 0.509375 0.1953125 0.509375 0.1921875 0.50625 0.19375 0.4671875 0.1890625 0.459375 0.1953125 0.453125
3 0.140625 0.478125 0.1453125 0.4796875 0.1515625 0.4890625 0.153125 0.5109375 0.1578125 0.5140625 0.1625 0.5140625 0.16875 0.5234375 0.16875 0.5390625 0.1625 0.5515625 0.1546875 0.553125 0.1390625 0.5453125 0.128125 0.55625 0.115625 0.5578125 0.1109375 0.565625 0.1046875 0.56875 0.0921875 0.565625 0.0875 0.559375 0.084375 0.5375 0.090625 0.5265625 0.090625 0.51875 0.09375 0.5140625 0.1109375 0.5109375 0.1171875 0.5140625 0.11875 0.5171875 0.1296875 0.5171875 0.13125 0.51875 0.1296875 0.5375 0.134375 0.54375 0.1390625 0.5421875 0.1390625 0.5140625 0.140625 0.5125 0.1359375 0.503125 0.1359375 0.4984375 0.140625 0.49375 0.1390625 0.4796875
3 0.103125 0.4828125 0.1078125 0.5078125 0.10625 0.5109375 0.096875 0.5109375 0.0921875 0.5140625 0.084375 0.534375 0.08125 0.53125 0.0765625 0.503125 0.071875 0.4953125 0.071875 0.4875 0.078125 0.484375 0.0875 0.490625 0.0953125 0.490625 0.1015625 0.484375
3 0.7203125 0.3796875 0.721875 0.3875 0.7265625 0.3921875 0.73125 0.390625 0.734375 0.39375 0.7359375 0.403125 0.7359375 0.415625 0.73125 0.4328125 0.728125 0.4375 0.7234375 0.4375 0.7203125 0.421875 0.7203125 0.3984375 0.721875 0.396875 0.7203125 0.38125
4 0.3421875 0.4390625 0.35625 0.4390625 0.35625 0.4453125 0.353125 0.446875 0.34375 0.446875 0.340625 0.4421875 0.3421875 0.440625
4 0.396875 0.3625 0.4078125 0.3625 0.40625 0.36875 0.3984375 0.36875 0.396875 0.3640625
4 0.86875 0.2734375 0.8765625 0.2734375 0.8796875 0.2765625 0.8703125 0.278125 0.86875 0.275
4 0.078125 0.5 0.0796875 0.5015625 0.078125 0.509375 0.0734375 0.5078125 0.0734375 0.5015625 0.0765625 0.5
4 0.93125 0.3921875 0.946875 0.39375 0.946875 0.3984375 0.934375 0.3984375 0.93125 0.396875 0.93125 0.39375
4 0.8734375 0.2734375 0.878125 0.2765625 0.875 0.278125 0.86875 0.2765625 0.871875 0.2734375
4 0.51875 0.421875 0.5234375 0.4203125 0.53125 0.421875 0.528125 0.428125 0.51875 0.428125 0.51875 0.4234375
4 0.1 0.8 0.103125 0.803125 0.103125 0.825 0.1015625 0.8265625 0.0890625 0.8234375 0.0859375 0.8109375 0.0859375 0.803125 0.0890625 0.7984375 0.0984375 0.8
4 0.0859375 0.54375 0.084375 0.5421875 0.0859375 0.53125 0.0890625 0.5296875 0.090625 0.5328125 0.0875 0.5421875
4 0.675 0.334375 0.678125 0.3359375 0.678125 0.340625 0.6703125 0.340625 0.6703125 0.3359375 0.6734375 0.334375
4 0.80625 0.3578125 0.8171875 0.359375 0.8171875 0.3625 0.80625 0.3625 0.80625 0.359375