2 0.1421875 0.36484375 0.08515625 0.06875
1 0.0328125 0.2578125 0.0390625 0.2671875 0.0390625 0.2765625 0.0328125 0.278125 0.0296875 0.2765625 0.0171875 0.278125 0.0125 0.2734375 0.0125 0.2671875 0.01875 0.2578125 0.021875 0.25625 0.03125 0.2578125
1 0.7046875 0.41875 0.7109375 0.421875 0.728125 0.4390625 0.7359375 0.45 0.74375 0.4671875 0.746875 0.4828125 0.7578125 0.49375 0.75625 0.5078125 0.7640625 0.5296875 0.7640625 0.553125 0.765625 0.5546875 0.765625 0.59375 0.7609375 0.5984375 0.75625 0.596875 0.7359375 0.596875 0.734375 0.5984375 0.6953125 0.596875 0.6921875 0.5984375 0.6890625 0.596875 0.684375 0.584375 0.6828125 0.565625 0.6765625 0.5546875 0.6671875 0.5453125 0.6640625 0.5453125 0.659375 0.5375 0.6578125 0.4640625 0.665625 0.425 0.6703125 0.4203125 0.6765625 0.41875 0.703125 0.41875
1 0 0.328125 0.0046875 0.325 0.03125 0.325 0.040625 0.3296875 0.0515625 0.34375 0.0640625 0.371875 0.0640625 0.4 0.0625 0.4015625 0.059375 0.403125 0.05625 0.396875 0.0453125 0.396875 0.034375 0.4 0.0265625 0.3984375 0.0203125 0.4078125 0.0140625 0.4078125 0.0125 0.396875 0.0078125 0.3921875 0.003125 0.3953125 0 0.3921875 0 0.3296875
1 0.9984375 0.6234375 0.9984375 0.8921875 0.9828125 0.890625 0.9625 0.8703125 0.9546875 0.846875 0.953125 0.834375 0.95 0.83125 0.94375 0.83125 0.940625 0.8171875 0.915625 0.7859375 0.9171875 0.7734375 0.915625 0.746875 0.921875 0.7328125 0.921875 0.7171875 0.9203125 0.715625 0.921875 0.703125 0.925 0.6984375 0.93125 0.696875 0.9390625 0.6859375 0.946875 0.6640625 0.9546875 0.6515625 0.9546875 0.634375 0.9703125 0.625 0.996875 0.6234375
1 0.8015625 0.234375 0.815625 0.23125 0.8203125 0.2328125 0.8234375 0.2390625 0.8234375 0.2578125 0.8203125 0.2609375 0.7984375 0.2625 0.7953125 0.2609375 0.79375 0.253125 0.796875 0.2421875 0.8015625 0.2359375
1 0.1640625 0.3140625 0.1921875 0.3140625 0.2 0.31875 0.20625 0.325 0.2125 0.340625 0.2203125 0.35 0.2234375 0.3609375 0.2234375 0.3796875 0.2203125 0.3859375 0.209375 0.38125 0.190625 0.3828125 0.1875 0.3796875 0.184375 0.3609375 0.178125 0.34375 0.1734375 0.3375 0.159375 0.3296875 0.159375 0.3234375 0.1640625 0.315625
1 0.7328125 0.2578125 0.7453125 0.259375 0.7484375 0.2625 0.75 0.2671875 0.7484375 0.2953125 0.740625 0.296875 0.7359375 0.303125 0.7265625 0.2984375 0.709375 0.2984375 0.7078125 0.2953125 0.7109375 0.275 0.7203125 0.2625 0.725 0.259375 0.73125 0.259375
1 0.0625 0.328125 0.0921875 0.328125 0.1 0.3328125 0.1046875 0.3390625 0.103125 0.346875 0.1046875 0.3875 0.103125 0.390625 0.090625 0.390625 0.0796875 0.3953125 0.0671875 0.3828125 0.065625 0.3703125 0.0578125 0.35625 0.05625 0.3484375 0.059375 0.334375 0.0625 0.3296875
1 0.63125 0.3296875 0.6421875 0.3328125 0.6453125 0.3390625 0.65 0.359375 0.65 0.38125 0.6453125 0.3890625 0.6328125 0.3921875 0.625 0.4015625 0.6171875 0.4015625 0.6125 0.3984375 0.6 0.396875 0.590625 0.3984375 0.5875 0.39375 0.5875 0.371875 0.59375 0.3546875 0.603125 0.3390625 0.609375 0.334375 0.6296875 0.3296875
3 0.140625 0.4 0.14375 0.3984375 0.1484375 0.4 0.1515625 0.4078125 0.153125 0.45 0.1484375 0.4515625 0.1421875 0.4390625 0.1375 0.440625 0.1328125 0.45 0.1265625 0.4296875 0.1265625 0.428125 0.1296875 0.4296875 0.13125 0.4375 0.1359375 0.434375 0.1390625 0.4171875 0.1375 0.4125 0.140625 0.4015625
3 0.715625 0.34609375 0.0140625 0.03828125
3 0.375 0.421875 0.3734375 0.3875 0.3796875 0.378125 0.3859375 0.3796875 0.3890625 0.3859375 0.3890625 0.3953125 0.3984375 0.409375 0.4 0.41875 0.3953125 0.428125 0.390625 0.428125 0.3859375 0.4234375 0.3765625 0.421875
3 0.3875 0.328125 0.3890625 0.3296875 0.3890625 0.3484375 0.384375 0.3578125 0.378125 0.3578125 0.371875 0.346875 0.3671875 0.346875 0.3640625 0.35 0.359375 0.3484375 0.3578125 0.3421875 0.3625 0.3265625 0.378125 0.33125 0.3859375 0.328125
4 0.2 0.3671875 0.2078125 0.3640625 0.215625 0.3640625 0.215625 0.3703125 0.2109375 0.371875 0.2015625 0.371875 0.2 0.36875
4 0.16953125 0.409375 0.015625 0.00703125
4 0.04453125 0.38515625 0.021875 0.00703125
4 0.725 0.5703125 0.7453125 0.5703125 0.746875 0.571875 0.746875 0.5796875 0.7265625 0.5796875 0.725 0.571875
4 0.60078125 0.3859375 0.01171875 0.009375