3 0.81875 0.2796875 0.821875 0.284375 0.821875 0.296875 0.81875 0.3015625 0.8109375 0.3015625 0.8140625 0.28125 0.8171875 0.2796875
3 0.3296875 0.5234375 0.3359375 0.5375 0.3359375 0.5546875 0.346875 0.5625 0.35 0.5734375 0.35 0.5921875 0.34375 0.6015625 0.3390625 0.6046875 0.3328125 0.603125 0.328125 0.5984375 0.3125 0.596875 0.30625 0.5859375 0.309375 0.5671875 0.309375 0.55625 0.3046875 0.55 0.30625 0.54375 0.309375 0.5390625 0.3140625 0.5390625 0.31875 0.5359375 0.3234375 0.5234375 0.328125 0.5234375
1 0.1609375 0.271875 0.159375 0.2671875 0.1609375 0.2484375 0.1671875 0.2375 0.178125 0.2375 0.1828125 0.2421875 0.1828125 0.2640625 0.1796875 0.2734375 0.1640625 0.2734375 0.1625 0.271875
1 0.85625 0.334375 0.8625 0.346875 0.865625 0.3640625 0.865625 0.3828125 0.859375 0.4171875 0.85625 0.4234375 0.85 0.421875 0.8359375 0.4234375 0.83125 0.4296875 0.8296875 0.440625 0.825 0.446875 0.8203125 0.446875 0.8140625 0.4359375 0.7921875 0.434375 0.7875 0.4359375 0.7828125 0.4421875 0.7765625 0.4421875 0.76875 0.4015625 0.7703125 0.39375 0.775 0.3921875 0.7859375 0.378125 0.79375 0.3546875 0.809375 0.3390625 0.828125 0.334375 0.846875 0.334375 0.8484375 0.3328125 0.8546875 0.334375
1 0.23125 0.2734375 0.240625 0.275 0.2484375 0.2875 0.25 0.296875 0.246875 0.315625 0.228125 0.3171875 0.2234375 0.3125 0.2203125 0.3125 0.215625 0.30625 0.2171875 0.2828125 0.221875 0.275 0.2296875 0.275
1 0.95 0.3578125 0.9546875 0.3640625 0.9609375 0.390625 0.953125 0.41875 0.946875 0.428125 0.9453125 0.4390625 0.940625 0.4453125 0.9375 0.4453125 0.9296875 0.4390625 0.925 0.440625 0.90625 0.4375 0.890625 0.4390625 0.8875 0.4359375 0.8875 0.4078125 0.89375 0.3875 0.9109375 0.359375 0.921875 0.3546875 0.9484375 0.3578125
1 0.44375 0.540625 0.4546875 0.54375 0.4578125 0.546875 0.4796875 0.55 0.5015625 0.5640625 0.50625 0.575 0.509375 0.603125 0.50625 0.625 0.4953125 0.6375 0.490625 0.6578125 0.484375 0.665625 0.4796875 0.6671875 0.4703125 0.659375 0.4453125 0.6734375 0.415625 0.6953125 0.4 0.703125 0.3953125 0.7078125 0.3875 0.728125 0.378125 0.7359375 0.371875 0.7359375 0.3671875 0.728125 0.3625 0.728125 0.3578125 0.73125 0.3390625 0.73125 0.328125 0.728125 0.309375 0.7171875 0.303125 0.7109375 0.3 0.6953125 0.3 0.6671875 0.303125 0.6515625 0.30625 0.64375 0.3171875 0.6296875 0.3375 0.6140625 0.3546875 0.5875 0.3578125 0.5859375 0.3578125 0.5828125 0.384375 0.5546875 0.4140625 0.5390625 0.4296875 0.5375 0.4421875 0.540625
1 0.046875 0.484375 0.090625 0.51875 0.1046875 0.5328125 0.1125 0.5640625 0.1140625 0.6078125 0.1078125 0.6140625 0.1046875 0.621875 0.1 0.6265625 0.0890625 0.63125 0.071875 0.6515625 0.059375 0.653125 0.0484375 0.6421875 0.04375 0.6421875 0.040625 0.6453125 0.0359375 0.6453125 0.025 0.6515625 0.0046875 0.6578125 0.0015625 0.6609375 0 0.6609375 0 0.625 0.003125 0.621875 0 0.6171875 0.003125 0.6140625 0.003125 0.609375 0 0.6078125 0 0.4859375 0.0109375 0.4828125 0.0453125 0.484375
1 0.3109375 0.28125 0.3171875 0.284375 0.328125 0.3 0.328125 0.3234375 0.325 0.3265625 0.3078125 0.3265625 0.30625 0.325 0.303125 0.3046875 0.2921875 0.2875 0.29375 0.28125 0.3 0.2796875 0.309375 0.28125
1 0.1984375 0.2390625 0.20625 0.2453125 0.2078125 0.25625 0.196875 0.26875 0.196875 0.278125 0.1921875 0.2875 0.184375 0.2859375 0.1828125 0.28125 0.1828125 0.2546875 0.184375 0.24375 0.1921875 0.2390625 0.196875 0.2390625
1 0.2546875 0.36875 0.26875 0.3796875 0.275 0.39375 0.2734375 0.421875 0.26875 0.4203125 0.2578125 0.4296875 0.2546875 0.4453125 0.2484375 0.4421875 0.20625 0.4421875 0.203125 0.4359375 0.2046875 0.403125 0.21875 0.375 0.2296875 0.36875 0.253125 0.36875
1 0.215625 0.2578125 0.2203125 0.2625 0.2234375 0.271875 0.2171875 0.2796875 0.2140625 0.2984375 0.2078125 0.3015625 0.2046875 0.3 0.203125 0.2890625 0.1984375 0.2828125 0.1984375 0.26875 0.20625 0.259375 0.2140625 0.2578125
1 0.265625 0.259375 0.26875 0.26875 0.2671875 0.271875 0.2578125 0.2734375 0.2515625 0.2859375 0.246875 0.2828125 0.2421875 0.2734375 0.24375 0.259375 0.2453125 0.2578125 0.2625 0.2578125 0.2640625 0.259375
1 0.9953125 0.2625 0.9984375 0.2640625 0.996875 0.2953125 0.978125 0.29375 0.9765625 0.290625 0.978125 0.275 0.9828125 0.2640625 0.99375 0.2625
1 0.265625 0.2734375 0.284375 0.2796875 0.2890625 0.284375 0.296875 0.3015625 0.3 0.303125 0.303125 0.3140625 0.3015625 0.3375 0.296875 0.3390625 0.290625 0.3359375 0.2765625 0.3359375 0.271875 0.3421875 0.26875 0.3421875 0.2625 0.33125 0.2546875 0.3328125 0.253125 0.33125 0.25 0.31875 0.253125 0.2828125 0.2578125 0.275 0.2640625 0.275
1 0.3859375 0.4125 0.4 0.4171875 0.415625 0.425 0.4203125 0.4296875 0.4359375 0.434375 0.44375 0.4390625 0.4484375 0.453125 0.4484375 0.4703125 0.440625 0.4859375 0.4359375 0.490625 0.43125 0.490625 0.4296875 0.4875 0.4234375 0.484375 0.384375 0.4984375 0.3796875 0.5109375 0.3703125 0.5203125 0.359375 0.509375 0.3421875 0.503125 0.33125 0.5015625 0.3203125 0.4953125 0.3171875 0.48125 0.31875 0.4546875 0.328125 0.4359375 0.3296875 0.428125 0.34375 0.41875 0.371875 0.4109375 0.384375 0.4125
1 0.8375 0.328125 0.840625 0.31875 0.8484375 0.3078125 0.878125 0.3078125 0.884375 0.3234375 0.884375 0.35 0.88125 0.35625 0.8703125 0.3578125 0.865625 0.35625 0.8625 0.3421875 0.8546875 0.33125 0.8421875 0.33125 0.8390625 0.328125
4 0.3234375 0.3109375 0.325 0.315625 0.3203125 0.31875 0.315625 0.3171875 0.3140625 0.3140625 0.3171875 0.3109375 0.321875 0.3109375
4 0.9109375 0.4265625 0.0203125 0.009375
4 0.303125 0.6921875 0.31875 0.6984375 0.321875 0.7078125 0.3203125 0.7109375 0.3140625 0.7109375 0.303125 0.7015625 0.303125 0.69375
4 0.33125 0.4671875 0.3359375 0.4703125 0.3359375 0.4796875 0.328125 0.48125 0.328125 0.46875 0.3296875 0.46875
4 0.2203125 0.4125 0.2265625 0.4140625 0.225 0.421875 0.2203125 0.4203125 0.21875 0.415625 0.2203125 0.4140625
4 0.7921875 0.41875 0.0140625 0.009375
4 0.2453125 0.303125 0.2484375 0.3078125 0.246875 0.3125 0.240625 0.3109375 0.240625 0.3046875 0.24375 0.303125