5 0.259375 0.66875 0.2671875 0.6640625 0.3 0.6546875 0.3796875 0.646875 0.384375 0.64375 0.3984375 0.6421875 0.40625 0.6390625 0.4484375 0.6375 0.4640625 0.640625 0.46875 0.6453125 0.475 0.678125 0.4796875 0.6859375 0.484375 0.703125 0.4921875 0.7515625 0.49375 0.8125 0.5 0.81875 0.4984375 0.834375 0.4953125 0.840625 0.4890625 0.8453125 0.4734375 0.846875 0.4640625 0.8515625 0.453125 0.853125 0.4421875 0.859375 0.440625 0.8875 0.4359375 0.909375 0.4328125 0.915625 0.4265625 0.9203125 0.421875 0.921875 0.4015625 0.9203125 0.390625 0.90625 0.3859375 0.896875 0.384375 0.8875 0.3796875 0.884375 0.3734375 0.8859375 0.371875 0.878125 0.3671875 0.871875 0.359375 0.871875 0.3546875 0.875 0.340625 0.8734375 0.321875 0.875 0.3203125 0.8734375 0.303125 0.878125 0.2875 0.878125 0.284375 0.88125 0.2671875 0.8828125 0.2640625 0.8859375 0.2421875 0.8875 0.2375 0.890625 0.23125 0.890625 0.221875 0.8953125 0.2109375 0.896875 0.203125 0.9078125 0.2015625 0.9265625 0.1953125 0.9359375 0.196875 0.9421875 0.1890625 0.9515625 0.1703125 0.959375 0.15625 0.9578125 0.1421875 0.9390625 0.1375 0.928125 0.1375 0.921875 0.1296875 0.915625 0.1171875 0.915625 0.1109375 0.9125 0.1046875 0.8953125 0.1046875 0.8390625 0.109375 0.8328125 0.1140625 0.81875 0.1140625 0.7953125 0.1171875 0.7859375 0.1265625 0.76875 0.146875 0.75 0.16875 0.734375 0.2 0.721875 0.2046875 0.7234375 0.209375 0.71875 0.215625 0.7171875 0.2265625 0.70625 0.2421875 0.684375 0.253125 0.6734375 0.259375 0.6703125
1 0.721875 0.2796875 0.73125 0.275 0.7484375 0.275 0.7515625 0.278125 0.753125 0.2921875 0.753125 0.3234375 0.75 0.33125 0.7421875 0.3328125 0.7359375 0.340625 0.725 0.3375 0.7078125 0.3375 0.7046875 0.33125 0.70625 0.3109375 0.7078125 0.3046875 0.721875 0.28125
1 0.690625 0.2828125 0.6953125 0.284375 0.7 0.290625 0.703125 0.3125 0.7 0.3234375 0.6859375 0.3328125 0.6640625 0.33125 0.65625 0.328125 0.6546875 0.3265625 0.6546875 0.309375 0.6609375 0.296875 0.6734375 0.284375 0.6890625 0.2828125
1 0.0796875 0.35 0.090625 0.3640625 0.0953125 0.38125 0.0984375 0.384375 0.1046875 0.4015625 0.1046875 0.4265625 0.1015625 0.428125 0.096875 0.425 0.06875 0.4265625 0.059375 0.4328125 0.05 0.43125 0.0484375 0.421875 0.0453125 0.4171875 0.0328125 0.415625 0.028125 0.39375 0.0296875 0.3796875 0.0375 0.353125 0.040625 0.35 0.046875 0.3484375 0.0765625 0.3484375 0.078125 0.35
1 0.0609375 0.2578125 0.0640625 0.259375 0.06875 0.26875 0.06875 0.284375 0.0671875 0.2859375 0.046875 0.2859375 0.04375 0.2828125 0.046875 0.2640625 0.0515625 0.259375 0.059375 0.2578125
1 0.1015625 0.31875 0.10625 0.328125 0.1046875 0.33125 0.1 0.33125 0.09375 0.3390625 0.090625 0.359375 0.08125 0.3484375 0.075 0.3453125 0.06875 0.3453125 0.071875 0.3421875 0.06875 0.321875 0.071875 0.3171875 0.0765625 0.315625 0.0875 0.315625 0.1 0.31875
1 0.0390625 0.3234375 0.046875 0.3296875 0.053125 0.346875 0.040625 0.3484375 0.0359375 0.353125 0.0328125 0.3671875 0.0296875 0.371875 0.0265625 0.390625 0.0234375 0.3953125 0.0171875 0.3953125 0.0125 0.384375 0.003125 0.38125 0.0015625 0.3359375 0.0078125 0.3234375 0.0375 0.3234375
1 0.76796875 0.29765625 0.03046875 0.046875
1 0.13125 0.2984375 0.146875 0.3046875 0.1640625 0.33125 0.165625 0.346875 0.159375 0.3625 0.15625 0.3609375 0.1375 0.3328125 0.1234375 0.328125 0.109375 0.328125 0.1046875 0.3203125 0.10625 0.309375 0.1109375 0.3 0.1296875 0.2984375
1 0.8046875 0.2546875 0.8109375 0.265625 0.8109375 0.2703125 0.803125 0.2796875 0.8015625 0.290625 0.7921875 0.2921875 0.7875 0.290625 0.7859375 0.2859375 0.7875 0.259375 0.7921875 0.2546875 0.803125 0.2546875
1 0.109375 0.3296875 0.1359375 0.334375 0.15 0.353125 0.1609375 0.3765625 0.159375 0.3984375 0.15 0.396875 0.128125 0.3984375 0.1234375 0.403125 0.1171875 0.403125 0.1125 0.39375 0.1015625 0.3875 0.096875 0.378125 0.0921875 0.359375 0.096875 0.3359375 0.1078125 0.3296875
1 0.4625 0.3421875 0.4765625 0.35 0.4796875 0.35625 0.4875 0.3625 0.490625 0.371875 0.490625 0.390625 0.4890625 0.3953125 0.48125 0.4015625 0.4546875 0.403125 0.4515625 0.4078125 0.4453125 0.40625 0.44375 0.4 0.4390625 0.396875 0.421875 0.3953125 0.41875 0.3921875 0.409375 0.3953125 0.4046875 0.390625 0.4015625 0.3734375 0.4046875 0.3640625 0.409375 0.359375 0.4171875 0.3578125 0.43125 0.34375 0.4609375 0.3421875
1 0.1890625 0.3265625 0.1875 0.3125 0.184375 0.30625 0.1796875 0.3140625 0.1796875 0.33125 0.1875 0.340625 0.1859375 0.3453125 0.1796875 0.3421875 0.171875 0.3421875 0.1671875 0.3359375 0.1640625 0.3234375 0.1640625 0.2984375 0.1796875 0.2828125 0.20625 0.2828125 0.215625 0.3015625 0.215625 0.325 0.2125 0.33125 0.2046875 0.33125 0.1984375 0.3234375 0.19375 0.3234375 0.190625 0.3265625
1 0.45 0.6375 0.45625 0.640625 0.4640625 0.640625 0.46875 0.6453125 0.475 0.6765625 0.4796875 0.684375 0.4921875 0.7515625 0.49375 0.8125 0.5 0.81875 0.5 0.8265625 0.4953125 0.840625 0.484375 0.8453125 0.465625 0.8484375 0.4625 0.8515625 0.4453125 0.85625 0.4421875 0.859375 0.440625 0.890625 0.4359375 0.9109375 0.4328125 0.915625 0.421875 0.921875 0.4140625 0.9234375 0.403125 0.921875 0.39375 0.9125 0.3875 0.9015625 0.384375 0.890625 0.3796875 0.8859375 0.3703125 0.8875 0.3703125 0.8828125 0.365625 0.8796875 0.3609375 0.884375 0.3609375 0.8875 0.359375 0.8828125 0.3515625 0.884375 0.3453125 0.878125 0.340625 0.8765625 0.3296875 0.878125 0.3171875 0.875 0.3046875 0.878125 0.29375 0.878125 0.2875 0.88125 0.2703125 0.8828125 0.2578125 0.8875 0.24375 0.8875 0.2390625 0.890625 0.2265625 0.8921875 0.2234375 0.8953125 0.209375 0.8984375 0.203125 0.909375 0.203125 0.91875 0.2 0.9328125 0.196875 0.9359375 0.196875 0.9421875 0.18125 0.95625 0.165625 0.959375 0.159375 0.959375 0.15 0.953125 0.1484375 0.94375 0.1421875 0.9390625 0.1359375 0.9203125 0.128125 0.915625 0.11875 0.915625 0.109375 0.9109375 0.1046875 0.8953125 0.1046875 0.8390625 0.1078125 0.8359375 0.1140625 0.8171875 0.1140625 0.7953125 0.1296875 0.7640625 0.134375 0.7625 0.140625 0.7546875 0.16875 0.734375 0.19375 0.7234375 0.2046875 0.721875 0.21875 0.7140625 0.2421875 0.684375 0.253125 0.6734375 0.2671875 0.6640625 0.3015625 0.6546875 0.3265625 0.653125 0.3359375 0.65 0.3703125 0.6484375 0.40625 0.6390625 0.4109375 0.640625 0.425 0.6375 0.4484375 0.6375
1 0.109375 0.2921875 0.1109375 0.296875 0.1046875 0.309375 0.1046875 0.315625 0.1015625 0.31875 0.0953125 0.315625 0.0765625 0.3140625 0.0734375 0.29375 0.0828125 0.2875 0.1 0.2875 0.1078125 0.2921875
4 0.08203125 0.41875 0.01484375 0.00625
4 0.6640625 0.3203125 0.66875 0.3234375 0.6671875 0.3265625 0.659375 0.325 0.659375 0.321875 0.6625 0.3203125
4 0.6625 0.31875 0.665625 0.3171875 0.671875 0.31875 0.671875 0.3234375 0.6671875 0.3265625 0.6625 0.3234375 0.6625 0.3203125
4 0.0953125 0.4140625 0.0953125 0.4171875 0.090625 0.4203125 0.0765625 0.41875 0.0828125 0.4140625 0.09375 0.4140625
4 0.0828125 0.415625 0.0828125 0.41875 0.078125 0.421875 0.071875 0.421875 0.06875 0.41875 0.0734375 0.415625 0.08125 0.415625
4 0.1515625 0.3875 0.1484375 0.3921875 0.140625 0.3921875 0.1375 0.3890625 0.15 0.3875
4 0.0859375 0.4140625 0.090625 0.4125 0.0984375 0.4140625 0.09375 0.4203125 0.0859375 0.41875 0.084375 0.4171875 0.0859375 0.415625
4 0.4765625 0.3734375 0.48125 0.3734375 0.4796875 0.3828125 0.4765625 0.3828125 0.4765625 0.375
4 0.15 0.3859375 0.153125 0.3875 0.1515625 0.390625 0.1421875 0.390625 0.1421875 0.3875 0.1484375 0.3859375