3 0.3859375 0.64375 0.3890625 0.6515625 0.39375 0.6484375 0.4015625 0.6546875 0.4046875 0.6625 0.403125 0.678125 0.4140625 0.6859375 0.415625 0.69375 0.421875 0.703125 0.421875 0.7234375 0.4125 0.7328125 0.4015625 0.73125 0.3953125 0.721875 0.390625 0.71875 0.3828125 0.7234375 0.3765625 0.721875 0.375 0.7125 0.3796875 0.6984375 0.378125 0.6828125 0.3796875 0.66875 0.3734375 0.665625 0.371875 0.65625 0.3734375 0.653125 0.3765625 0.653125 0.3796875 0.6578125 0.3828125 0.6578125 0.3875 0.6515625 0.3859375 0.6453125
3 0.8984375 0.275 0.903125 0.278125 0.903125 0.2890625 0.896875 0.2921875 0.8953125 0.2875 0.896875 0.2765625
3 0 0.7390625 0.00625 0.7484375 0.0078125 0.75625 0.0140625 0.7640625 0.0171875 0.775 0.0140625 0.8234375 0.009375 0.8375 0 0.8515625 0 0.740625
3 0.1609375 0.3140625 0.16875 0.3140625 0.165625 0.3375 0.159375 0.334375 0.1578125 0.3234375 0.1609375 0.315625
3 0.8203125 0.28125 0.821875 0.296875 0.8171875 0.3015625 0.8140625 0.3015625 0.8109375 0.296875 0.8140625 0.28125 0.815625 0.2796875 0.81875 0.28125
3 0.8453125 0.284375 0.85 0.284375 0.8546875 0.2875 0.8546875 0.3 0.8515625 0.303125 0.846875 0.303125 0.8453125 0.3015625 0.8453125 0.2859375
3 0.33359375 0.49296875 0.03125 0.0796875
1 0.20625 0.2546875 0.2078125 0.2625 0.2046875 0.278125 0.2046875 0.2921875 0.2 0.296875 0.196875 0.296875 0.190625 0.290625 0.1890625 0.275 0.1953125 0.25625 0.2046875 0.2546875
1 0.1734375 0.2390625 0.1765625 0.24375 0.1765625 0.25 0.1703125 0.2703125 0.159375 0.265625 0.1578125 0.2484375 0.1640625 0.2390625 0.171875 0.2390625
1 0.95625 0.25625 0.965625 0.259375 0.9703125 0.2640625 0.9734375 0.275 0.971875 0.28125 0.965625 0.2828125 0.946875 0.2796875 0.95 0.2609375 0.9546875 0.2578125
1 0.2828125 0.278125 0.2890625 0.2796875 0.2984375 0.2890625 0.30625 0.309375 0.30625 0.321875 0.3 0.3265625 0.2796875 0.3265625 0.26875 0.3234375 0.265625 0.3203125 0.2640625 0.3078125 0.2671875 0.2875 0.271875 0.28125 0.28125 0.2796875
1 0.99375 0.278125 0.9984375 0.2796875 0.9984375 0.3078125 0.99375 0.321875 0.9859375 0.3328125 0.978125 0.3328125 0.9640625 0.3375 0.959375 0.3375 0.959375 0.315625 0.9640625 0.2953125 0.9671875 0.2890625 0.9765625 0.2796875 0.9921875 0.278125
1 0.9359375 0.3203125 0.94375 0.325 0.946875 0.3390625 0.94375 0.36875 0.9359375 0.3703125 0.9296875 0.3765625 0.8921875 0.3765625 0.890625 0.378125 0.8875 0.3765625 0.8875 0.3546875 0.89375 0.3359375 0.90625 0.321875 0.9125 0.31875 0.9328125 0.31875 0.934375 0.3203125
1 0.2578125 0.365625 0.2703125 0.3796875 0.2703125 0.4 0.271875 0.4015625 0.26875 0.4171875 0.2640625 0.4234375 0.2625 0.4375 0.25625 0.4359375 0.2546875 0.4328125 0.2203125 0.4328125 0.21875 0.4359375 0.215625 0.4359375 0.2125 0.425 0.2140625 0.4 0.2171875 0.3953125 0.2203125 0.3765625 0.225 0.36875 0.2359375 0.3625 0.246875 0.3625 0.25625 0.365625
1 0.25625 0.26875 0.2734375 0.2671875 0.2796875 0.26875 0.2828125 0.2734375 0.28125 0.278125 0.2703125 0.28125 0.2671875 0.284375 0.2625 0.30625 0.259375 0.30625 0.2515625 0.3015625 0.25 0.2875 0.2515625 0.275 0.25625 0.2703125
1 0.184375 0.265625 0.02109375 0.03515625
1 0.9984375 0.359375 0.9984375 0.3953125 0.996875 0.396875 0.9859375 0.3953125 0.98125 0.390625 0.98125 0.375 0.984375 0.3671875 0.9875 0.3625 0.996875 0.359375
1 0.7421875 0.3375 0.740625 0.3234375 0.74375 0.3109375 0.7484375 0.303125 0.75625 0.296875 0.7765625 0.296875 0.78125 0.2984375 0.7875 0.3046875 0.7890625 0.309375 0.7875 0.3328125 0.7828125 0.3359375 0.7765625 0.3359375 0.771875 0.3421875 0.765625 0.3390625 0.74375 0.3375
1 0.240625 0.2671875 0.2328125 0.2609375 0.2140625 0.2609375 0.209375 0.2578125 0.209375 0.25 0.2125 0.246875 0.215625 0.2453125 0.23125 0.246875 0.2390625 0.2515625 0.240625 0.265625
1 0.6984375 0.3265625 0.7140625 0.3421875 0.715625 0.3578125 0.7140625 0.3703125 0.7125 0.371875 0.696875 0.3703125 0.6953125 0.346875 0.6921875 0.3421875 0.6875 0.3421875 0.6828125 0.334375 0.6734375 0.3578125 0.671875 0.3765625 0.6640625 0.3765625 0.6578125 0.38125 0.6515625 0.3796875 0.646875 0.3703125 0.646875 0.353125 0.65 0.3421875 0.659375 0.3296875 0.665625 0.325 0.6953125 0.325 0.696875 0.3265625
1 0.209375 0.2578125 0.2171875 0.2625 0.225 0.2609375 0.2359375 0.2640625 0.246875 0.284375 0.2484375 0.2921875 0.2484375 0.3015625 0.2453125 0.3109375 0.234375 0.30625 0.2171875 0.3125 0.20625 0.3 0.20625 0.271875 0.209375 0.259375
1 0.9953125 0.3203125 0.9984375 0.3234375 0.9984375 0.3578125 0.9875 0.359375 0.9875 0.3375 0.99375 0.321875
4 0.6578125 0.3484375 0.6625 0.3484375 0.6609375 0.35625 0.6578125 0.3546875 0.6578125 0.35
4 0.90546875 0.36640625 0.01484375 0.00703125
4 0.23125 0.4046875 0.2390625 0.4046875 0.2390625 0.4125 0.234375 0.4140625 0.23125 0.4125 0.23125 0.40625
4 0.2921875 0.3140625 0.2984375 0.315625 0.296875 0.3203125 0.2921875 0.3203125 0.2921875 0.315625