2 0.8484375 0.446875 0.11328125 0.11796875
1 0.2265625 0.25 0.24375 0.2484375 0.2484375 0.2515625 0.2515625 0.2625 0.2484375 0.2765625 0.2421875 0.2765625 0.2375 0.2859375 0.234375 0.284375 0.2265625 0.2859375 0.2234375 0.278125 0.2234375 0.2578125 0.2265625 0.2515625
1 0.95 0.2890625 0.9515625 0.3265625 0.95 0.33125 0.9453125 0.3328125 0.94375 0.3359375 0.9359375 0.3359375 0.93125 0.3234375 0.925 0.3203125 0.91875 0.3203125 0.915625 0.3140625 0.921875 0.29375 0.9265625 0.2890625 0.9296875 0.2875 0.946875 0.2875 0.9484375 0.2890625
1 0.85 0.309375 0.8515625 0.3109375 0.8609375 0.309375 0.8671875 0.3171875 0.8734375 0.3375 0.871875 0.365625 0.8703125 0.3671875 0.8546875 0.365625 0.85 0.3703125 0.8453125 0.3703125 0.8375 0.3765625 0.8328125 0.375 0.8109375 0.3765625 0.8046875 0.3671875 0.8046875 0.3515625 0.8140625 0.3359375 0.8140625 0.3296875 0.8203125 0.325 0.8296875 0.3109375 0.8484375 0.309375
1 0 0.609375 0.0078125 0.609375 0.009375 0.615625 0.015625 0.6234375 0.015625 0.6671875 0.0125 0.6765625 0 0.6828125 0 0.6109375
1 0.33125 0.29375 0.34375 0.3140625 0.3453125 0.321875 0.3484375 0.3234375 0.353125 0.3390625 0.353125 0.359375 0.346875 0.3609375 0.34375 0.3578125 0.3296875 0.3578125 0.321875 0.3625 0.3171875 0.3625 0.315625 0.353125 0.3125 0.3484375 0.3015625 0.3515625 0.2984375 0.340625 0.2984375 0.3125 0.3046875 0.3078125 0.30625 0.296875 0.3265625 0.2921875 0.3296875 0.29375
1 0.696875 0.325 0.709375 0.33125 0.7109375 0.3421875 0.715625 0.3515625 0.715625 0.3828125 0.7078125 0.3921875 0.703125 0.4046875 0.6953125 0.409375 0.6890625 0.40625 0.6859375 0.3984375 0.6609375 0.4 0.65 0.403125 0.6453125 0.4125 0.6375 0.4171875 0.63125 0.415625 0.625 0.40625 0.6234375 0.4078125 0.6125 0.40625 0.60625 0.396875 0.603125 0.390625 0.603125 0.3796875 0.6078125 0.3640625 0.6109375 0.359375 0.6265625 0.353125 0.6453125 0.3328125 0.6515625 0.3296875 0.66875 0.328125 0.678125 0.325 0.6953125 0.325
1 0.26796875 0.2828125 0.03515625 0.04375
1 0.971875 0.3390625 0.984375 0.34375 0.9859375 0.35625 0.990625 0.3671875 0.990625 0.3921875 0.9875 0.3890625 0.984375 0.3921875 0.984375 0.3984375 0.9765625 0.4125 0.9703125 0.434375 0.9625 0.4328125 0.9578125 0.425 0.9375 0.421875 0.925 0.421875 0.9234375 0.4265625 0.9171875 0.43125 0.9140625 0.428125 0.9125 0.41875 0.9140625 0.390625 0.9203125 0.378125 0.9203125 0.3703125 0.928125 0.3609375 0.9359375 0.3453125 0.94375 0.3390625 0.9703125 0.3390625
1 0.9046875 0.35390625 0.0578125 0.06796875
1 0.5609375 0.59375 0.578125 0.6 0.5921875 0.609375 0.6046875 0.6609375 0.60625 0.70625 0.603125 0.7171875 0.5921875 0.734375 0.5890625 0.765625 0.584375 0.7765625 0.578125 0.7796875 0.571875 0.778125 0.5640625 0.765625 0.5578125 0.7671875 0.5171875 0.8015625 0.5140625 0.80625 0.509375 0.8078125 0.490625 0.828125 0.4859375 0.8546875 0.4765625 0.8703125 0.4703125 0.8734375 0.4625 0.871875 0.45625 0.8578125 0.44375 0.859375 0.4234375 0.853125 0.409375 0.846875 0.3921875 0.83125 0.3859375 0.8203125 0.3796875 0.7984375 0.3796875 0.775 0.3828125 0.7546875 0.3953125 0.7296875 0.4234375 0.6984375 0.4265625 0.6921875 0.425 0.68125 0.4265625 0.675 0.434375 0.671875 0.440625 0.665625 0.453125 0.6421875 0.45625 0.6421875 0.4765625 0.625 0.496875 0.615625 0.509375 0.6046875 0.5171875 0.603125 0.5359375 0.59375 0.54375 0.5921875 0.559375 0.59375
1 0.103125 0.8234375 0.1171875 0.840625 0.1234375 0.853125 0.1328125 0.8625 0.1375 0.871875 0.1390625 0.88125 0.1375 0.890625 0.1328125 0.9 0.1328125 0.909375 0.1421875 0.9359375 0.1515625 0.9484375 0.165625 0.9765625 0.165625 0.98125 0.1703125 0.990625 0.16875 0.9984375 0.075 0.9984375 0.0734375 0.996875 0.0109375 0.9984375 0 0.9953125 0 0.8578125 0.0234375 0.84375 0.053125 0.8296875 0.06875 0.834375 0.08125 0.825 0.0953125 0.821875 0.1015625 0.8234375
1 0.3375 0.29375 0.3421875 0.2953125 0.35 0.29375 0.35625 0.296875 0.3734375 0.321875 0.371875 0.3421875 0.365625 0.3453125 0.35625 0.34375 0.3515625 0.325 0.3359375 0.296875 0.3375 0.2953125
1 0.2875 0.2921875 0.3 0.29375 0.3046875 0.2984375 0.3046875 0.30625 0.2984375 0.3140625 0.296875 0.340625 0.2828125 0.340625 0.2765625 0.33125 0.2765625 0.3046875 0.2796875 0.296875 0.2859375 0.2921875
1 0.290625 0.26875 0.3140625 0.26875 0.3234375 0.275 0.3296875 0.2875 0.328125 0.2921875 0.3109375 0.296875 0.30625 0.296875 0.296875 0.290625 0.2859375 0.290625 0.2859375 0.2796875 0.290625 0.2703125
1 0.590625 0.484375 0.6 0.4890625 0.60625 0.4953125 0.615625 0.525 0.615625 0.578125 0.6125 0.5921875 0.6078125 0.6015625 0.6015625 0.6015625 0.5953125 0.5953125 0.5890625 0.5984375 0.578125 0.5984375 0.565625 0.5921875 0.5484375 0.5890625 0.53125 0.5921875 0.528125 0.5953125 0.515625 0.5984375 0.48125 0.61875 0.4765625 0.6171875 0.475 0.5734375 0.4796875 0.5609375 0.5109375 0.5140625 0.5265625 0.4984375 0.55 0.484375 0.5546875 0.4828125 0.5890625 0.484375
1 0.8 0.371875 0.8078125 0.375 0.8125 0.3796875 0.815625 0.3953125 0.8015625 0.421875 0.796875 0.4453125 0.7921875 0.4515625 0.7859375 0.4546875 0.7828125 0.4671875 0.778125 0.471875 0.771875 0.465625 0.75625 0.4625 0.74375 0.4625 0.7390625 0.4671875 0.7328125 0.4671875 0.7265625 0.45 0.728125 0.434375 0.740625 0.40625 0.7640625 0.378125 0.775 0.371875 0.7828125 0.3703125 0.7984375 0.371875
3 0.2453125 0.315625 0.240625 0.296875 0.24375 0.2875 0.2484375 0.296875 0.2484375 0.3140625 0.246875 0.315625
3 0.9109375 0.26875 0.9171875 0.2703125 0.9171875 0.284375 0.9140625 0.290625 0.9109375 0.290625 0.909375 0.2859375 0.9109375 0.2703125
3 0.9703125 0.284375 0.9703125 0.2703125 0.9765625 0.26875 0.975 0.2828125 0.9703125 0.2859375
4 0.8125 0.49375 0.8234375 0.49375 0.8328125 0.4984375 0.83125 0.503125 0.825 0.503125 0.815625 0.5015625 0.8125 0.4953125
4 0.60625 0.375 0.6109375 0.3796875 0.609375 0.3859375 0.6046875 0.384375 0.603125 0.3796875 0.60625 0.3765625
4 0.4765625 0.609375 0.4859375 0.6125 0.484375 0.6203125 0.478125 0.6203125 0.475 0.615625 0.4765625 0.6109375
4 0.3875 0.8 0.390625 0.8 0.3984375 0.809375 0.4109375 0.8171875 0.4140625 0.8234375 0.4125 0.8328125 0.403125 0.828125 0.3890625 0.815625 0.3859375 0.809375 0.3875 0.8015625
4 0.7359375 0.446875 0.7484375 0.446875 0.7546875 0.453125 0.7515625 0.45625 0.7359375 0.453125 0.7359375 0.4484375
4 0.928125 0.4078125 0.940625 0.4078125 0.9484375 0.4109375 0.9453125 0.415625 0.940625 0.415625 0.9328125 0.4140625 0.928125 0.409375