1 0.3703125 0.48125 0.3796875 0.4828125 0.3828125 0.4859375 0.3875 0.5 0.39375 0.509375 0.3984375 0.5390625 0.3984375 0.5703125 0.3953125 0.578125 0.3890625 0.584375 0.384375 0.596875 0.3828125 0.6046875 0.384375 0.6171875 0.38125 0.63125 0.378125 0.634375 0.3734375 0.63125 0.36875 0.63125 0.3578125 0.6359375 0.3359375 0.6359375 0.334375 0.634375 0.3125 0.6359375 0.3046875 0.63125 0.3015625 0.615625 0.3015625 0.6 0.3046875 0.5734375 0.3109375 0.5609375 0.3109375 0.553125 0.3046875 0.546875 0.30625 0.5421875 0.3109375 0.5390625 0.3140625 0.540625 0.315625 0.5390625 0.3296875 0.5 0.3453125 0.484375 0.36875 0.48125
1 0.9734375 0.25 0.98125 0.2546875 0.9828125 0.2765625 0.978125 0.2796875 0.9640625 0.2765625 0.9609375 0.259375 0.9640625 0.253125 0.971875 0.2515625
1 0.3671875 0.378125 0.3765625 0.390625 0.3765625 0.3953125 0.3796875 0.4 0.3796875 0.4109375 0.384375 0.415625 0.384375 0.421875 0.38125 0.4265625 0.3828125 0.478125 0.3796875 0.48125 0.3578125 0.4796875 0.34375 0.4828125 0.33125 0.49375 0.328125 0.5 0.325 0.4984375 0.3234375 0.490625 0.325 0.4328125 0.31875 0.4265625 0.31875 0.421875 0.3203125 0.41875 0.325 0.41875 0.328125 0.415625 0.334375 0.3875 0.340625 0.3796875 0.365625 0.378125
1 0.99375 0.3328125 0.9984375 0.3359375 0.9984375 0.3890625 0.9921875 0.396875 0.9890625 0.4078125 0.9796875 0.40625 0.98125 0.3875 0.9765625 0.375 0.9765625 0.3671875 0.971875 0.3625 0.96875 0.3625 0.9640625 0.3671875 0.9625 0.3796875 0.95625 0.390625 0.95 0.3953125 0.946875 0.403125 0.9390625 0.403125 0.9390625 0.3796875 0.9421875 0.3671875 0.9515625 0.346875 0.9625 0.334375 0.9765625 0.33125 0.9921875 0.3328125
1 0.93125 0.3109375 0.9328125 0.3125 0.9515625 0.3125 0.9578125 0.328125 0.9578125 0.3359375 0.946875 0.3484375 0.940625 0.365625 0.9359375 0.36875 0.934375 0.3671875 0.9328125 0.3515625 0.928125 0.3359375 0.9203125 0.328125 0.9125 0.3265625 0.9125 0.3234375 0.921875 0.3140625 0.9296875 0.3125
1 0.978125 0.284375 0.990625 0.2890625 0.990625 0.2984375 0.9890625 0.303125 0.98125 0.3109375 0.975 0.328125 0.9703125 0.33125 0.9671875 0.33125 0.965625 0.328125 0.9625 0.296875 0.96875 0.2890625 0.9765625 0.2859375
1 0.1875 0.6328125 0.2 0.6390625 0.2046875 0.64375 0.2078125 0.65 0.209375 0.671875 0.2125 0.6796875 0.2109375 0.70625 0.196875 0.7328125 0.1921875 0.7578125 0.1875 0.7703125 0.178125 0.7765625 0.1703125 0.7765625 0.1640625 0.7703125 0.1265625 0.7984375 0.0796875 0.8453125 0.0734375 0.8484375 0.0609375 0.8625 0.053125 0.8671875 0.05 0.8828125 0.0421875 0.9015625 0.034375 0.9109375 0.0234375 0.9171875 0.0109375 0.9171875 0.0046875 0.9109375 0 0.9109375 0 0.8921875 0.003125 0.890625 0 0.8875 0.003125 0.884375 0.003125 0.8796875 0 0.878125 0 0.7234375 0.003125 0.721875 0.003125 0.71875 0.034375 0.675 0.08125 0.6390625 0.0859375 0.6390625 0.09375 0.634375 0.1078125 0.6328125 0.1109375 0.634375 0.128125 0.6328125 0.1421875 0.6359375 0.1640625 0.6328125 0.16875 0.6296875 0.1859375 0.6328125
1 0.996875 0.25625 0.9984375 0.2578125 0.9984375 0.2765625 0.9953125 0.278125 0.984375 0.2765625 0.9859375 0.259375 0.990625 0.25625 0.9953125 0.25625
1 0.175 0.234375 0.184375 0.2375 0.1921875 0.25 0.19375 0.2625 0.1921875 0.271875 0.1671875 0.2703125 0.165625 0.24375 0.1734375 0.2359375
1 0.959375 0.303125 0.9640625 0.3140625 0.965625 0.33125 0.95625 0.3359375 0.9578125 0.3328125 0.95625 0.3203125 0.95 0.3125 0.928125 0.3109375 0.934375 0.303125 0.9578125 0.303125
1 0.7921875 0.3734375 0.7890625 0.3625 0.7890625 0.35 0.7921875 0.3375 0.8109375 0.309375 0.825 0.3 0.8421875 0.3 0.85625 0.3046875 0.8609375 0.328125 0.85625 0.3625 0.853125 0.3671875 0.8484375 0.3671875 0.8453125 0.3640625 0.8390625 0.365625 0.83125 0.378125 0.8265625 0.3765625 0.8265625 0.3734375 0.821875 0.36875 0.8125 0.3671875 0.8046875 0.3671875 0.8 0.3734375 0.796875 0.375 0.79375 0.3734375
1 0.9984375 0.3078125 0.9984375 0.33125 0.978125 0.33125 0.98125 0.3140625 0.9859375 0.309375 0.996875 0.3078125
1 0.9546875 0.2578125 0.9609375 0.2640625 0.9625 0.271875 0.9625 0.28125 0.959375 0.2828125 0.95 0.28125 0.9359375 0.2828125 0.9359375 0.26875 0.940625 0.259375 0.953125 0.2578125
1 0.3625 0.30625 0.3671875 0.309375 0.38125 0.33125 0.384375 0.3421875 0.384375 0.3625 0.3828125 0.3671875 0.3796875 0.36875 0.371875 0.3640625 0.3640625 0.3640625 0.35625 0.3671875 0.3546875 0.3703125 0.346875 0.3703125 0.3421875 0.3578125 0.3390625 0.35625 0.33125 0.359375 0.3296875 0.3578125 0.328125 0.3546875 0.328125 0.3171875 0.3328125 0.30625 0.3375 0.303125 0.3546875 0.303125 0.3609375 0.30625
1 0.9109375 0.328125 0.9203125 0.3296875 0.925 0.3328125 0.9328125 0.3625 0.9296875 0.3859375 0.9234375 0.3875 0.91875 0.3828125 0.9140625 0.3890625 0.9125 0.396875 0.9078125 0.396875 0.9046875 0.3921875 0.896875 0.39375 0.878125 0.3921875 0.875 0.3953125 0.86875 0.3953125 0.8671875 0.390625 0.8671875 0.3734375 0.8734375 0.35625 0.8734375 0.3484375 0.8859375 0.3328125 0.89375 0.3296875 0.909375 0.328125
1 0.85625 0.3046875 0.85 0.3 0.828125 0.296875 0.8234375 0.2859375 0.8234375 0.278125 0.8265625 0.275 0.85 0.275 0.8578125 0.2859375 0.8578125 0.303125
1 0.821875 0.284375 0.8265625 0.296875 0.8171875 0.3015625 0.803125 0.31875 0.79375 0.325 0.7921875 0.33125 0.7875 0.33125 0.7859375 0.321875 0.790625 0.290625 0.7984375 0.2828125 0.81875 0.2828125 0.8203125 0.284375
3 0.7828125 0.4890625 0.7859375 0.4890625 0.7890625 0.496875 0.8046875 0.5015625 0.8015625 0.5125 0.8015625 0.5390625 0.803125 0.540625 0.8015625 0.5484375 0.8 0.5515625 0.7984375 0.5484375 0.79375 0.546875 0.7875 0.553125 0.7828125 0.5671875 0.778125 0.5703125 0.7765625 0.553125 0.7796875 0.5453125 0.7796875 0.525 0.7828125 0.515625 0.7828125 0.5 0.784375 0.4984375 0.7828125 0.490625
3 0.08125 0.490625 0.103125 0.496875 0.1078125 0.503125 0.1078125 0.5109375 0.1046875 0.521875 0.0953125 0.5265625 0.075 0.546875 0.06875 0.546875 0.0640625 0.5421875 0.0609375 0.5359375 0.0609375 0.5296875 0.0578125 0.5265625 0.0578125 0.5203125 0.0609375 0.5140625 0.059375 0.49375 0.0703125 0.4890625 0.0796875 0.490625
3 0.9515625 0.39375 0.95625 0.39375 0.959375 0.4 0.9703125 0.403125 0.965625 0.4078125 0.965625 0.415625 0.9703125 0.421875 0.971875 0.4296875 0.9703125 0.446875 0.9671875 0.446875 0.9625 0.4390625 0.9578125 0.44375 0.95625 0.453125 0.953125 0.45625 0.9515625 0.4546875 0.95 0.4515625 0.95 0.4265625 0.953125 0.4078125 0.95 0.3984375 0.9515625 0.3953125
3 0.1953125 0.25625 0.19375 0.24375 0.196875 0.2390625 0.2015625 0.2390625 0.20625 0.2546875 0.203125 0.2578125 0.196875 0.25625
3 0.1328125 0.5 0.1375 0.5078125 0.1390625 0.5046875 0.14375 0.5046875 0.1453125 0.51875 0.14375 0.5265625 0.1484375 0.5296875 0.14375 0.534375 0.1359375 0.5375 0.1296875 0.54375 0.1296875 0.546875 0.1234375 0.5515625 0.11875 0.5515625 0.1140625 0.5453125 0.1125 0.53125 0.1078125 0.521875 0.1078125 0.5140625 0.1109375 0.503125 0.1140625 0.5 0.13125 0.5
3 0.7390625 0.9234375 0.75 0.928125 0.7640625 0.928125 0.7703125 0.9328125 0.7703125 0.9375 0.746875 0.9421875 0.7515625 0.9953125 0.734375 0.9984375 0.7265625 0.9984375 0.7234375 0.9953125 0.7203125 0.978125 0.7203125 0.946875 0.728125 0.9296875 0.7375 0.9234375
3 0.521875 0.7890625 0.5265625 0.7890625 0.5328125 0.784375 0.546875 0.784375 0.5515625 0.796875 0.55 0.8234375 0.546875 0.83125 0.54375 0.8328125 0.54375 0.8375 0.5390625 0.846875 0.5390625 0.8546875 0.534375 0.8609375 0.5296875 0.8515625 0.5265625 0.828125 0.5234375 0.8234375 0.51875 0.825 0.515625 0.821875 0.5140625 0.8140625 0.5140625 0.803125 0.5203125 0.8015625 0.521875 0.790625
4 0.8890625 0.378125 0.8921875 0.3796875 0.890625 0.384375 0.878125 0.3828125 0.8796875 0.378125 0.8875 0.378125
4 0.34375 0.6140625 0.346875 0.615625 0.346875 0.6234375 0.334375 0.625 0.3234375 0.6234375 0.321875 0.6171875 0.325 0.6140625 0.3421875 0.6140625
4 0.34375 0.48125 0.3453125 0.4734375 0.359375 0.4734375 0.3578125 0.4796875 0.3453125 0.48125
4 0.109375 0.51953125 0.00703125 0.01171875
4 0.8015625 0.353125 0.815625 0.3546875 0.815625 0.3578125 0.80625 0.3578125 0.8015625 0.3546875
4 0.5421875 0.809375 0.54375 0.8109375 0.5421875 0.825 0.5328125 0.8234375 0.534375 0.8109375 0.540625 0.809375