1 0.065625 0.303125 0.0796875 0.3296875 0.0796875 0.340625 0.0625 0.328125 0.05 0.3265625 0.040625 0.321875 0.0328125 0.321875 0.0296875 0.3140625 0.034375 0.3046875 0.040625 0.3 0.0546875 0.3 0.0640625 0.303125
1 0.6625 0.3 0.6734375 0.296875 0.6921875 0.3 0.6921875 0.3078125 0.7 0.321875 0.6984375 0.3453125 0.6953125 0.3515625 0.690625 0.346875 0.6859375 0.3484375 0.6796875 0.3625 0.6609375 0.35625 0.653125 0.3578125 0.6484375 0.3625 0.6453125 0.359375 0.6453125 0.334375 0.6515625 0.3171875 0.6625 0.3015625
1 0.7 0.2765625 0.7109375 0.278125 0.7140625 0.2859375 0.7015625 0.2890625 0.6921875 0.296875 0.68125 0.2953125 0.6796875 0.2921875 0.6875 0.2796875 0.6984375 0.2765625
1 0 0.325 0.0125 0.3265625 0.0109375 0.3875 0 0.3859375 0 0.3265625
1 0.7125 0.2875 0.7265625 0.29375 0.728125 0.2984375 0.7234375 0.3078125 0.721875 0.33125 0.7125 0.3375 0.7 0.3359375 0.6984375 0.33125 0.6984375 0.31875 0.69375 0.309375 0.69375 0.296875 0.7015625 0.2890625 0.7109375 0.2890625
1 0.1609375 0.3078125 0.1671875 0.31875 0.175 0.325 0.18125 0.3375 0.1828125 0.365625 0.18125 0.3703125 0.178125 0.371875 0.16875 0.3703125 0.1671875 0.3640625 0.1421875 0.328125 0.1296875 0.3265625 0.1203125 0.321875 0.121875 0.309375 0.1265625 0.3046875 0.15625 0.3046875 0.159375 0.3078125
1 0.74375 0.253125 0.75 0.2546875 0.7515625 0.2625 0.75 0.2921875 0.7328125 0.2984375 0.7234375 0.2875 0.71875 0.2875 0.7140625 0.2796875 0.715625 0.2703125 0.721875 0.259375 0.7296875 0.2546875 0.7421875 0.2546875
1 0.784375 0.2484375 0.7875 0.259375 0.7875 0.2765625 0.778125 0.2828125 0.7578125 0.2828125 0.75625 0.28125 0.75625 0.265625 0.7640625 0.25 0.7703125 0.246875 0.7828125 0.2484375
1 0.0328125 0.284375 0.04375 0.296875 0.0421875 0.3 0.0328125 0.3046875 0.0296875 0.3171875 0.03125 0.3203125 0.0265625 0.3203125 0.0265625 0.315625 0.0171875 0.3 0.0109375 0.2984375 0.0109375 0.2875 0.0203125 0.284375 0.03125 0.284375
1 0.11875 0.3265625 0.140625 0.3296875 0.146875 0.3359375 0.153125 0.35 0.165625 0.3671875 0.16875 0.384375 0.1671875 0.4015625 0.1609375 0.4015625 0.15625 0.39375 0.1515625 0.39375 0.128125 0.3984375 0.121875 0.40625 0.11875 0.40625 0.115625 0.3921875 0.1109375 0.3859375 0.1078125 0.3859375 0.1015625 0.3921875 0.096875 0.3921875 0.0921875 0.365625 0.09375 0.346875 0.096875 0.3421875 0.0984375 0.33125 0.1015625 0.328125 0.1171875 0.3265625
1 0.2140625 0.371875 0.225 0.378125 0.2421875 0.4 0.253125 0.421875 0.2578125 0.4484375 0.253125 0.4609375 0.2390625 0.4578125 0.225 0.465625 0.2078125 0.46875 0.2015625 0.465625 0.196875 0.453125 0.1859375 0.446875 0.1828125 0.4484375 0.175 0.446875 0.16875 0.421875 0.16875 0.4125 0.171875 0.39375 0.178125 0.378125 0.196875 0.3703125 0.2125 0.371875
1 0.0921875 0.2859375 0.103125 0.2890625 0.1125 0.3 0.1171875 0.3203125 0.1078125 0.3265625 0.1 0.3265625 0.090625 0.34375 0.0828125 0.3390625 0.08125 0.3296875 0.071875 0.3109375 0.075 0.2890625 0.090625 0.2859375
1 0.1046875 0.2625 0.1203125 0.2640625 0.125 0.26875 0.125 0.275 0.128125 0.2796875 0.1265625 0.3015625 0.115625 0.3015625 0.103125 0.2875 0.0953125 0.2859375 0.09375 0.278125 0.096875 0.2734375 0.096875 0.26875 0.1 0.2640625 0.103125 0.2640625
5 0.771875 0.2953125 0.78125 0.2984375 0.7890625 0.3359375 0.7875 0.3375 0.7875 0.359375 0.784375 0.3671875 0.7828125 0.38125 0.778125 0.3921875 0.771875 0.3953125 0.7671875 0.403125 0.7640625 0.403125 0.75625 0.3953125 0.7453125 0.3953125 0.734375 0.4 0.7296875 0.3984375 0.721875 0.3828125 0.721875 0.3625 0.7234375 0.3609375 0.725 0.3109375 0.728125 0.3046875 0.7515625 0.29375 0.76875 0.29375 0.7703125 0.2953125
2 0.05390625 0.38046875 0.08359375 0.08984375
2 0.4296875 0.375 0.10703125 0.08671875
4 0.1421875 0.384375 0.15625 0.384375 0.15625 0.390625 0.140625 0.390625 0.1421875 0.3859375
4 0.0734375 0.41484375 0.01796875 0.009375
4 0.746875 0.3828125 0.7484375 0.3875 0.7359375 0.3875 0.734375 0.384375 0.7375 0.3796875 0.7453125 0.3828125
4 0.240625 0.4515625 0.01796875 0.01015625