5 0.978125 0.271875 0.98125 0.275 0.9796875 0.3078125 0.9734375 0.3140625 0.9578125 0.31875 0.9546875 0.321875 0.9546875 0.328125 0.940625 0.3390625 0.9328125 0.35625 0.928125 0.359375 0.9296875 0.3375 0.9234375 0.3140625 0.9171875 0.3078125 0.9 0.30625 0.896875 0.303125 0.903125 0.28125 0.90625 0.278125 0.93125 0.275 0.9359375 0.271875 0.95 0.26875 0.9734375 0.26875 0.9765625 0.271875
1 0.278125 0.2859375 0.2875 0.290625 0.3015625 0.3125 0.3046875 0.3359375 0.303125 0.346875 0.3 0.35 0.290625 0.34375 0.2796875 0.3453125 0.2734375 0.35 0.26875 0.35 0.2625 0.3421875 0.2546875 0.340625 0.2515625 0.3359375 0.253125 0.29375 0.259375 0.2875 0.2765625 0.2859375
1 0.946875 0.334375 0.95625 0.3296875 0.959375 0.33125 0.9765625 0.3296875 0.9859375 0.3328125 0.9890625 0.334375 0.9921875 0.3421875 0.9953125 0.3578125 0.9953125 0.3859375 0.9921875 0.4015625 0.9890625 0.4046875 0.984375 0.403125 0.9796875 0.4046875 0.978125 0.4171875 0.975 0.4203125 0.9625 0.4109375 0.95 0.4078125 0.9375 0.4078125 0.9328125 0.4125 0.925 0.4140625 0.9234375 0.4125 0.9234375 0.3796875 0.9421875 0.3390625 0.946875 0.3359375
1 0.2640625 0.26875 0.26875 0.2671875 0.2875 0.26875 0.296875 0.2828125 0.2921875 0.2921875 0.284375 0.2859375 0.2765625 0.284375 0.265625 0.2859375 0.2609375 0.2828125 0.2609375 0.275 0.2640625 0.2703125
1 0.2046875 0.2390625 0.215625 0.2484375 0.2171875 0.25625 0.2203125 0.2578125 0.2203125 0.2625 0.2140625 0.2578125 0.209375 0.2578125 0.203125 0.2609375 0.196875 0.26875 0.196875 0.271875 0.1921875 0.275 0.184375 0.2734375 0.1828125 0.2703125 0.18125 0.2609375 0.184375 0.24375 0.190625 0.2375 0.203125 0.2390625
1 0.3203125 0.2828125 0.3296875 0.29375 0.334375 0.2921875 0.3390625 0.2953125 0.3421875 0.31875 0.3421875 0.33125 0.3390625 0.3375 0.3125 0.3359375 0.3109375 0.3328125 0.3125 0.2984375 0.3109375 0.296875 0.3078125 0.2984375 0.309375 0.315625 0.30625 0.321875 0.3046875 0.309375 0.2953125 0.296875 0.296875 0.2890625 0.3 0.2859375 0.3078125 0.2890625 0.3140625 0.2828125 0.31875 0.2828125
1 0.1703125 0.2328125 0.175 0.234375 0.1828125 0.2484375 0.1796875 0.2609375 0.1625 0.2609375 0.1578125 0.2578125 0.159375 0.234375 0.16875 0.2328125
1 0.24375 0.2734375 0.2484375 0.275 0.2546875 0.284375 0.25 0.303125 0.25 0.3203125 0.234375 0.325 0.21875 0.315625 0.2171875 0.2875 0.2203125 0.275 0.2234375 0.271875 0.2421875 0.2734375
1 0.2203125 0.2609375 0.221875 0.271875 0.2171875 0.2828125 0.2171875 0.30625 0.2078125 0.30625 0.20625 0.303125 0.2 0.3015625 0.196875 0.271875 0.2015625 0.2625 0.209375 0.259375 0.21875 0.2609375
1 0.825 0.3078125 0.834375 0.309375 0.8375 0.3171875 0.8421875 0.3421875 0.8390625 0.3703125 0.834375 0.38125 0.8296875 0.38125 0.825 0.3734375 0.8203125 0.3734375 0.815625 0.3765625 0.8109375 0.390625 0.8078125 0.3921875 0.7984375 0.3828125 0.79375 0.38125 0.7796875 0.38125 0.7765625 0.3875 0.7734375 0.3890625 0.76875 0.3875 0.765625 0.378125 0.765625 0.3515625 0.7703125 0.3421875 0.7765625 0.3359375 0.7765625 0.3296875 0.78125 0.328125 0.7921875 0.3140625 0.8015625 0.309375 0.8234375 0.3078125
1 0.153125 0.26875 0.1578125 0.26875 0.165625 0.2875 0.165625 0.303125 0.153125 0.3078125 0.15 0.296875 0.153125 0.2703125
1 0.8875 0.296875 0.890625 0.3 0.890625 0.30625 0.8859375 0.3078125 0.8796875 0.315625 0.875 0.3078125 0.865625 0.3078125 0.8640625 0.303125 0.865625 0.3 0.871875 0.296875 0.8859375 0.296875
1 0.2359375 0.2546875 0.2515625 0.2546875 0.2578125 0.259375 0.2609375 0.2671875 0.259375 0.2828125 0.2546875 0.2828125 0.2484375 0.2734375 0.23125 0.2703125 0.2359375 0.25625
1 0.9140625 0.3078125 0.9234375 0.315625 0.9265625 0.328125 0.925 0.3671875 0.91875 0.390625 0.9140625 0.390625 0.9140625 0.3859375 0.9109375 0.3828125 0.9078125 0.3859375 0.9015625 0.403125 0.89375 0.403125 0.890625 0.3921875 0.878125 0.390625 0.86875 0.390625 0.8640625 0.3984375 0.859375 0.4015625 0.8546875 0.396875 0.853125 0.38125 0.8546875 0.3625 0.8578125 0.3546875 0.865625 0.346875 0.871875 0.3296875 0.8859375 0.309375 0.9125 0.3078125
1 0.1953125 0.303125 0.203125 0.315625 0.20625 0.328125 0.2078125 0.3421875 0.20625 0.3484375 0.2 0.346875 0.178125 0.3484375 0.175 0.346875 0.175 0.3421875 0.171875 0.3375 0.16875 0.3375 0.165625 0.3421875 0.1609375 0.3421875 0.1609375 0.321875 0.1671875 0.3078125 0.1765625 0.303125 0.19375 0.303125
1 0.875 0.309375 0.8765625 0.3203125 0.8703125 0.328125 0.865625 0.3421875 0.853125 0.359375 0.853125 0.3625 0.8421875 0.3625 0.84375 0.3375 0.840625 0.3265625 0.840625 0.3171875 0.8484375 0.309375 0.8546875 0.3078125 0.871875 0.3078125 0.8734375 0.309375
1 0.2734375 0.353125 0.2796875 0.359375 0.2890625 0.3765625 0.2921875 0.39375 0.290625 0.4203125 0.2875 0.421875 0.2828125 0.415625 0.2671875 0.415625 0.259375 0.4171875 0.2515625 0.4265625 0.246875 0.4203125 0.246875 0.4140625 0.2421875 0.409375 0.2375 0.4109375 0.234375 0.40625 0.234375 0.3734375 0.24375 0.3578125 0.2625 0.3515625 0.271875 0.353125
1 0.25625 0.2421875 0.259375 0.2484375 0.259375 0.2546875 0.253125 0.25625 0.2484375 0.253125 0.2375 0.253125 0.23125 0.2625 0.23125 0.26875 0.225 0.2671875 0.2234375 0.2625 0.225 0.2515625 0.240625 0.2421875 0.2546875 0.2421875
3 0.834375 0.2984375 0.8390625 0.303125 0.8453125 0.3046875 0.8453125 0.3109375 0.8421875 0.3171875 0.8390625 0.3171875 0.8390625 0.3140625 0.8328125 0.30625 0.834375 0.3
3 0.4515625 0.5234375 0.453125 0.5296875 0.4453125 0.5375 0.44375 0.5765625 0.446875 0.5859375 0.4546875 0.59375 0.4609375 0.59375 0.4625 0.5921875 0.4609375 0.5734375 0.4703125 0.571875 0.48125 0.575 0.48125 0.6421875 0.4765625 0.646875 0.471875 0.646875 0.4703125 0.640625 0.4625 0.6296875 0.459375 0.61875 0.453125 0.6125 0.4453125 0.6109375 0.4390625 0.6140625 0.4359375 0.6078125 0.434375 0.5828125 0.4390625 0.5671875 0.4390625 0.5609375 0.4359375 0.5546875 0.4375 0.5515625 0.4359375 0.528125 0.4390625 0.528125 0.44375 0.5328125 0.4453125 0.5265625 0.45 0.5234375
3 0.3953125 0.4046875 0.3984375 0.40625 0.3984375 0.415625 0.40625 0.434375 0.40625 0.446875 0.403125 0.453125 0.3984375 0.453125 0.39375 0.446875 0.3828125 0.4515625 0.3734375 0.4640625 0.3703125 0.4625 0.3671875 0.4546875 0.3640625 0.43125 0.365625 0.4234375 0.3859375 0.421875 0.39375 0.434375 0.396875 0.428125 0.396875 0.421875 0.3921875 0.415625 0.3921875 0.4109375 0.3953125 0.40625
4 0.7859375 0.365625 0.790625 0.3703125 0.775 0.3703125 0.7734375 0.36875 0.775 0.3640625 0.784375 0.365625
4 0.95625 0.39375 0.9546875 0.3984375 0.9390625 0.3984375 0.9375 0.396875 0.9390625 0.3921875 0.9546875 0.39375
4 0.4796875 0.59375 0.48125 0.5953125 0.4796875 0.60625 0.4734375 0.60625 0.471875 0.6015625 0.471875 0.5953125 0.478125 0.59375
4 0.365625 0.434375 0.3703125 0.4359375 0.36875 0.4421875 0.365625 0.4421875 0.365625 0.4359375
4 0.865625 0.375 0.8765625 0.3734375 0.88125 0.375 0.8828125 0.378125 0.88125 0.3828125 0.8671875 0.3828125 0.865625 0.3765625
4 0.26875 0.390625 0.275 0.3921875 0.2734375 0.396875 0.26875 0.396875 0.26875 0.3921875