5 0.228125 0.2046875 0.2359375 0.209375 0.2484375 0.228125 0.25625 0.2328125 0.2671875 0.234375 0.2703125 0.2375 0.275 0.265625 0.275 0.2921875 0.265625 0.3 0.2578125 0.315625 0.246875 0.315625 0.234375 0.325 0.2265625 0.321875 0.2203125 0.3109375 0.2125 0.3109375 0.2078125 0.30625 0.20625 0.296875 0.20625 0.275 0.2109375 0.2640625 0.2078125 0.2390625 0.203125 0.2328125 0.203125 0.225 0.2078125 0.2109375 0.2140625 0.2046875 0.2203125 0.203125 0.2265625 0.2046875
1 0.975 0.259375 0.9828125 0.2640625 0.984375 0.278125 0.96875 0.2875 0.959375 0.2984375 0.9453125 0.2984375 0.9453125 0.2828125 0.95625 0.2640625 0.965625 0.259375 0.9734375 0.259375
1 0.925 0.2640625 0.9328125 0.275 0.9328125 0.29375 0.93125 0.2953125 0.91875 0.29375 0.9046875 0.2953125 0.9046875 0.2796875 0.9078125 0.2671875 0.9125 0.2640625 0.9234375 0.2640625
1 0.959375 0.3 0.9625 0.3078125 0.9640625 0.328125 0.959375 0.33125 0.9515625 0.315625 0.946875 0.315625 0.94375 0.3125 0.928125 0.3125 0.9265625 0.3109375 0.934375 0.303125 0.9578125 0.3015625
1 0.1609375 0.271875 0.153125 0.25625 0.153125 0.24375 0.15625 0.2359375 0.165625 0.234375 0.1703125 0.2421875 0.1671875 0.2484375 0.1671875 0.265625 0.165625 0.2703125 0.1625 0.2703125
1 0.9984375 0.2578125 0.9984375 0.2765625 0.9953125 0.278125 0.9875 0.278125 0.9828125 0.259375 0.9875 0.2546875 0.9953125 0.2546875 0.996875 0.2578125
1 0.915625 0.328125 0.921875 0.3296875 0.9265625 0.3359375 0.9265625 0.3421875 0.93125 0.353125 0.93125 0.378125 0.9265625 0.3875 0.91875 0.3828125 0.9109375 0.3984375 0.9046875 0.3921875 0.8953125 0.39375 0.878125 0.3921875 0.875 0.3953125 0.8703125 0.3953125 0.8671875 0.390625 0.8671875 0.375 0.871875 0.353125 0.878125 0.346875 0.884375 0.334375 0.89375 0.328125 0.9140625 0.328125
1 0.978125 0.3296875 0.9953125 0.3328125 0.9984375 0.3359375 0.9984375 0.3875 0.9890625 0.40625 0.9875 0.4078125 0.9796875 0.403125 0.9625 0.403125 0.9609375 0.4015625 0.946875 0.4015625 0.9390625 0.4046875 0.9375 0.396875 0.9390625 0.3953125 0.9390625 0.3796875 0.9484375 0.3515625 0.95625 0.3390625 0.9625 0.334375 0.9765625 0.33125
1 0.2828125 0.296875 0.2890625 0.3 0.3 0.315625 0.3015625 0.3421875 0.2765625 0.3453125 0.2734375 0.3453125 0.2640625 0.3375 0.2609375 0.3140625 0.2640625 0.303125 0.2703125 0.296875 0.28125 0.296875
1 0.9484375 0.25625 0.953125 0.2578125 0.95625 0.2625 0.94375 0.284375 0.9359375 0.284375 0.9359375 0.2703125 0.9390625 0.259375 0.946875 0.25625
1 0.9984375 0.290625 0.9984375 0.3015625 0.9921875 0.303125 0.98125 0.3109375 0.9765625 0.31875 0.975 0.328125 0.9703125 0.33125 0.965625 0.3296875 0.9625 0.296875 0.9703125 0.2890625 0.9828125 0.284375 0.996875 0.290625
1 0.01875 0.721875 0.040625 0.725 0.05 0.7296875 0.0578125 0.7375 0.06875 0.740625 0.0859375 0.7640625 0.1140625 0.771875 0.1390625 0.771875 0.1546875 0.775 0.1671875 0.7796875 0.1765625 0.790625 0.18125 0.8125 0.18125 0.828125 0.184375 0.834375 0.184375 0.8640625 0.1796875 0.890625 0.1734375 0.90625 0.1671875 0.915625 0.1625 0.91875 0.159375 0.9265625 0.1515625 0.9296875 0.1453125 0.9359375 0.134375 0.9375 0.128125 0.975 0.121875 0.990625 0.1171875 0.996875 0.1125 0.9984375 0.1078125 0.996875 0.0796875 0.9984375 0.0703125 0.9859375 0.0703125 0.98125 0.0640625 0.9671875 0.065625 0.9625 0.0609375 0.946875 0.0265625 0.9484375 0.021875 0.9515625 0 0.953125 0 0.7234375 0.0171875 0.721875
1 0.1953125 0.228125 0.2 0.23125 0.2046875 0.246875 0.1921875 0.25 0.184375 0.2421875 0.1796875 0.240625 0.178125 0.23125 0.18125 0.2265625 0.19375 0.228125
1 0.171875 0.225 0.178125 0.2296875 0.178125 0.2390625 0.175 0.2421875 0.171875 0.2421875 0.1671875 0.234375 0.1625 0.23125 0.165625 0.225 0.1703125 0.225
1 0.278125 0.271875 0.29375 0.2734375 0.303125 0.2890625 0.303125 0.3078125 0.3 0.3125 0.2875 0.296875 0.278125 0.2921875 0.2765625 0.28125 0.278125 0.2734375
1 0.19375 0.25 0.20625 0.25 0.209375 0.265625 0.20625 0.2703125 0.2046875 0.290625 0.203125 0.2921875 0.1921875 0.290625 0.1890625 0.2859375 0.1890625 0.265625 0.19375 0.2515625
1 0.984375 0.309375 0.99375 0.3046875 0.9984375 0.3046875 0.9984375 0.3328125 0.9765625 0.33125 0.9796875 0.315625 0.984375 0.3109375
1 0.959375 0.3015625 0.9640625 0.315625 0.9640625 0.33125 0.953125 0.3390625 0.946875 0.3515625 0.9390625 0.359375 0.9390625 0.365625 0.9390625 0.3515625 0.946875 0.334375 0.946875 0.31875 0.9390625 0.3140625 0.934375 0.315625 0.9234375 0.3140625 0.9359375 0.303125 0.9578125 0.303125
1 0.946875 0.3140625 0.953125 0.3171875 0.95625 0.328125 0.953125 0.3328125 0.95 0.328125 0.9453125 0.334375 0.940625 0.3546875 0.940625 0.3640625 0.9375 0.3703125 0.934375 0.3703125 0.9328125 0.3671875 0.9328125 0.3546875 0.9265625 0.334375 0.9203125 0.328125 0.915625 0.328125 0.91875 0.31875 0.9265625 0.3125 0.9453125 0.3140625
1 0.171875 0.24375 0.184375 0.24375 0.190625 0.25 0.1875 0.275 0.184375 0.2796875 0.175 0.28125 0.16875 0.2734375 0.16875 0.25 0.171875 0.2453125
3 0.353125 0.3640625 0.3640625 0.3625 0.3671875 0.35625 0.3703125 0.3546875 0.3734375 0.3796875 0.3734375 0.39375 0.3703125 0.396875 0.365625 0.3859375 0.3625 0.3859375 0.359375 0.390625 0.353125 0.390625 0.353125 0.365625
3 0.7921875 0.2984375 0.803125 0.2984375 0.8015625 0.3171875 0.7984375 0.3203125 0.7921875 0.3203125 0.7921875 0.3