1 0.03125 0.26875 0.034375 0.2671875 0.0515625 0.26875 0.0609375 0.2828125 0.0546875 0.2828125 0.0484375 0.2859375 0.0421875 0.2921875 0.034375 0.2828125 0.0328125 0.2859375 0.028125 0.284375 0.028125 0.2765625 0.03125 0.2703125
1 0.1046875 0.2671875 0.109375 0.275 0.1078125 0.2875 0.103125 0.2859375 0.084375 0.2875 0.0828125 0.2859375 0.0828125 0.2734375 0.0875 0.2671875 0.09375 0.265625 0.103125 0.2671875
1 0.121875 0.3046875 0.1375 0.30625 0.14375 0.309375 0.1453125 0.3125 0.146875 0.3171875 0.1421875 0.325 0.1390625 0.340625 0.1359375 0.340625 0.1328125 0.334375 0.125 0.328125 0.1078125 0.321875 0.1078125 0.3140625 0.1109375 0.309375 0.115625 0.3046875 0.1203125 0.3046875
1 0.0296875 0.2671875 0.03125 0.26875 0.0265625 0.2890625 0.0203125 0.2875 0.0140625 0.28125 0.00625 0.2796875 0.003125 0.271875 0.0109375 0.2640625 0.028125 0.2671875
1 0.1265625 0.3328125 0.1453125 0.3546875 0.15 0.3734375 0.1484375 0.3953125 0.1421875 0.396875 0.1359375 0.3921875 0.134375 0.39375 0.115625 0.3921875 0.1078125 0.3984375 0.1015625 0.3953125 0.1 0.3875 0.096875 0.384375 0.090625 0.3828125 0.0890625 0.36875 0.084375 0.35625 0.0828125 0.3390625 0.0921875 0.3296875 0.1078125 0.328125 0.121875 0.3296875 0.125 0.3328125
1 0.01875 0.3328125 0.0203125 0.334375 0.0421875 0.334375 0.0484375 0.3390625 0.065625 0.371875 0.06875 0.3875 0.0671875 0.403125 0.0625 0.40625 0.05625 0.4015625 0.0328125 0.4015625 0.03125 0.403125 0.028125 0.4015625 0.0234375 0.4078125 0.01875 0.4078125 0.015625 0.396875 0.0109375 0.390625 0.0078125 0.3953125 0.003125 0.39375 0.0015625 0.384375 0.003125 0.353125 0.0078125 0.3375 0.0171875 0.334375
1 0.046875 0.2984375 0.05625 0.3078125 0.059375 0.3140625 0.053125 0.3296875 0.053125 0.3375 0.04375 0.3328125 0.0234375 0.33125 0.01875 0.3203125 0.01875 0.309375 0.0234375 0.3 0.0296875 0.3 0.0359375 0.296875 0.0453125 0.2984375
1 0.0171875 0.2859375 0.021875 0.2921875 0.0296875 0.2921875 0.0359375 0.296875 0.021875 0.3015625 0.01875 0.3046875 0.01875 0.3140625 0.0171875 0.3171875 0.0140625 0.3171875 0.00625 0.3109375 0.0046875 0.3 0.0171875 0.2921875 0.01875 0.290625 0.0171875 0.2875
1 0 0.259375 0.0109375 0.259375 0.0171875 0.2625 0.015625 0.265625 0.0046875 0.26875 0.003125 0.2765625 0.0078125 0.2796875 0.003125 0.2796875 0 0.2765625 0 0.2609375
1 0.7796875 0.528125 0.796875 0.5390625 0.825 0.5671875 0.8359375 0.584375 0.8484375 0.6109375 0.8515625 0.6140625 0.8546875 0.609375 0.8578125 0.6109375 0.859375 0.6359375 0.8875 0.6796875 0.8890625 0.7015625 0.8921875 0.7109375 0.890625 0.740625 0.8890625 0.7453125 0.8828125 0.7515625 0.86875 0.7546875 0.8671875 0.753125 0.8484375 0.753125 0.846875 0.7546875 0.8375 0.753125 0.825 0.75625 0.8109375 0.7546875 0.8015625 0.7578125 0.8 0.75625 0.796875 0.7625 0.790625 0.7671875 0.7828125 0.765625 0.775 0.75625 0.7703125 0.740625 0.7671875 0.7125 0.759375 0.7 0.7484375 0.6890625 0.7484375 0.6828125 0.7453125 0.678125 0.7296875 0.6640625 0.725 0.6671875 0.7234375 0.671875 0.71875 0.6734375 0.715625 0.6734375 0.7109375 0.66875 0.7078125 0.6625 0.7046875 0.6328125 0.7 0.6140625 0.7 0.5953125 0.7046875 0.565625 0.7203125 0.5328125 0.7296875 0.525 0.7453125 0.521875 0.765625 0.521875 0.778125 0.528125
1 0.0796875 0.2875 0.08125 0.2890625 0.096875 0.2875 0.1046875 0.2890625 0.1109375 0.29375 0.115625 0.303125 0.109375 0.309375 0.10625 0.3171875 0.1015625 0.3203125 0.0875 0.3109375 0.075 0.3109375 0.075 0.2953125 0.078125 0.2890625
1 0.8203125 0.246875 0.825 0.2609375 0.8234375 0.2734375 0.8203125 0.2765625 0.8078125 0.275 0.8 0.278125 0.796875 0.2765625 0.796875 0.2609375 0.8 0.2546875 0.809375 0.2453125 0.81875 0.246875
1 0.0078125 0.28125 0.0171875 0.284375 0.0203125 0.2890625 0.01875 0.29375 0.0125 0.2953125 0.0046875 0.303125 0.0078125 0.3125 0.003125 0.3109375 0 0.30625 0 0.2828125 0.003125 0.2796875 0.00625 0.28125
1 0.171875 0.3171875 0.1828125 0.31875 0.190625 0.325 0.1984375 0.334375 0.209375 0.35625 0.2109375 0.3640625 0.20625 0.3828125 0.2015625 0.3828125 0.19375 0.378125 0.1796875 0.378125 0.16875 0.384375 0.165625 0.3828125 0.1625 0.3734375 0.1515625 0.3671875 0.146875 0.3484375 0.140625 0.3421875 0.140625 0.3375 0.146875 0.31875 0.1703125 0.3171875
1 0.09375 0.3171875 0.103125 0.325 0.1 0.328125 0.0921875 0.328125 0.084375 0.334375 0.08125 0.340625 0.0796875 0.340625 0.078125 0.3328125 0.0734375 0.3296875 0.0640625 0.3546875 0.059375 0.353125 0.0546875 0.3421875 0.05625 0.328125 0.059375 0.3203125 0.065625 0.3140625 0.0890625 0.3140625 0.0921875 0.3171875
1 0.0734375 0.2859375 0.075 0.2875 0.0734375 0.3078125 0.071875 0.3109375 0.0671875 0.3125 0.0609375 0.3125 0.05625 0.303125 0.046875 0.296875 0.0453125 0.2921875 0.05 0.2859375 0.05625 0.284375 0.071875 0.2859375
1 0 0.3125 0.0109375 0.3171875 0.01875 0.3296875 0.0171875 0.3328125 0 0.340625 0 0.3140625
3 0.125 0.2875 0.13125 0.2875 0.1375 0.296875 0.1359375 0.303125 0.1265625 0.3046875 0.1234375 0.303125 0.125 0.2890625
3 0.084375 0.4 0.0796875 0.396875 0.075 0.396875 0.071875 0.390625 0.0703125 0.38125 0.071875 0.3578125 0.078125 0.35625 0.0859375 0.36875 0.0875 0.375 0.0875 0.396875 0.0859375 0.3984375
3 0.303125 0.49375 0.3046875 0.49375 0.303125 0.5171875 0.30625 0.5234375 0.3046875 0.5359375 0.3109375 0.5484375 0.315625 0.565625 0.3140625 0.5859375 0.3125 0.5875 0.30625 0.5859375 0.3 0.56875 0.296875 0.565625 0.2859375 0.565625 0.2796875 0.56875 0.275 0.5640625 0.271875 0.553125 0.271875 0.546875 0.275 0.5421875 0.278125 0.546875 0.278125 0.5515625 0.2828125 0.55625 0.2890625 0.5515625 0.29375 0.5421875 0.2921875 0.5078125 0.3015625 0.5015625 0.303125 0.4953125
3 0.815625 0.31875 0.8171875 0.31875 0.8171875 0.328125 0.8234375 0.3515625 0.8171875 0.35625 0.8078125 0.3578125 0.803125 0.340625 0.803125 0.334375 0.80625 0.33125 0.809375 0.334375 0.8140625 0.33125 0.815625 0.3203125
4 0.846875 0.7421875 0.853125 0.7390625 0.8671875 0.7375 0.8765625 0.7390625 0.8765625 0.7484375 0.86875 0.7515625 0.846875 0.753125 0.846875 0.74375
4 0.1328125 0.38125 0.1359375 0.3828125 0.134375 0.390625 0.128125 0.390625 0.128125 0.3828125 0.13125 0.38125
4 0.0390625 0.3875 0.05625 0.3875 0.0515625 0.3921875 0.0421875 0.39375 0.0390625 0.3921875 0.0390625 0.3890625