5 0.840625 0.2 0.84375 0.203125 0.84375 0.2359375 0.8421875 0.2390625 0.8375 0.2421875 0.8296875 0.2421875 0.8171875 0.2609375 0.8140625 0.2640625 0.80625 0.265625 0.8015625 0.25625 0.8015625 0.234375 0.8046875 0.2265625 0.8046875 0.209375 0.815625 0.203125 0.8390625 0.2
5 0.025 0.2625 0.034375 0.2640625 0.0375 0.2671875 0.0390625 0.2828125 0.0359375 0.2859375 0.028125 0.2859375 0.025 0.2890625 0.021875 0.2984375 0.021875 0.3109375 0.0140625 0.309375 0.0078125 0.3109375 0.0015625 0.30625 0 0.2671875 0.00625 0.2640625 0.0234375 0.2640625
5 0.5984375 0.296875 0.60625 0.290625 0.6109375 0.278125 0.6421875 0.2703125 0.6578125 0.271875 0.6609375 0.275 0.6609375 0.3203125 0.6578125 0.3328125 0.653125 0.3375 0.65 0.3453125 0.6421875 0.3453125 0.6359375 0.340625 0.6203125 0.3421875 0.6125 0.346875 0.609375 0.35625 0.6046875 0.359375 0.596875 0.35625 0.59375 0.3515625 0.584375 0.35625 0.5796875 0.353125 0.578125 0.35 0.5796875 0.325 0.59375 0.315625 0.5984375 0.2984375
3 0.8015625 0.35 0.8078125 0.35 0.8125 0.353125 0.8125 0.3671875 0.809375 0.371875 0.8046875 0.3734375 0.8015625 0.371875 0.8015625 0.3515625
3 0.8328125 0.303125 0.8375 0.3046875 0.8375 0.3125 0.83125 0.3421875 0.8296875 0.3453125 0.825 0.3453125 0.821875 0.33125 0.8234375 0.309375 0.8265625 0.3046875 0.8296875 0.3078125 0.8328125 0.3046875
3 0.8953125 0.471875 0.8984375 0.4796875 0.90625 0.4890625 0.9078125 0.4953125 0.896875 0.5046875 0.8953125 0.5234375 0.8828125 0.5359375 0.8734375 0.53125 0.86875 0.5203125 0.86875 0.509375 0.8734375 0.5 0.884375 0.4953125 0.8828125 0.48125 0.8890625 0.471875 0.89375 0.471875
1 0.84375 0.24375 0.84375 0.2515625 0.846875 0.2578125 0.846875 0.2703125 0.8453125 0.275 0.8390625 0.2796875 0.81875 0.278125 0.8171875 0.2625 0.8296875 0.24375 0.8359375 0.2421875 0.8421875 0.24375
1 0.0234375 0.2546875 0.0359375 0.2546875 0.0390625 0.2578125 0.0390625 0.265625 0.0375 0.265625 0.0296875 0.2625 0.021875 0.2625 0.0234375 0.25625
1 0.0546875 0.275 0.0765625 0.275 0.0859375 0.290625 0.084375 0.296875 0.0765625 0.30625 0.071875 0.30625 0.0671875 0.2984375 0.053125 0.2859375 0.0546875 0.2765625
1 0.0265625 0.2890625 0.0390625 0.2859375 0.0515625 0.2875 0.0640625 0.296875 0.0703125 0.3078125 0.0703125 0.3125 0.05625 0.315625 0.0484375 0.3265625 0.0375 0.315625 0.0296875 0.3109375 0.025 0.3109375 0.0265625 0.290625
1 0.0765625 0.3140625 0.0828125 0.3171875 0.090625 0.328125 0.090625 0.33125 0.0828125 0.3375 0.0765625 0.3484375 0.0765625 0.3734375 0.06875 0.3734375 0.065625 0.359375 0.0578125 0.34375 0.0546875 0.3421875 0.0515625 0.3328125 0.0515625 0.325 0.05625 0.3171875 0.075 0.3140625
1 0 0.3140625 0.0296875 0.3125 0.0375 0.3171875 0.0484375 0.328125 0.0515625 0.340625 0.059375 0.3484375 0.065625 0.36875 0.065625 0.3984375 0.0625 0.403125 0.05625 0.4015625 0.053125 0.3921875 0.034375 0.3921875 0.0234375 0.3953125 0.0171875 0.40625 0.0109375 0.4078125 0.00625 0.3984375 0.003125 0.3875 0.003125 0.3765625 0 0.3703125 0 0.315625
1 0.68125 0.3328125 0.690625 0.35625 0.6921875 0.371875 0.690625 0.3953125 0.6890625 0.4015625 0.684375 0.4046875 0.68125 0.4171875 0.6734375 0.4109375 0.6546875 0.4078125 0.65 0.4078125 0.6453125 0.415625 0.6421875 0.415625 0.6390625 0.4078125 0.6390625 0.3859375 0.6453125 0.371875 0.6453125 0.3640625 0.65 0.3578125 0.65 0.3515625 0.65625 0.3390625 0.6625 0.3328125 0.6796875 0.3328125
1 0.76953125 0.26015625 0.03671875 0.0484375
1 0.7484375 0.30625 0.04296875 0.05078125
1 0.196875 0.3109375 0.203125 0.3140625 0.2171875 0.33125 0.2265625 0.35 0.228125 0.371875 0.2265625 0.38125 0.2234375 0.3859375 0.2203125 0.3859375 0.2125 0.378125 0.2078125 0.3796875 0.1953125 0.378125 0.1859375 0.3890625 0.18125 0.3875 0.178125 0.375 0.1734375 0.3703125 0.1671875 0.3703125 0.1625 0.3765625 0.1578125 0.3765625 0.153125 0.365625 0.15 0.3328125 0.153125 0.3234375 0.159375 0.321875 0.1625 0.3140625 0.1703125 0.309375 0.19375 0.309375 0.1953125 0.3109375
1 0.121875 0.2953125 0.1234375 0.296875 0.1453125 0.296875 0.1515625 0.3 0.159375 0.309375 0.1578125 0.3203125 0.153125 0.321875 0.1484375 0.3296875 0.1484375 0.346875 0.15 0.3484375 0.1484375 0.3578125 0.1421875 0.35625 0.1375 0.3515625 0.13125 0.3390625 0.1234375 0.33125 0.1109375 0.328125 0.1125 0.2984375 0.1203125 0.2953125
1 0.7109375 0.26875 0.71875 0.26875 0.7234375 0.2765625 0.7234375 0.309375 0.7203125 0.3171875 0.71875 0.31875 0.7125 0.3171875 0.70625 0.3265625 0.6953125 0.321875 0.6765625 0.321875 0.675 0.3171875 0.6765625 0.296875 0.6828125 0.284375 0.6953125 0.275 0.7109375 0.2703125
1 0.125 0.3359375 0.1421875 0.3625 0.1453125 0.371875 0.1453125 0.396875 0.1421875 0.3984375 0.1359375 0.3953125 0.1109375 0.3953125 0.1046875 0.4015625 0.1015625 0.4015625 0.096875 0.3875 0.09375 0.384375 0.0875 0.3875 0.0859375 0.390625 0.08125 0.3890625 0.078125 0.371875 0.078125 0.3484375 0.084375 0.340625 0.084375 0.3375 0.0921875 0.33125 0.109375 0.33125 0.1234375 0.3359375
1 0.040625 0.275 0.05625 0.2765625 0.053125 0.2796875 0.053125 0.2859375 0.040625 0.284375 0.0390625 0.2828125 0.040625 0.2765625
1 0.5359375 0.3546875 0.540625 0.359375 0.5453125 0.3734375 0.546875 0.4140625 0.5390625 0.43125 0.53125 0.428125 0.521875 0.4359375 0.515625 0.4375 0.5078125 0.4515625 0.4734375 0.446875 0.46875 0.4484375 0.459375 0.44375 0.4578125 0.434375 0.4609375 0.4125 0.4796875 0.3734375 0.4890625 0.3640625 0.5125 0.353125 0.534375 0.3546875
1 0.3125 0.4546875 0.3203125 0.459375 0.3265625 0.471875 0.3328125 0.509375 0.3328125 0.53125 0.321875 0.5484375 0.31875 0.571875 0.315625 0.578125 0.309375 0.58125 0.3046875 0.578125 0.3015625 0.56875 0.2953125 0.565625 0.253125 0.59375 0.246875 0.6 0.24375 0.621875 0.2359375 0.6328125 0.2265625 0.6328125 0.221875 0.628125 0.221875 0.6234375 0.2171875 0.6171875 0.2 0.6171875 0.1984375 0.61875 0.1890625 0.615625 0.1875 0.6125 0.171875 0.6140625 0.1578125 0.60625 0.153125 0.578125 0.1625 0.5375 0.1640625 0.5359375 0.1671875 0.5390625 0.171875 0.5375 0.190625 0.5234375 0.1953125 0.5109375 0.2 0.50625 0.2078125 0.490625 0.2296875 0.46875 0.271875 0.4484375 0.2921875 0.4484375 0.3109375 0.4546875
1 0.128125 0.26875 0.1390625 0.275 0.1421875 0.2890625 0.140625 0.2953125 0.1328125 0.29375 0.1109375 0.2953125 0.109375 0.29375 0.1078125 0.2890625 0.1125 0.2734375 0.11875 0.26875 0.1265625 0.26875
1 0.103125 0.29375 0.1109375 0.2984375 0.1078125 0.328125 0.0921875 0.328125 0.0875 0.31875 0.0765625 0.3109375 0.078125 0.3046875 0.0875 0.29375 0.1015625 0.29375
4 0.1734375 0.5984375 0.178125 0.6 0.1796875 0.6078125 0.1625 0.60625 0.1609375 0.603125 0.1625 0.596875 0.171875 0.5984375
4 0.20625 0.3609375 0.2171875 0.3625 0.215625 0.365625 0.20625 0.365625 0.20625 0.3625
4 0.9421875 0.5125 0.9453125 0.5125 0.94375 0.5234375 0.9421875 0.5140625
4 0.7328125 0.321875 0.73125 0.3171875 0.740625 0.3171875 0.7390625 0.321875 0.734375 0.321875
4 0.6546875 0.396875 0.6671875 0.3984375 0.665625 0.4015625 0.65625 0.4015625 0.6546875 0.3984375
4 0.684375 0.3171875 0.6828125 0.3140625 0.684375 0.3125 0.69375 0.3140625 0.6921875 0.3171875 0.6859375 0.3171875
4 0.58828125 0.34375 0.009375 0.00703125
4 0.8046875 0.35625 0.00703125 0.01015625
4 0.1390625 0.378125 0.140625 0.384375 0.1375 0.3875 0.1296875 0.3859375 0.1328125 0.3796875 0.1375 0.3796875
4 0.146875 0.3421875 0.1484375 0.35 0.14375 0.353125 0.1375 0.3515625 0.1359375 0.34375 0.1453125 0.3421875
4 0.046875 0.3765625 0.053125 0.3796875 0.0453125 0.3828125 0.0359375 0.3828125 0.0328125 0.3796875 0.0375 0.3765625 0.0453125 0.3765625
4 0.4671875 0.4328125 0.4796875 0.4328125 0.4828125 0.4359375 0.4828125 0.4390625 0.4796875 0.440625 0.471875 0.4390625 0.4671875 0.434375
4 0.0546875 0.375 0.0578125 0.378125 0.05625 0.38125 0.046875 0.3796875 0.0484375 0.3765625 0.053125 0.375
4 0.1375 0.3796875 0.134375 0.3859375 0.121875 0.3859375 0.1203125 0.3828125 0.125 0.3796875 0.1359375 0.3796875