5 0.68125 0.3296875 0.6671875 0.328125 0.659375 0.3234375 0.659375 0.296875 0.6625 0.275 0.665625 0.2671875 0.665625 0.2515625 0.6859375 0.2390625 0.71875 0.2390625 0.7203125 0.2421875 0.71875 0.2953125 0.7171875 0.3046875 0.7125 0.3140625 0.7125 0.3203125 0.7 0.321875 0.69375 0.328125 0.6921875 0.334375 0.6875 0.334375 0.6859375 0.3296875 0.6828125 0.328125
1 0 0.2703125 0.0109375 0.2703125 0.0171875 0.2734375 0.021875 0.2796875 0.021875 0.2875 0.003125 0.2875 0 0.290625 0 0.271875
1 0.0515625 0.334375 0.059375 0.340625 0.0734375 0.36875 0.075 0.3984375 0.0734375 0.4015625 0.06875 0.3984375 0.0359375 0.3984375 0.028125 0.4046875 0.025 0.403125 0.01875 0.3921875 0.0109375 0.3921875 0.0078125 0.3875 0.009375 0.3484375 0.0125 0.3453125 0.0140625 0.3359375 0.01875 0.3328125 0.0484375 0.3328125 0.05 0.334375
1 0.0671875 0.28125 0.071875 0.284375 0.071875 0.2875 0.0625 0.2875 0.0578125 0.2984375 0.046875 0.296875 0.0484375 0.28125 0.05 0.2796875 0.065625 0.28125
1 0.125 0.2984375 0.1296875 0.303125 0.1296875 0.30625 0.1171875 0.309375 0.109375 0.3234375 0.1078125 0.33125 0.090625 0.3046875 0.0953125 0.2984375 0.1015625 0.296875 0.1234375 0.2984375
1 0.8375 0.2296875 0.840625 0.2328125 0.84375 0.24375 0.8421875 0.2625 0.8375 0.2671875 0.83125 0.265625 0.8171875 0.2671875 0.815625 0.265625 0.815625 0.253125 0.8234375 0.234375 0.8359375 0.2296875
1 0 0.315625 0.0046875 0.3140625 0.015625 0.315625 0.021875 0.31875 0.025 0.325 0.025 0.33125 0.015625 0.3328125 0.0109375 0.3390625 0.0109375 0.3453125 0.0078125 0.3484375 0.00625 0.35625 0.00625 0.36875 0.003125 0.3734375 0 0.3734375 0 0.3171875
1 0.7359375 0.2796875 0.7453125 0.2765625 0.7609375 0.278125 0.765625 0.290625 0.7609375 0.325 0.75625 0.325 0.7515625 0.33125 0.7453125 0.33125 0.740625 0.328125 0.7265625 0.3296875 0.721875 0.3265625 0.721875 0.3015625 0.7359375 0.28125
1 0.0484375 0.303125 0.084375 0.3046875 0.090625 0.309375 0.1015625 0.328125 0.1015625 0.3328125 0.09375 0.3390625 0.0875 0.35 0.084375 0.365625 0.0765625 0.3671875 0.06875 0.35625 0.0625 0.3421875 0.0453125 0.328125 0.0453125 0.3140625 0.0484375 0.3046875
1 0.0265625 0.2890625 0.0328125 0.29375 0.0328125 0.3015625 0.0265625 0.3046875 0.0234375 0.3171875 0.015625 0.3140625 0 0.3125 0 0.296875 0.0046875 0.2890625 0.025 0.2890625
1 0.0609375 0.2890625 0.0671875 0.2890625 0.071875 0.2859375 0.0828125 0.2859375 0.0875 0.2875 0.09375 0.296875 0.090625 0.3046875 0.0625 0.3015625 0.0578125 0.296875 0.0609375 0.290625
1 0.1546875 0.3171875 0.171875 0.315625 0.1921875 0.31875 0.196875 0.3234375 0.2 0.33125 0.2046875 0.334375 0.2046875 0.340625 0.2109375 0.3484375 0.2140625 0.3625 0.2125 0.3765625 0.209375 0.3796875 0.1984375 0.375 0.1828125 0.378125 0.1765625 0.3828125 0.1734375 0.38125 0.1671875 0.3671875 0.159375 0.3671875 0.15625 0.371875 0.153125 0.371875 0.15 0.3625 0.1515625 0.3578125 0.15 0.3390625 0.1546875 0.31875
1 0.125 0.3359375 0.1328125 0.3390625 0.14375 0.353125 0.1546875 0.378125 0.1546875 0.3953125 0.153125 0.4015625 0.146875 0.4015625 0.1421875 0.396875 0.1375 0.3984375 0.125 0.396875 0.11875 0.3984375 0.1140625 0.4046875 0.1078125 0.4015625 0.1046875 0.3921875 0.090625 0.390625 0.0875 0.3734375 0.0875 0.3546875 0.096875 0.3390625 0.1078125 0.334375 0.1234375 0.3359375
1 0.059375 0.2765625 0.059375 0.2671875 0.0625 0.2640625 0.0765625 0.2640625 0.0828125 0.271875 0.0828125 0.278125 0.08125 0.28125 0.075 0.2828125 0.0609375 0.2765625
1 0.1421875 0.3078125 0.1515625 0.3140625 0.1484375 0.35625 0.13125 0.3359375 0.1109375 0.33125 0.1109375 0.3234375 0.11875 0.309375 0.128125 0.30625 0.140625 0.3078125
1 0.7953125 0.259375 0.7984375 0.2625 0.8 0.275 0.7984375 0.29375 0.7890625 0.3015625 0.7703125 0.3015625 0.76875 0.275 0.7734375 0.2640625 0.7796875 0.259375 0.79375 0.259375
1 0.028125 0.328125 0.025 0.3203125 0.025 0.3109375 0.0296875 0.303125 0.0375 0.3 0.046875 0.3015625 0.0421875 0.31875 0.0421875 0.328125 0.0390625 0.3296875 0.0296875 0.328125
3 0.6015625 0.328125 0.02421875 0.0453125
3 0.1390625 0.2859375 0.1453125 0.2859375 0.1484375 0.2890625 0.1484375 0.3015625 0.140625 0.3015625 0.1390625 0.2875
4 0.2046875 0.359375 0.2046875 0.3625 0.2 0.365625 0.1953125 0.365625 0.19375 0.359375 0.203125 0.359375
4 0.0625 0.3828125 0.0625 0.3875 0.0578125 0.3890625 0.0484375 0.3890625 0.046875 0.3859375 0.05 0.3828125 0.0609375 0.3828125
4 0.0875 0.3421875 0.0890625 0.3453125 0.0859375 0.35 0.0796875 0.346875 0.0796875 0.3421875 0.0859375 0.3421875
4 0.1296875 0.3875 0.14375 0.3875 0.14375 0.3921875 0.140625 0.39375 0.13125 0.39375 0.1296875 0.3890625