5 0.784375 0.2046875 0.790625 0.2109375 0.7953125 0.225 0.7953125 0.2328125 0.790625 0.2390625 0.7875 0.2640625 0.7921875 0.275 0.790625 0.30625 0.7859375 0.3109375 0.778125 0.3109375 0.7734375 0.3203125 0.7640625 0.325 0.7515625 0.315625 0.740625 0.315625 0.7328125 0.3 0.7234375 0.2921875 0.725 0.2484375 0.728125 0.2375 0.73125 0.234375 0.7421875 0.2328125 0.75 0.228125 0.7625 0.209375 0.7765625 0.203125 0.7828125 0.2046875
1 0.0328125 0.259375 0.04375 0.265625 0.0515625 0.2796875 0.053125 0.2984375 0.0390625 0.2984375 0.0296875 0.2875 0.0140625 0.278125 0.015625 0.2640625 0.0234375 0.259375 0.03125 0.259375
1 0.0859375 0.2640625 0.090625 0.2671875 0.0921875 0.271875 0.09375 0.2953125 0.08125 0.29375 0.0671875 0.2953125 0.065625 0.29375 0.065625 0.275 0.06875 0.26875 0.0734375 0.2640625 0.084375 0.2640625
1 0.0390625 0.3 0.0515625 0.303125 0.0640625 0.303125 0.071875 0.3109375 0.0703125 0.3125 0.0546875 0.3125 0.0515625 0.315625 0.046875 0.315625 0.0375 0.33125 0.034375 0.328125 0.034375 0.3171875 0.0390625 0.3015625
1 0.8328125 0.2703125 0.83125 0.2484375 0.828125 0.24375 0.8328125 0.234375 0.840625 0.234375 0.8453125 0.24375 0.84375 0.2625 0.8375 0.271875 0.834375 0.2703125
1 0.003125 0.2546875 0.0109375 0.2546875 0.015625 0.259375 0.0109375 0.278125 0.003125 0.278125 0 0.2765625 0 0.2578125 0.003125 0.25625
1 0.1046875 0.328125 0.1140625 0.334375 0.1203125 0.346875 0.1265625 0.353125 0.13125 0.375 0.13125 0.390625 0.128125 0.3953125 0.1234375 0.3953125 0.1203125 0.3921875 0.1078125 0.39375 0.09375 0.3921875 0.0890625 0.3984375 0.0859375 0.396875 0.084375 0.3890625 0.0796875 0.3828125 0.0734375 0.3875 0.06875 0.384375 0.0671875 0.353125 0.071875 0.3421875 0.071875 0.3359375 0.0765625 0.3296875 0.103125 0.328125
1 0.0203125 0.3296875 0.025 0.3328125 0.0359375 0.334375 0.0421875 0.3390625 0.05 0.3515625 0.059375 0.3796875 0.059375 0.3953125 0.0609375 0.396875 0.059375 0.4046875 0.0515625 0.4015625 0.0375 0.4015625 0.0359375 0.403125 0.01875 0.403125 0.0109375 0.4078125 0.009375 0.40625 0 0.3875 0 0.3359375 0.003125 0.3328125 0.01875 0.33125
1 0.728125 0.296875 0.734375 0.303125 0.7375 0.3203125 0.7359375 0.334375 0.725 0.3453125 0.6984375 0.34375 0.696875 0.3421875 0.696875 0.3203125 0.709375 0.3 0.715625 0.296875 0.7265625 0.296875
1 0.053125 0.25625 0.059375 0.259375 0.0625 0.2703125 0.0625 0.284375 0.053125 0.2828125 0.053125 0.2796875 0.0421875 0.2625 0.0453125 0.2578125 0.0515625 0.25625
1 0.021875 0.2859375 0.0359375 0.296875 0.0328125 0.3296875 0.0296875 0.33125 0.0234375 0.328125 0.021875 0.31875 0.0171875 0.3109375 0.00625 0.303125 0 0.3015625 0 0.290625 0.0109375 0.2875 0.0140625 0.284375 0.0203125 0.2859375
1 0.9953125 0.721875 0.9984375 0.7234375 0.9984375 0.953125 0.9765625 0.9515625 0.971875 0.9484375 0.9375 0.946875 0.9328125 0.9625 0.934375 0.9671875 0.9296875 0.9765625 0.928125 0.9859375 0.91875 0.9984375 0.903125 0.9984375 0.9015625 0.996875 0.8859375 0.9984375 0.8796875 0.9953125 0.8703125 0.975 0.8640625 0.9375 0.853125 0.9359375 0.846875 0.9296875 0.8390625 0.9265625 0.8390625 0.9234375 0.83125 0.915625 0.821875 0.9 0.8140625 0.8640625 0.8140625 0.834375 0.8171875 0.828125 0.8171875 0.8125 0.8203125 0.7953125 0.825 0.7859375 0.834375 0.778125 0.859375 0.771875 0.884375 0.771875 0.9125 0.7640625 0.9296875 0.740625 0.940625 0.7375 0.9484375 0.7296875 0.9578125 0.725 0.99375 0.721875
1 0.79375 0.246875 0.7984375 0.23125 0.80625 0.2265625 0.81875 0.228125 0.8203125 0.23125 0.81875 0.240625 0.8140625 0.2421875 0.80625 0.25 0.7953125 0.246875
1 0.8328125 0.225 0.8359375 0.23125 0.83125 0.234375 0.8265625 0.2421875 0.8203125 0.2390625 0.8203125 0.2296875 0.8265625 0.225 0.83125 0.225
1 0.7203125 0.271875 0.721875 0.275 0.7203125 0.2921875 0.7109375 0.296875 0.6984375 0.3125 0.6953125 0.3078125 0.6953125 0.2890625 0.7046875 0.2734375 0.71875 0.271875
1 0.7921875 0.25 0.8046875 0.25 0.809375 0.265625 0.809375 0.2859375 0.803125 0.2921875 0.7953125 0.2921875 0.7921875 0.2828125 0.7921875 0.2703125 0.7890625 0.265625 0.7921875 0.2515625
1 0 0.3046875 0.0046875 0.3046875 0.0140625 0.309375 0.021875 0.325 0.021875 0.33125 0 0.3328125 0 0.30625
1 0.0390625 0.3015625 0.040625 0.303125 0.0625 0.303125 0.075 0.3140625 0.0734375 0.315625 0.059375 0.3140625 0.0515625 0.31875 0.0515625 0.334375 0.059375 0.3515625 0.059375 0.365625 0.059375 0.359375 0.0515625 0.3515625 0.0453125 0.3390625 0.034375 0.33125 0.034375 0.315625 0.0375 0.303125
1 0.075 0.3140625 0.0796875 0.31875 0.0828125 0.328125 0.078125 0.328125 0.0703125 0.3375 0.0640625 0.3703125 0.0609375 0.3703125 0.0578125 0.3640625 0.0578125 0.3546875 0.053125 0.334375 0.0484375 0.328125 0.0453125 0.3328125 0.0421875 0.325 0.0453125 0.3171875 0.0515625 0.3140625 0.0578125 0.3125 0.0734375 0.3140625
1 0.8265625 0.24375 0.8296875 0.25 0.8296875 0.2734375 0.8234375 0.28125 0.8125 0.278125 0.8078125 0.2609375 0.8078125 0.25 0.8140625 0.24375 0.825 0.24375
3 0.628125 0.3546875 0.63125 0.35625 0.634375 0.3625 0.6453125 0.3640625 0.6453125 0.390625 0.6390625 0.390625 0.6359375 0.3859375 0.6328125 0.3859375 0.628125 0.396875 0.625 0.39375 0.628125 0.35625
3 0.20625 0.2984375 0.20625 0.3203125 0.2 0.3203125 0.196875 0.3171875 0.1953125 0.309375 0.1953125 0.2984375 0.2046875 0.2984375