1 0.9625 0.303125 0.96875 0.3140625 0.965625 0.321875 0.9578125 0.321875 0.9484375 0.3265625 0.9359375 0.328125 0.91875 0.340625 0.91875 0.3296875 0.9328125 0.303125 0.94375 0.3 0.9578125 0.3 0.9609375 0.303125
1 0.30625 0.3 0.3171875 0.296875 0.3359375 0.3 0.346875 0.3171875 0.353125 0.334375 0.353125 0.359375 0.35 0.3625 0.340625 0.35625 0.31875 0.3625 0.3125 0.3484375 0.3078125 0.346875 0.303125 0.3515625 0.3 0.3453125 0.2984375 0.321875 0.30625 0.3078125 0.30625 0.3015625
1 0.3046875 0.2765625 0.3109375 0.2796875 0.31875 0.2921875 0.3171875 0.2953125 0.309375 0.296875 0.30625 0.296875 0.296875 0.2890625 0.284375 0.2859375 0.2875 0.278125 0.303125 0.2765625
1 0.9875 0.3875 0.9875 0.346875 0.9859375 0.3453125 0.9859375 0.3265625 0.9875 0.325 0.9984375 0.325 0.9984375 0.3859375 0.9890625 0.3875
1 0.2859375 0.2875 0.296875 0.2890625 0.3046875 0.296875 0.3046875 0.309375 0.3 0.31875 0.2984375 0.3359375 0.2859375 0.3375 0.2765625 0.33125 0.275 0.3078125 0.2703125 0.2984375 0.271875 0.29375 0.2796875 0.2890625 0.284375 0.2890625
1 0.8171875 0.3703125 0.815625 0.365625 0.8171875 0.3375 0.8234375 0.325 0.83125 0.31875 0.8359375 0.309375 0.8421875 0.3046875 0.871875 0.3046875 0.8765625 0.309375 0.878125 0.321875 0.86875 0.3265625 0.85625 0.328125 0.83125 0.3640625 0.8296875 0.3703125 0.821875 0.371875 0.81875 0.3703125
1 0.2546875 0.253125 0.26875 0.2546875 0.2765625 0.259375 0.2828125 0.2703125 0.284375 0.2765625 0.2828125 0.284375 0.2796875 0.2875 0.275 0.2875 0.265625 0.2984375 0.2484375 0.2921875 0.246875 0.2625 0.2484375 0.2546875 0.253125 0.2546875
1 0.2140625 0.2484375 0.228125 0.246875 0.234375 0.25 0.2421875 0.265625 0.2421875 0.28125 0.240625 0.2828125 0.2203125 0.2828125 0.2140625 0.2796875 0.2109375 0.2765625 0.2109375 0.259375 0.2140625 0.25
1 0.978125 0.284375 0.9875 0.2875 0.9875 0.2984375 0.98125 0.3 0.971875 0.315625 0.971875 0.3203125 0.9671875 0.3203125 0.96875 0.3171875 0.965625 0.3046875 0.95625 0.3 0.9546875 0.296875 0.965625 0.284375 0.9765625 0.284375
1 0.8828125 0.3265625 0.896875 0.328125 0.9 0.33125 0.9015625 0.3421875 0.9046875 0.346875 0.90625 0.365625 0.9015625 0.3921875 0.896875 0.3921875 0.890625 0.3859375 0.8875 0.3859375 0.8828125 0.3921875 0.8796875 0.40625 0.8765625 0.40625 0.8703125 0.3984375 0.846875 0.39375 0.8421875 0.39375 0.8375 0.4015625 0.83125 0.4015625 0.8296875 0.384375 0.8328125 0.3671875 0.8453125 0.35 0.8515625 0.3359375 0.8578125 0.3296875 0.88125 0.3265625
1 0.8078125 0.371875 0.815625 0.375 0.821875 0.38125 0.828125 0.4 0.8296875 0.421875 0.8234375 0.446875 0.821875 0.4484375 0.8125 0.446875 0.8015625 0.453125 0.79375 0.46875 0.778125 0.4671875 0.759375 0.4578125 0.7453125 0.4609375 0.7421875 0.45625 0.740625 0.44375 0.7453125 0.421875 0.75625 0.4 0.7671875 0.384375 0.784375 0.371875 0.790625 0.3703125 0.80625 0.371875
1 0.909375 0.2859375 0.921875 0.2875 0.9265625 0.3015625 0.9265625 0.3109375 0.9171875 0.3296875 0.915625 0.3390625 0.909375 0.34375 0.9046875 0.340625 0.903125 0.3328125 0.8984375 0.3265625 0.890625 0.3265625 0.88125 0.3203125 0.8859375 0.3 0.890625 0.29375 0.8953125 0.2890625 0.9078125 0.2859375
1 0.89375 0.2625 0.8984375 0.2640625 0.9015625 0.26875 0.9015625 0.2734375 0.9046875 0.278125 0.903125 0.2859375 0.8953125 0.2875 0.8828125 0.3015625 0.871875 0.3015625 0.8703125 0.2796875 0.8734375 0.275 0.8734375 0.26875 0.878125 0.2640625 0.8921875 0.2640625
5 0.25 0.2953125 0.2640625 0.303125 0.26875 0.303125 0.2734375 0.3109375 0.2765625 0.3828125 0.2703125 0.3921875 0.2703125 0.396875 0.265625 0.4 0.253125 0.3953125 0.2421875 0.3953125 0.234375 0.403125 0.23125 0.403125 0.2296875 0.3984375 0.2203125 0.3921875 0.2171875 0.3859375 0.2109375 0.359375 0.209375 0.33125 0.2125 0.325 0.2171875 0.2984375 0.2296875 0.29375 0.246875 0.29375 0.2484375 0.2953125
2 0.94609375 0.38046875 0.08359375 0.08984375
2 0.5703125 0.375 0.10703125 0.08671875
4 0.8421875 0.384375 0.85625 0.384375 0.8578125 0.3875 0.8578125 0.390625 0.8421875 0.390625 0.8421875 0.3859375
4 0.91875 0.4109375 0.9265625 0.4109375 0.934375 0.4140625 0.934375 0.4171875 0.9296875 0.41875 0.91875 0.4171875 0.91875 0.4125
4 0.25 0.3875 0.2515625 0.3828125 0.259375 0.3796875 0.2640625 0.384375 0.2625 0.3875 0.2515625 0.3875
4 0.7515625 0.4484375 0.7671875 0.45 0.765625 0.45625 0.7546875 0.4546875 0.7515625 0.453125 0.7515625 0.45