1 0.953125 0.2578125 0.95625 0.259375 0.9609375 0.275 0.959375 0.2859375 0.95625 0.2875 0.9484375 0.2859375 0.9421875 0.28125 0.9421875 0.2734375 0.9390625 0.26875 0.9390625 0.2640625 0.9421875 0.259375 0.9515625 0.2578125
1 0.9671875 0.25625 0.971875 0.259375 0.9765625 0.271875 0.9765625 0.278125 0.971875 0.2828125 0.9609375 0.28125 0.9609375 0.275 0.95625 0.2625 0.95625 0.2578125 0.959375 0.2546875 0.965625 0.25625
1 0.33125 0.278125 0.340625 0.284375 0.3421875 0.2984375 0.3515625 0.3140625 0.3515625 0.3328125 0.3484375 0.3375 0.33125 0.3359375 0.325 0.3390625 0.3203125 0.3375 0.3203125 0.33125 0.315625 0.3265625 0.30625 0.328125 0.3046875 0.31875 0.2984375 0.3078125 0.2984375 0.3 0.3 0.29375 0.3046875 0.290625 0.309375 0.2796875 0.3296875 0.278125
1 0.240625 0.2734375 0.2484375 0.275 0.2515625 0.278125 0.2515625 0.2859375 0.24375 0.2953125 0.240625 0.3234375 0.2203125 0.309375 0.2203125 0.2953125 0.225 0.275 0.2296875 0.271875 0.2390625 0.2734375
1 0.21171875 0.2828125 0.0265625 0.0453125
1 0.178125 0.2890625 0.1828125 0.2921875 0.1875 0.3 0.1890625 0.328125 0.1859375 0.33125 0.1671875 0.33125 0.165625 0.3328125 0.1578125 0.3328125 0.1546875 0.3265625 0.153125 0.3109375 0.1546875 0.29375 0.1578125 0.2875 0.1765625 0.2890625
1 0.18125 0.234375 0.1984375 0.2328125 0.203125 0.2359375 0.203125 0.2421875 0.1921875 0.2453125 0.1859375 0.2453125 0.18125 0.2359375
1 0.93125 0.309375 0.9390625 0.3265625 0.9390625 0.3546875 0.934375 0.3625 0.9296875 0.3625 0.921875 0.3703125 0.9203125 0.3671875 0.915625 0.365625 0.8875 0.3671875 0.8859375 0.365625 0.8859375 0.35 0.89375 0.3234375 0.9046875 0.309375 0.9140625 0.3078125 0.9296875 0.309375
1 0.8234375 0.3640625 0.83125 0.36875 0.8375 0.3828125 0.8390625 0.4296875 0.8359375 0.4375 0.83125 0.4390625 0.8234375 0.4375 0.8171875 0.440625 0.809375 0.45625 0.7984375 0.4515625 0.7625 0.453125 0.759375 0.446875 0.759375 0.41875 0.7671875 0.4015625 0.7671875 0.3921875 0.775 0.3859375 0.7875 0.36875 0.803125 0.3625 0.821875 0.3640625
1 0.1640625 0.2703125 0.1609375 0.265625 0.159375 0.246875 0.1609375 0.240625 0.165625 0.2375 0.1734375 0.2375 0.18125 0.2421875 0.1765625 0.2546875 0.175 0.271875 0.165625 0.2703125
1 0.2140625 0.2390625 0.2203125 0.25 0.2203125 0.2609375 0.2125 0.2609375 0.20625 0.25 0.2046875 0.240625 0.209375 0.2375 0.2125 0.2390625
1 0.2296875 0.3171875 0.24375 0.3375 0.2453125 0.3578125 0.228125 0.3609375 0.1984375 0.3609375 0.196875 0.3625 0.19375 0.3625 0.1890625 0.3546875 0.1890625 0.3359375 0.196875 0.3234375 0.203125 0.3171875 0.2109375 0.3140625 0.225 0.3140625 0.228125 0.3171875
1 0.265625 0.2875 0.2734375 0.2921875 0.2828125 0.30625 0.2859375 0.315625 0.2875 0.3328125 0.2828125 0.340625 0.28125 0.3390625 0.25625 0.340625 0.2484375 0.3328125 0.24375 0.33125 0.2421875 0.315625 0.2453125 0.29375 0.253125 0.2875 0.2640625 0.2875
1 0.9078125 0.2609375 0.9140625 0.2734375 0.9140625 0.2828125 0.9109375 0.290625 0.8875 0.290625 0.8875 0.2734375 0.890625 0.2640625 0.8984375 0.2609375 0.90625 0.2609375
1 0.1859375 0.24375 0.1875 0.2453125 0.2015625 0.24375 0.20625 0.2515625 0.2078125 0.2609375 0.2 0.26875 0.196875 0.2859375 0.190625 0.2875 0.1859375 0.2859375 0.178125 0.2734375 0.178125 0.25625 0.1796875 0.25 0.184375 0.2453125
1 0.2125 0.3625 0.2140625 0.3640625 0.240625 0.3625 0.24375 0.365625 0.24375 0.3703125 0.2515625 0.3796875 0.2546875 0.3890625 0.2546875 0.4171875 0.2515625 0.425 0.246875 0.425 0.2390625 0.4296875 0.234375 0.446875 0.2296875 0.4484375 0.2203125 0.4390625 0.20625 0.4375 0.196875 0.440625 0.190625 0.4515625 0.1859375 0.4515625 0.18125 0.4421875 0.178125 0.428125 0.178125 0.4 0.1875 0.375 0.2 0.3640625 0.2109375 0.3625
1 0.990625 0.2625 0.9984375 0.2640625 0.9984375 0.2921875 0.996875 0.29375 0.978125 0.29375 0.978125 0.2765625 0.984375 0.265625 0.9890625 0.2640625
3 0.93125 0.3046875 0.934375 0.2828125 0.940625 0.284375 0.9421875 0.3015625 0.9390625 0.3046875 0.9359375 0.303125 0.9328125 0.3046875
3 0.953125 0.3296875 0.9609375 0.334375 0.9625 0.353125 0.959375 0.365625 0.95 0.3734375 0.9484375 0.3703125 0.9484375 0.3421875 0.9515625 0.33125
3 0.8421875 0.284375 0.846875 0.2890625 0.846875 0.296875 0.8421875 0.3046875 0.8375 0.3 0.8375 0.2859375 0.840625 0.284375
3 0.6 0.3640625 0.6046875 0.36875 0.60625 0.38125 0.6125 0.39375 0.6125 0.4046875 0.609375 0.4109375 0.6046875 0.4109375 0.596875 0.4015625 0.5875 0.4015625 0.5828125 0.4046875 0.578125 0.4046875 0.5734375 0.4015625 0.571875 0.3953125 0.571875 0.3734375 0.5765625 0.375 0.578125 0.38125 0.5828125 0.3859375 0.5921875 0.3875 0.5953125 0.3765625 0.59375 0.36875 0.5984375 0.3640625
3 0.921875 0.2765625 0.928125 0.278125 0.928125 0.2890625 0.925 0.2953125 0.921875 0.2953125 0.921875 0.278125
0 0.23125 0.2234375 0.2421875 0.221875 0.2734375 0.225 0.2828125 0.234375 0.2828125 0.253125 0.2671875 0.25625 0.2640625 0.259375 0.2625 0.2625 0.2640625 0.2828125 0.2546875 0.2828125 0.2484375 0.2734375 0.2328125 0.2703125 0.23125 0.2671875 0.2296875 0.2625 0.2296875 0.2265625 0.23125 0.225
4 0.7828125 0.434375 0.784375 0.440625 0.7703125 0.4390625 0.771875 0.4328125 0.78125 0.434375
4 0.896875 0.3546875 0.9078125 0.35625 0.90625 0.3609375 0.8984375 0.3609375 0.896875 0.35625
4 0.225 0.3515625 0.01484375 0.009375
4 0.1953125 0.409375 0.2046875 0.409375 0.20625 0.4125 0.203125 0.4203125 0.196875 0.4203125 0.1953125 0.4109375
4 0.1765625 0.3109375 0.0078125 0.01015625