5 0.203125 0.2203125 0.2125 0.2234375 0.2171875 0.23125 0.2171875 0.2484375 0.2203125 0.259375 0.2171875 0.265625 0.2125 0.26875 0.2078125 0.278125 0.20625 0.2875 0.2 0.2875 0.1953125 0.2921875 0.1875 0.290625 0.184375 0.2875 0.1828125 0.275 0.1765625 0.2625 0.175 0.2234375 0.1828125 0.21875 0.2 0.21875 0.2015625 0.2203125
5 0.3140625 0.2328125 0.3296875 0.234375 0.3296875 0.2375 0.340625 0.2453125 0.34375 0.3078125 0.334375 0.3203125 0.328125 0.3203125 0.325 0.3171875 0.30625 0.3203125 0.2921875 0.2984375 0.2796875 0.2890625 0.275 0.2921875 0.275 0.2890625 0.2640625 0.2765625 0.2625 0.2484375 0.265625 0.2359375 0.2890625 0.2328125 0.3125 0.2328125
1 0.23125 0.25859375 0.01796875 0.01953125
1 0.2375 0.2578125 0.240625 0.25625 0.253125 0.2578125 0.259375 0.2640625 0.2609375 0.26875 0.2578125 0.271875 0.246875 0.2671875 0.2359375 0.265625 0.2375 0.259375
1 0.1625 0.2265625 0.171875 0.2296875 0.175 0.234375 0.1765625 0.246875 0.175 0.2609375 0.1578125 0.2609375 0.1546875 0.2578125 0.1515625 0.2453125 0.1515625 0.234375 0.153125 0.228125 0.1609375 0.2265625
1 0.153125 0.5 0.175 0.5125 0.1921875 0.5140625 0.1953125 0.5171875 0.20625 0.5203125 0.2109375 0.525 0.2203125 0.546875 0.2203125 0.56875 0.2109375 0.5796875 0.20625 0.590625 0.2 0.5953125 0.1921875 0.5953125 0.1859375 0.5875 0.178125 0.5875 0.1453125 0.5984375 0.1421875 0.6015625 0.1078125 0.6109375 0.1046875 0.6140625 0.1 0.63125 0.0875 0.640625 0.0765625 0.640625 0.0671875 0.6234375 0.0578125 0.6203125 0.0390625 0.6046875 0.034375 0.590625 0.034375 0.575 0.0375 0.565625 0.0390625 0.5484375 0.0515625 0.53125 0.0578125 0.5125 0.0703125 0.5046875 0.1 0.49375 0.125 0.490625 0.1390625 0.49375 0.1515625 0.5
1 0.26875 0.3 0.271875 0.2984375 0.290625 0.3 0.303125 0.31875 0.30625 0.334375 0.30625 0.3484375 0.303125 0.3515625 0.275 0.353125 0.26875 0.3453125 0.2625 0.3453125 0.2609375 0.34375 0.2609375 0.3140625 0.265625 0.303125 0.26875 0.3015625
1 0.60625 0.3546875 0.6234375 0.3578125 0.6375 0.3734375 0.64375 0.375 0.6515625 0.384375 0.65 0.4125 0.646875 0.415625 0.6421875 0.415625 0.640625 0.4125 0.63125 0.4125 0.628125 0.415625 0.6234375 0.415625 0.6140625 0.4234375 0.6140625 0.4265625 0.6078125 0.4328125 0.603125 0.43125 0.5984375 0.425 0.590625 0.421875 0.5703125 0.4234375 0.5640625 0.4109375 0.5671875 0.38125 0.5734375 0.36875 0.58125 0.359375 0.590625 0.3546875 0.6046875 0.3546875
1 0.2265625 0.2671875 0.228125 0.2734375 0.2234375 0.2890625 0.225 0.3109375 0.221875 0.315625 0.21875 0.309375 0.209375 0.3015625 0.2078125 0.28125 0.2140625 0.26875 0.225 0.2671875
1 0.6859375 0.3140625 0.6953125 0.3234375 0.703125 0.3359375 0.703125 0.3578125 0.7 0.3625 0.6921875 0.359375 0.6828125 0.3609375 0.675 0.3703125 0.6609375 0.3625 0.65625 0.3625 0.6515625 0.3671875 0.646875 0.3671875 0.64375 0.3609375 0.64375 0.3421875 0.6546875 0.3171875 0.665625 0.3125 0.684375 0.3140625
1 0.2375 0.25 0.2421875 0.2546875 0.253125 0.2578125 0.259375 0.2703125 0.2484375 0.2671875 0.228125 0.2671875 0.2234375 0.2625 0.2234375 0.2515625 0.2359375 0.25
1 0.6203125 0.478125 0.63125 0.4828125 0.6359375 0.4875 0.653125 0.4921875 0.6609375 0.5 0.6640625 0.51875 0.6640625 0.540625 0.6609375 0.5515625 0.6578125 0.5546875 0.6578125 0.5640625 0.6546875 0.575 0.6484375 0.58125 0.6421875 0.58125 0.640625 0.578125 0.6359375 0.5765625 0.60625 0.596875 0.5921875 0.609375 0.5890625 0.6234375 0.5828125 0.63125 0.5765625 0.63125 0.5671875 0.6234375 0.5578125 0.6234375 0.5453125 0.6203125 0.5421875 0.6171875 0.5359375 0.6171875 0.5203125 0.6078125 0.5140625 0.6 0.5125 0.590625 0.5140625 0.5703125 0.5234375 0.55 0.546875 0.5265625 0.546875 0.51875 0.5515625 0.515625 0.5734375 0.4875 0.5984375 0.475 0.61875 0.478125
1 0.5796875 0.3390625 0.58125 0.340625 0.5890625 0.3390625 0.5984375 0.3421875 0.6015625 0.3515625 0.590625 0.353125 0.58125 0.3578125 0.575 0.3640625 0.565625 0.378125 0.5640625 0.39375 0.55625 0.403125 0.5484375 0.4015625 0.546875 0.3953125 0.5421875 0.390625 0.540625 0.3828125 0.5421875 0.38125 0.5421875 0.359375 0.546875 0.34375 0.5578125 0.3390625 0.578125 0.3390625
1 0.94375 0.2859375 0.9484375 0.2890625 0.9515625 0.2984375 0.9515625 0.3125 0.9484375 0.3265625 0.9421875 0.3265625 0.9390625 0.33125 0.934375 0.328125 0.915625 0.328125 0.9109375 0.33125 0.9078125 0.3296875 0.9078125 0.3125 0.9125 0.2984375 0.921875 0.2875 0.9421875 0.2859375
1 0.23125 0.26875 0.2484375 0.26875 0.25625 0.271875 0.2609375 0.275 0.26875 0.2875 0.26875 0.2984375 0.259375 0.3125 0.2578125 0.321875 0.253125 0.3265625 0.240625 0.33125 0.2265625 0.3171875 0.225 0.2875 0.228125 0.2734375 0.23125 0.2703125
1 0.996875 0.271875 0.9984375 0.2734375 0.9984375 0.33125 0.9828125 0.3328125 0.978125 0.3359375 0.971875 0.3359375 0.9703125 0.33125 0.971875 0.29375 0.984375 0.275 0.9953125 0.271875
3 0.103125 0.4390625 0.1078125 0.446875 0.109375 0.459375 0.1125 0.4640625 0.115625 0.484375 0.1140625 0.490625 0.1046875 0.490625 0.1046875 0.478125 0.096875 0.4625 0.096875 0.44375 0.1015625 0.4390625
3 0.3859375 0.353125 0.403125 0.3484375 0.40625 0.36875 0.4046875 0.390625 0.4015625 0.390625 0.396875 0.3828125 0.3875 0.3859375 0.384375 0.3828125 0.3828125 0.3734375 0.3859375 0.3546875
2 0.21953125 0.4625 0.17265625 0.08984375