0 0.159375 0.2390625 0.1640625 0.2421875 0.165625 0.246875 0.1640625 0.259375 0.165625 0.284375 0.1625 0.2953125 0.1515625 0.29375 0.146875 0.28125 0.146875 0.271875 0.1421875 0.2640625 0.1390625 0.2625 0.125 0.2640625 0.1203125 0.2625 0.11875 0.259375 0.121875 0.2421875 0.1421875 0.2375 0.1578125 0.2390625
1 0.178125 0.290625 0.19375 0.2921875 0.2015625 0.3 0.2078125 0.3171875 0.2046875 0.3359375 0.2015625 0.3359375 0.1953125 0.325 0.184375 0.3171875 0.1578125 0.3140625 0.159375 0.30625 0.165625 0.296875 0.171875 0.2921875 0.1765625 0.2921875
1 0.81875 0.234375 0.8234375 0.2359375 0.8265625 0.2453125 0.8265625 0.259375 0.8171875 0.2640625 0.8140625 0.2625 0.8140625 0.25 0.8125 0.2484375 0.80625 0.253125 0.8078125 0.2375 0.8171875 0.234375
1 0.109375 0.3234375 0.1140625 0.325 0.121875 0.3328125 0.1390625 0.365625 0.1390625 0.396875 0.134375 0.3984375 0.128125 0.3921875 0.1265625 0.39375 0.1078125 0.3921875 0.096875 0.4015625 0.090625 0.3984375 0.0875 0.3875 0.08125 0.3890625 0.0734375 0.3875 0.0703125 0.3703125 0.071875 0.346875 0.0765625 0.325 0.0828125 0.321875 0.1078125 0.3234375
1 0.0484375 0.2578125 0.053125 0.2546875 0.06875 0.25625 0.075 0.26875 0.075 0.2921875 0.0734375 0.29375 0.0703125 0.284375 0.0625 0.2765625 0.05625 0.2734375 0.04375 0.2734375 0.0453125 0.2640625 0.0484375 0.259375
1 0.84375 0.21875 0.8453125 0.2203125 0.84375 0.2515625 0.8296875 0.2515625 0.8265625 0.2484375 0.825 0.2390625 0.8265625 0.2234375 0.834375 0.21875 0.8421875 0.21875
1 0 0.321875 0.021875 0.321875 0.03125 0.328125 0.05 0.3625 0.053125 0.390625 0.05 0.4 0.0359375 0.39375 0.0171875 0.396875 0.015625 0.3953125 0.0109375 0.4015625 0.00625 0.403125 0.0015625 0.4015625 0 0.3984375 0 0.3234375
1 0 0.2890625 0.025 0.2890625 0.0265625 0.2921875 0.03125 0.29375 0.03125 0.3 0.0234375 0.3046875 0.01875 0.315625 0.009375 0.3171875 0 0.303125 0 0.290625
1 0.7796875 0.275 0.7828125 0.278125 0.7875 0.2984375 0.784375 0.3015625 0.7703125 0.3015625 0.7609375 0.3046875 0.7546875 0.290625 0.759375 0.2796875 0.7640625 0.275 0.778125 0.275
1 0.79375 0.303125 0.7984375 0.3046875 0.8109375 0.31875 0.8125 0.3484375 0.809375 0.3625 0.80625 0.365625 0.803125 0.3640625 0.796875 0.365625 0.7890625 0.38125 0.784375 0.3796875 0.7828125 0.3734375 0.778125 0.36875 0.7625 0.36875 0.7609375 0.3671875 0.7515625 0.375 0.746875 0.3734375 0.74375 0.3609375 0.74375 0.3375 0.746875 0.3296875 0.7578125 0.3203125 0.765625 0.3046875 0.7921875 0.303125
1 0.7453125 0.2546875 0.7515625 0.25 0.7671875 0.2484375 0.771875 0.25 0.775 0.2578125 0.775 0.271875 0.765625 0.2734375 0.7609375 0.2765625 0.753125 0.2875 0.7484375 0.2734375 0.7421875 0.26875 0.7421875 0.2625 0.7453125 0.25625
1 0.734375 0.2671875 0.74375 0.26875 0.7484375 0.275 0.75 0.2875 0.7296875 0.290625 0.7234375 0.2953125 0.7140625 0.2828125 0.71875 0.26875 0.7328125 0.2671875
1 0.7234375 0.296875 0.734375 0.290625 0.75 0.2890625 0.7546875 0.29375 0.759375 0.30625 0.7578125 0.3171875 0.7546875 0.321875 0.75 0.3234375 0.74375 0.3296875 0.740625 0.3375 0.71875 0.3375 0.7171875 0.334375 0.71875 0.3109375 0.7234375 0.2984375
1 0 0.253125 0.0046875 0.25625 0.00625 0.2625 0.00625 0.2765625 0 0.2765625 0 0.2546875
1 0.8046875 0.2375 0.8125 0.2390625 0.815625 0.24375 0.815625 0.2640625 0.8125 0.2671875 0.8046875 0.26875 0.803125 0.265625 0.8046875 0.2390625
1 0.059375 0.275 0.0703125 0.284375 0.0734375 0.2890625 0.0734375 0.2953125 0.0546875 0.2984375 0.0375 0.2984375 0.0359375 0.296875 0.040625 0.278125 0.04375 0.275 0.0578125 0.275
1 0.7984375 0.234375 0.8046875 0.24375 0.803125 0.265625 0.8 0.2625 0.7796875 0.2625 0.778125 0.2640625 0.775 0.25625 0.7765625 0.24375 0.784375 0.2375 0.796875 0.234375
1 0.7953125 0.2640625 0.8015625 0.2671875 0.803125 0.2703125 0.8046875 0.290625 0.8015625 0.3015625 0.7953125 0.3015625 0.7875 0.2953125 0.784375 0.28125 0.778125 0.275 0.778125 0.26875 0.78125 0.265625 0.79375 0.2640625
1 0.021875 0.25625 0.0265625 0.2578125 0.0296875 0.2625 0.03125 0.2796875 0.0140625 0.278125 0.0109375 0.2734375 0.0125 0.259375 0.0203125 0.25625
1 0.321875 0.33125 0.3265625 0.334375 0.340625 0.3546875 0.3421875 0.3765625 0.3375 0.3859375 0.334375 0.3875 0.3265625 0.3828125 0.325 0.384375 0.3171875 0.3828125 0.303125 0.390625 0.2984375 0.390625 0.2921875 0.38125 0.28125 0.378125 0.2703125 0.378125 0.2671875 0.371875 0.2671875 0.3578125 0.2703125 0.35 0.2859375 0.334375 0.2921875 0.33125 0.309375 0.33125 0.3109375 0.3296875 0.3203125 0.33125
1 0.7125 0.284375 0.71875 0.2921875 0.7171875 0.3234375 0.715625 0.328125 0.709375 0.33125 0.70625 0.3359375 0.68125 0.3359375 0.6765625 0.33125 0.678125 0.3234375 0.6765625 0.3140625 0.68125 0.3015625 0.690625 0.2890625 0.696875 0.284375 0.7109375 0.284375
1 0.171875 0.3171875 0.184375 0.31875 0.1921875 0.3234375 0.2109375 0.353125 0.2140625 0.371875 0.2109375 0.3859375 0.20625 0.3859375 0.203125 0.3828125 0.1890625 0.3828125 0.175 0.3875 0.1703125 0.3859375 0.16875 0.38125 0.1625 0.3765625 0.1484375 0.3765625 0.1453125 0.36875 0.1453125 0.3515625 0.14375 0.35 0.14375 0.3359375 0.1484375 0.321875 0.15625 0.3171875 0.1703125 0.3171875
1 0.1078125 0.303125 0.1046875 0.2859375 0.1078125 0.2765625 0.1171875 0.2640625 0.140625 0.2640625 0.1453125 0.26875 0.1484375 0.3015625 0.146875 0.30625 0.1421875 0.30625 0.1359375 0.3015625 0.1265625 0.30625 0.11875 0.30625 0.115625 0.3015625 0.109375 0.303125
1 0.0359375 0.3 0.0734375 0.2984375 0.078125 0.303125 0.0828125 0.315625 0.0828125 0.3203125 0.0734375 0.3296875 0.06875 0.365625 0.065625 0.36875 0.0625 0.3671875 0.059375 0.3703125 0.0546875 0.3703125 0.05 0.35 0.046875 0.34375 0.0421875 0.340625 0.0390625 0.3234375 0.034375 0.3171875 0.0359375 0.3015625
3 0.24375 0.9828125 0.246875 0.984375 0.2515625 0.9984375 0.2109375 0.9984375 0.2171875 0.9875 0.234375 0.9765625 0.2359375 0.9765625 0.2375 0.984375 0.2390625 0.9859375 0.2421875 0.984375
3 0.6046875 0.35 0.6140625 0.3546875 0.61875 0.3703125 0.6171875 0.3859375 0.6109375 0.3875 0.6078125 0.3921875 0.6046875 0.390625 0.603125 0.3859375 0.6046875 0.3515625
3 0.3921875 0.3703125 0.390625 0.3671875 0.3875 0.3671875 0.3828125 0.375 0.3796875 0.3734375 0.38125 0.3328125 0.384375 0.3296875 0.390625 0.33125 0.39375 0.34375 0.3984375 0.35 0.3984375 0.3625 0.396875 0.36875 0.39375 0.3703125
3 0.528125 0.390625 0.53125 0.39375 0.53125 0.409375 0.528125 0.4265625 0.521875 0.4265625 0.5171875 0.4203125 0.509375 0.4171875 0.503125 0.4203125 0.496875 0.4203125 0.49375 0.4125 0.49375 0.4015625 0.4984375 0.3921875 0.503125 0.39375 0.5046875 0.4015625 0.5078125 0.4046875 0.5109375 0.3984375 0.5203125 0.3984375 0.521875 0.39375 0.5265625 0.3921875
3 0.36875 0.3265625 0.375 0.3328125 0.371875 0.35625 0.365625 0.353125 0.35 0.353125 0.346875 0.346875 0.353125 0.3265625 0.3546875 0.325 0.3671875 0.3265625
4 0.1390625 0.284375 0.1375 0.290625 0.13125 0.2890625 0.1328125 0.284375 0.1375 0.284375
4 0.1140625 0.378125 0.125 0.375 0.128125 0.3765625 0.128125 0.38125 0.125 0.3828125 0.115625 0.3828125 0.1140625 0.3796875
4 0.73125 0.3234375 0.7328125 0.328125 0.7296875 0.33125 0.7265625 0.33125 0.7234375 0.3265625 0.725 0.3234375 0.7296875 0.3234375
4 0.0375 0.378125 0.0390625 0.3828125 0.0359375 0.384375 0.025 0.384375 0.021875 0.38125 0.028125 0.378125 0.0359375 0.378125
4 0.5265625 0.4078125 0.525 0.4046875 0.5265625 0.3984375 0.5296875 0.4 0.5296875 0.4078125 0.528125 0.4078125
4 0.75625 0.3546875 0.76875 0.35625 0.7671875 0.3625 0.75625 0.3609375 0.75625 0.35625
4 0.053125 0.3421875 0.0515625 0.3390625 0.053125 0.334375 0.0609375 0.334375 0.0640625 0.3390625 0.0625 0.3421875 0.05625 0.34375 0.0546875 0.3421875
4 0.6875 0.3203125 0.690625 0.321875 0.690625 0.3265625 0.6890625 0.328125 0.684375 0.3265625 0.6828125 0.321875 0.6859375 0.321875
4 0.19375 0.36875 0.2046875 0.36875 0.2046875 0.3734375 0.2015625 0.375 0.1953125 0.375 0.19375 0.3703125
4 0.32890625 0.36328125 0.01328125 0.00703125
4 0.1953125 0.3140625 0.00859375 0.00859375