1 0.9390625 0.2625 0.94375 0.2734375 0.9421875 0.290625 0.9234375 0.29375 0.9140625 0.2921875 0.9140625 0.2765625 0.9171875 0.2671875 0.9203125 0.2625 0.9375 0.2625
1 0.9828125 0.2578125 0.9875 0.2546875 0.9953125 0.2546875 0.9984375 0.2578125 0.9984375 0.278125 0.9921875 0.2765625 0.98125 0.278125 0.9828125 0.259375
1 0.1640625 0.2265625 0.1703125 0.228125 0.175 0.234375 0.175 0.2515625 0.1734375 0.253125 0.1578125 0.2515625 0.153125 0.246875 0.153125 0.234375 0.1625 0.2265625
1 0.9890625 0.3140625 0.9984375 0.3171875 0.9984375 0.3921875 0.99375 0.3921875 0.9875 0.3859375 0.9640625 0.3859375 0.959375 0.390625 0.9515625 0.390625 0.9515625 0.36875 0.9546875 0.3625 0.9578125 0.34375 0.9671875 0.328125 0.9671875 0.321875 0.9703125 0.3171875 0.9875 0.3140625
1 0 0.6875 0.025 0.69375 0.046875 0.69375 0.053125 0.696875 0.075 0.696875 0.0859375 0.7 0.0921875 0.7046875 0.1046875 0.725 0.1125 0.7578125 0.1125 0.7765625 0.1046875 0.7890625 0.0984375 0.8109375 0.084375 0.8328125 0.08125 0.8359375 0.0734375 0.8375 0.065625 0.84375 0.0515625 0.88125 0.0390625 0.890625 0.0328125 0.8921875 0.009375 0.890625 0 0.88125 0 0.6890625
1 0.190625 0.234375 0.1984375 0.2390625 0.2 0.246875 0.190625 0.2546875 0.1890625 0.2625 0.1828125 0.2640625 0.175 0.25625 0.1765625 0.240625 0.18125 0.234375 0.1890625 0.234375
1 0.2 0.25 0.2171875 0.253125 0.2203125 0.2578125 0.2109375 0.2640625 0.209375 0.3 0.20625 0.3046875 0.1984375 0.3015625 0.1921875 0.2953125 0.190625 0.290625 0.190625 0.2578125 0.1921875 0.253125 0.1984375 0.25
1 0.2234375 0.2609375 0.2390625 0.2671875 0.2421875 0.275 0.2390625 0.2921875 0.240625 0.3 0.2390625 0.3140625 0.2375 0.3171875 0.234375 0.31875 0.23125 0.3171875 0.2265625 0.3203125 0.2140625 0.3125 0.209375 0.303125 0.2109375 0.2671875 0.2140625 0.2625 0.221875 0.2609375
1 0.8421875 0.3203125 0.8484375 0.321875 0.8546875 0.33125 0.85625 0.3421875 0.8546875 0.3734375 0.8515625 0.375 0.840625 0.3734375 0.8359375 0.38125 0.83125 0.384375 0.8265625 0.38125 0.8015625 0.38125 0.8 0.3828125 0.796875 0.38125 0.7953125 0.3625 0.8015625 0.3453125 0.8015625 0.3390625 0.8171875 0.321875 0.8328125 0.321875 0.834375 0.3203125 0.840625 0.321875
1 0.9765625 0.2890625 0.9984375 0.2890625 0.9984375 0.3125 0.9859375 0.3109375 0.9828125 0.3015625 0.975 0.296875 0.9765625 0.290625
1 0.553125 0.61875 0.5640625 0.621875 0.578125 0.621875 0.59375 0.625 0.603125 0.6296875 0.6109375 0.6375 0.621875 0.64375 0.646875 0.66875 0.6640625 0.675 0.671875 0.6828125 0.6765625 0.684375 0.7 0.7125 0.703125 0.725 0.703125 0.7484375 0.7046875 0.75 0.7046875 0.7671875 0.7015625 0.7859375 0.696875 0.7953125 0.68125 0.803125 0.6734375 0.8109375 0.66875 0.8234375 0.6625 0.828125 0.653125 0.828125 0.64375 0.8234375 0.63125 0.7984375 0.61875 0.7984375 0.6109375 0.7953125 0.6 0.7953125 0.59375 0.7921875 0.5515625 0.790625 0.540625 0.7875 0.515625 0.7875 0.5109375 0.79375 0.509375 0.8015625 0.5015625 0.8109375 0.4890625 0.8125 0.4796875 0.80625 0.471875 0.7796875 0.4515625 0.7703125 0.4484375 0.765625 0.4453125 0.75625 0.44375 0.725 0.446875 0.71875 0.45 0.678125 0.4578125 0.6578125 0.4609375 0.6546875 0.4796875 0.65 0.5125 0.625 0.540625 0.61875 0.5515625 0.61875
1 0.3 0.2734375 0.3125 0.278125 0.31875 0.284375 0.3328125 0.309375 0.3328125 0.3203125 0.3296875 0.3328125 0.328125 0.334375 0.3171875 0.3328125 0.309375 0.3359375 0.296875 0.3359375 0.2953125 0.321875 0.290625 0.3078125 0.2796875 0.290625 0.2796875 0.2796875 0.2828125 0.275 0.2984375 0.2734375
1 0.2703125 0.2890625 0.2796875 0.29375 0.2859375 0.303125 0.29375 0.325 0.2921875 0.3390625 0.271875 0.3421875 0.2625 0.3421875 0.2578125 0.3359375 0.25 0.3328125 0.246875 0.3265625 0.246875 0.309375 0.25 0.29375 0.2546875 0.2890625 0.26875 0.2890625
2 0.9328125 0.325 0.07734375 0.0796875
3 0.8875 0.271875 0.8890625 0.28125 0.8859375 0.29375 0.8796875 0.2921875 0.8796875 0.2734375 0.8859375 0.271875
3 0.553125 0.85 0.55625 0.8515625 0.55625 0.8546875 0.55 0.8625 0.553125 0.871875 0.5515625 0.8859375 0.540625 0.8984375 0.5328125 0.9015625 0.5265625 0.909375 0.5265625 0.915625 0.5328125 0.921875 0.54375 0.925 0.546875 0.9296875 0.5453125 0.94375 0.53125 0.9625 0.5296875 0.996875 0.51875 0.9984375 0.5140625 0.9953125 0.5046875 0.965625 0.5046875 0.9453125 0.503125 0.94375 0.5078125 0.921875 0.509375 0.91875 0.5171875 0.915625 0.5140625 0.9015625 0.5140625 0.890625 0.5171875 0.8796875 0.528125 0.86875 0.534375 0.86875 0.5390625 0.875 0.54375 0.875 0.5484375 0.8703125 0.55 0.85625 0.553125 0.8515625
4 0.965625 0.378125 0.9671875 0.3734375 0.9796875 0.375 0.978125 0.3796875 0.9671875 0.378125
4 0.1125 0.7578125 0.1125 0.78125 0.109375 0.78125 0.109375 0.759375 0.1109375 0.759375
4 0.921875 0.3578125 0.9234375 0.359375 0.921875 0.3625 0.9109375 0.3625 0.9125 0.3578125 0.9203125 0.3578125
4 0.815625 0.3640625 0.8171875 0.365625 0.815625 0.36875 0.8046875 0.3671875 0.80625 0.3640625 0.8140625 0.3640625
4 0.3234375 0.3203125 0.3265625 0.321875 0.3234375 0.325 0.31875 0.3234375 0.321875 0.3203125