5 0.8203125 0.221875 0.8234375 0.2234375 0.821875 0.2625 0.815625 0.275 0.8140625 0.2875 0.8046875 0.2921875 0.7984375 0.2875 0.7921875 0.2875 0.790625 0.278125 0.778125 0.259375 0.78125 0.2484375 0.78125 0.23125 0.7859375 0.2234375 0.7984375 0.21875 0.815625 0.21875 0.81875 0.221875
5 0.709375 0.2328125 0.734375 0.2375 0.7359375 0.2484375 0.734375 0.2765625 0.7234375 0.2890625 0.7234375 0.2921875 0.71875 0.2890625 0.70625 0.2984375 0.6921875 0.3203125 0.678125 0.3171875 0.6640625 0.3203125 0.6609375 0.3140625 0.65625 0.3109375 0.6546875 0.3078125 0.65625 0.253125 0.6578125 0.2453125 0.6640625 0.2421875 0.66875 0.2375 0.66875 0.234375 0.7078125 0.2328125
1 0.7625 0.265625 0.7625 0.259375 0.759375 0.25625 0.7625 0.25 0.775 0.2515625 0.7734375 0.265625 0.771875 0.2671875 0.7640625 0.265625
1 0.7609375 0.2578125 0.7625 0.265625 0.7515625 0.2671875 0.740625 0.271875 0.7375 0.26875 0.7390625 0.2640625 0.7453125 0.2578125 0.753125 0.25625 0.759375 0.2578125
1 0.8421875 0.2265625 0.8453125 0.228125 0.846875 0.2453125 0.84375 0.2578125 0.840625 0.2609375 0.8234375 0.2609375 0.821875 0.2515625 0.8234375 0.234375 0.8265625 0.2296875 0.840625 0.2265625
1 0.8859375 0.4921875 0.8984375 0.49375 0.9375 0.509375 0.940625 0.5125 0.946875 0.53125 0.9578125 0.5453125 0.9609375 0.553125 0.9609375 0.565625 0.9640625 0.575 0.9625 0.5984375 0.9515625 0.6125 0.928125 0.6265625 0.921875 0.640625 0.9109375 0.640625 0.9046875 0.6375 0.8984375 0.63125 0.89375 0.6140625 0.890625 0.6109375 0.85625 0.6015625 0.853125 0.5984375 0.8203125 0.5875 0.8125 0.5875 0.80625 0.5953125 0.7984375 0.5953125 0.7921875 0.590625 0.7875 0.5796875 0.778125 0.56875 0.778125 0.546875 0.7875 0.525 0.7921875 0.5203125 0.803125 0.5171875 0.80625 0.5140625 0.8234375 0.5125 0.8640625 0.4921875 0.871875 0.490625 0.884375 0.4921875
1 0.7078125 0.3 0.7265625 0.2984375 0.7328125 0.303125 0.7375 0.3140625 0.7375 0.34375 0.7359375 0.3453125 0.7296875 0.3453125 0.7234375 0.353125 0.6953125 0.3515625 0.6921875 0.3484375 0.69375 0.325 0.6953125 0.31875 0.7078125 0.3015625
1 0.4078125 0.3546875 0.4171875 0.359375 0.428125 0.3734375 0.43125 0.38125 0.434375 0.4109375 0.428125 0.4234375 0.4078125 0.421875 0.4 0.425 0.3921875 0.4328125 0.375 0.415625 0.3703125 0.415625 0.3671875 0.4125 0.3578125 0.4125 0.35625 0.415625 0.3515625 0.415625 0.3484375 0.4125 0.346875 0.384375 0.3546875 0.375 0.3609375 0.3734375 0.375 0.3578125 0.40625 0.3546875
1 0.78125 0.2671875 0.7890625 0.275 0.790625 0.29375 0.7890625 0.3015625 0.7796875 0.309375 0.778125 0.315625 0.7734375 0.3109375 0.775 0.2890625 0.7703125 0.26875 0.7796875 0.2671875
1 0.3390625 0.3140625 0.3453125 0.31875 0.3515625 0.3328125 0.3546875 0.3421875 0.3546875 0.3609375 0.3515625 0.3671875 0.346875 0.3671875 0.3421875 0.3625 0.3375 0.3625 0.325 0.3703125 0.315625 0.3609375 0.3078125 0.359375 0.3015625 0.3625 0.296875 0.3609375 0.2953125 0.3359375 0.303125 0.3234375 0.3125 0.3140625 0.325 0.3125 0.3375 0.3140625
1 0.7734375 0.25 0.775 0.2625 0.7703125 0.2671875 0.75 0.2671875 0.74375 0.2703125 0.7390625 0.2703125 0.7390625 0.26875 0.7453125 0.2578125 0.75 0.2578125 0.7609375 0.25 0.771875 0.25
1 0.4125 0.4796875 0.43125 0.49375 0.446875 0.515625 0.4515625 0.51875 0.4515625 0.5265625 0.475 0.55 0.484375 0.5703125 0.4859375 0.5796875 0.484375 0.6 0.478125 0.6078125 0.4625 0.6171875 0.45625 0.6171875 0.453125 0.6203125 0.440625 0.6234375 0.43125 0.6234375 0.421875 0.63125 0.415625 0.63125 0.409375 0.6234375 0.40625 0.609375 0.3921875 0.596875 0.375 0.5859375 0.3734375 0.5828125 0.3625 0.5765625 0.3578125 0.578125 0.35625 0.58125 0.35 0.58125 0.34375 0.575 0.340625 0.5640625 0.340625 0.5546875 0.3375 0.5515625 0.334375 0.540625 0.3359375 0.503125 0.3453125 0.4921875 0.3625 0.4875 0.3734375 0.4796875 0.3859375 0.478125 0.3921875 0.475 0.4 0.475 0.4109375 0.4796875
1 0.4125 0.3390625 0.4140625 0.340625 0.440625 0.3390625 0.4515625 0.34375 0.45625 0.359375 0.45625 0.38125 0.4578125 0.3828125 0.45625 0.390625 0.4515625 0.3953125 0.4484375 0.403125 0.4421875 0.403125 0.434375 0.39375 0.4328125 0.378125 0.4234375 0.3640625 0.4171875 0.3578125 0.4078125 0.353125 0.396875 0.3515625 0.4 0.3421875 0.4109375 0.3390625
1 0.0734375 0.2859375 0.0828125 0.29375 0.0875 0.3015625 0.090625 0.3125 0.090625 0.3296875 0.0875 0.33125 0.0828125 0.328125 0.0640625 0.328125 0.059375 0.33125 0.05625 0.3265625 0.05 0.3265625 0.0484375 0.3234375 0.046875 0.2984375 0.05 0.2890625 0.0546875 0.2859375 0.071875 0.2859375
1 0.7375 0.275 0.75 0.26875 0.7671875 0.26875 0.7703125 0.2734375 0.7734375 0.2875 0.771875 0.3171875 0.7578125 0.33125 0.7546875 0.33125 0.740625 0.321875 0.7390625 0.3125 0.7296875 0.2984375 0.7296875 0.2875 0.7375 0.2765625
1 0.0046875 0.271875 0.0140625 0.275 0.0265625 0.29375 0.0265625 0.3125 0.028125 0.3140625 0.0265625 0.3359375 0 0.33125 0 0.2734375 0.003125 0.271875
3 0.8984375 0.4390625 0.9015625 0.44375 0.9015625 0.4625 0.89375 0.478125 0.89375 0.490625 0.884375 0.490625 0.8828125 0.484375 0.890625 0.446875 0.89375 0.440625 0.896875 0.4390625
3 0.5953125 0.3484375 0.6125 0.353125 0.615625 0.3734375 0.6140625 0.3828125 0.6109375 0.3859375 0.6015625 0.3828125 0.596875 0.390625 0.59375 0.390625 0.5921875 0.36875 0.5953125 0.35
2 0.78046875 0.4625 0.17265625 0.08984375