5 0.6671875 0.3484375 0.6703125 0.3703125 0.6796875 0.375 0.684375 0.38125 0.690625 0.4078125 0.6953125 0.41875 0.696875 0.4328125 0.696875 0.45625 0.6953125 0.4578125 0.696875 0.490625 0.684375 0.5 0.6828125 0.5125 0.678125 0.5203125 0.665625 0.521875 0.6640625 0.515625 0.659375 0.5109375 0.6375 0.5109375 0.634375 0.5140625 0.6296875 0.53125 0.621875 0.534375 0.615625 0.5296875 0.6125 0.5234375 0.609375 0.503125 0.603125 0.4875 0.5859375 0.4671875 0.5765625 0.4625 0.5640625 0.4640625 0.559375 0.46875 0.553125 0.48125 0.546875 0.4828125 0.540625 0.48125 0.534375 0.4703125 0.534375 0.4609375 0.5296875 0.4453125 0.53125 0.4359375 0.5296875 0.425 0.5265625 0.421875 0.515625 0.4203125 0.5140625 0.4125 0.5078125 0.40625 0.5078125 0.36875 0.515625 0.3640625 0.56875 0.359375 0.5953125 0.3703125 0.6 0.3546875 0.60625 0.3546875 0.6125 0.3578125 0.64375 0.353125 0.6609375 0.353125 0.665625 0.35
1 0.9734375 0.278125 0.03359375 0.03515625
1 0.325 0.375 0.334375 0.378125 0.3390625 0.3859375 0.3453125 0.4078125 0.3453125 0.43125 0.346875 0.4328125 0.346875 0.4765625 0.3328125 0.496875 0.33125 0.5140625 0.328125 0.5203125 0.325 0.521875 0.3203125 0.5203125 0.3140625 0.5109375 0.30625 0.5078125 0.2984375 0.5109375 0.29375 0.509375 0.2765625 0.5109375 0.2703125 0.5203125 0.265625 0.521875 0.2625 0.515625 0.2625 0.4890625 0.2609375 0.4875 0.2640625 0.4609375 0.271875 0.4453125 0.265625 0.4328125 0.2671875 0.4296875 0.271875 0.4296875 0.275 0.4265625 0.2765625 0.4171875 0.284375 0.3984375 0.2984375 0.378125 0.3234375 0.375
1 0.8390625 0.3203125 0.85 0.3234375 0.8515625 0.3265625 0.85625 0.34375 0.85625 0.3703125 0.8515625 0.375 0.840625 0.3734375 0.8328125 0.384375 0.8265625 0.38125 0.8 0.3828125 0.796875 0.3796875 0.7953125 0.3640625 0.803125 0.3375 0.80625 0.3359375 0.8125 0.325 0.8171875 0.321875 0.8375 0.3203125
1 0.965625 0.296875 0.9875 0.2890625 0.9984375 0.2890625 0.9984375 0.3125 0.975 0.3140625 0.9828125 0.3078125 0.9828125 0.3046875 0.9765625 0.2984375 0.9703125 0.2984375 0.9671875 0.303125 0.9671875 0.2984375
1 0.378125 0.309375 0.39375 0.325 0.4 0.3390625 0.4015625 0.3578125 0.3984375 0.365625 0.3734375 0.3640625 0.371875 0.35 0.3515625 0.31875 0.3515625 0.315625 0.359375 0.309375 0.3765625 0.309375
1 0.9984375 0.6234375 0.9984375 0.771875 0.99375 0.765625 0.9859375 0.7390625 0.9796875 0.7359375 0.959375 0.715625 0.9515625 0.7015625 0.9484375 0.690625 0.9484375 0.684375 0.953125 0.675 0.953125 0.6546875 0.959375 0.6390625 0.9765625 0.6296875 0.996875 0.6234375
1 0.2640625 0.2875 0.2703125 0.2890625 0.284375 0.3078125 0.2875 0.3171875 0.2875 0.3375 0.2859375 0.3390625 0.25625 0.3375 0.24375 0.328125 0.24375 0.309375 0.2484375 0.2921875 0.2515625 0.2890625 0.2625 0.2875
1 0.3421875 0.309375 0.35 0.3171875 0.35 0.3203125 0.3609375 0.334375 0.3703125 0.353125 0.36875 0.3984375 0.365625 0.40625 0.3609375 0.40625 0.353125 0.3984375 0.3453125 0.3953125 0.340625 0.3890625 0.3390625 0.38125 0.334375 0.3765625 0.309375 0.371875 0.309375 0.346875 0.3140625 0.3234375 0.3171875 0.3171875 0.33125 0.3078125 0.340625 0.309375
1 0.5609375 0.31875 0.56875 0.3234375 0.58125 0.3375 0.59375 0.34375 0.596875 0.35 0.5953125 0.3671875 0.584375 0.365625 0.56875 0.3578125 0.5234375 0.3609375 0.521875 0.346875 0.5296875 0.325 0.5390625 0.31875 0.55 0.3171875 0.559375 0.31875
1 0.17421875 0.24296875 0.02890625 0.03359375
1 0.9703125 0.31875 0.984375 0.3171875 0.990625 0.3140625 0.9953125 0.3140625 0.9984375 0.3171875 0.9984375 0.3921875 0.99375 0.3921875 0.9875 0.3859375 0.9640625 0.3859375 0.959375 0.390625 0.953125 0.390625 0.9515625 0.3875 0.9515625 0.3734375 0.95625 0.3625 0.959375 0.34375 0.9625 0.340625 0.9703125 0.3203125
1 0.1515625 0.584375 0.1640625 0.5921875 0.1640625 0.6015625 0.178125 0.6375 0.190625 0.6546875 0.1921875 0.68125 0.196875 0.690625 0.1953125 0.7359375 0.18125 0.7546875 0.18125 0.7578125 0.178125 0.759375 0.1703125 0.775 0.1640625 0.8015625 0.15 0.81875 0.14375 0.821875 0.1328125 0.821875 0.125 0.8171875 0.1234375 0.8125 0.11875 0.8125 0.1078125 0.81875 0.0953125 0.821875 0.0796875 0.8375 0.078125 0.8421875 0.0671875 0.85 0.0640625 0.85625 0.053125 0.8609375 0.0484375 0.86875 0.0296875 0.8859375 0.0234375 0.8984375 0.0109375 0.909375 0.00625 0.9203125 0.003125 0.921875 0 0.921875 0 0.640625 0.0234375 0.625 0.0328125 0.621875 0.0875 0.5890625 0.10625 0.5828125 0.125 0.5828125 0.1265625 0.58125 0.15 0.584375
1 0.28125 0.2703125 0.290625 0.275 0.3 0.2890625 0.3046875 0.3046875 0.303125 0.3109375 0.290625 0.3140625 0.2859375 0.3109375 0.28125 0.3 0.2703125 0.2875 0.2609375 0.2859375 0.2609375 0.2796875 0.265625 0.271875 0.2796875 0.2703125
1 0.2265625 0.2375 0.234375 0.2421875 0.2375 0.246875 0.2421875 0.2578125 0.24375 0.2703125 0.240625 0.2765625 0.2234375 0.2765625 0.2203125 0.2796875 0.209375 0.2765625 0.20625 0.2734375 0.20625 0.2453125 0.2109375 0.2375 0.225 0.2375
1 0.9125 0.2796875 0.9234375 0.2828125 0.925 0.296875 0.9125 0.303125 0.9078125 0.309375 0.9046875 0.315625 0.8984375 0.3453125 0.8890625 0.3453125 0.890625 0.321875 0.8828125 0.296875 0.8859375 0.2890625 0.89375 0.2828125 0.9109375 0.2796875
1 0.871875 0.2984375 0.8796875 0.3 0.8828125 0.303125 0.8875 0.3171875 0.8859375 0.353125 0.884375 0.35625 0.8796875 0.35625 0.8765625 0.353125 0.871875 0.3625 0.865625 0.3625 0.859375 0.3578125 0.8546875 0.3296875 0.85 0.321875 0.840625 0.31875 0.840625 0.3140625 0.8453125 0.3109375 0.853125 0.3 0.8703125 0.2984375
3 0.921875 0.4609375 0.928125 0.4671875 0.9328125 0.46875 0.934375 0.478125 0.9328125 0.503125 0.925 0.51875 0.921875 0.5328125 0.91875 0.5328125 0.91875 0.5171875 0.9125 0.5015625 0.9140625 0.4703125 0.915625 0.4640625 0.9203125 0.4609375
3 0.1828125 0.31015625 0.0125 0.03125
4 0.91796875 0.36015625 0.01484375 0.00703125
4 0.9796875 0.3734375 0.978125 0.3796875 0.971875 0.3796875 0.965625 0.3765625 0.9671875 0.3734375 0.978125 0.3734375
4 0.68125 0.484375 0.678125 0.490625 0.66875 0.49375 0.6640625 0.49375 0.6625 0.4890625 0.671875 0.484375 0.6796875 0.484375
4 0.28125 0.4984375 0.2953125 0.496875 0.3 0.4984375 0.2984375 0.50625 0.28125 0.50625 0.2796875 0.5015625 0.28125 0.5
4 0.815625 0.3640625 0.8171875 0.365625 0.815625 0.36875 0.8078125 0.36875 0.8046875 0.365625 0.8140625 0.3640625
4 0.3421875 0.384375 0.3546875 0.384375 0.3546875 0.390625 0.3484375 0.3921875 0.3421875 0.390625 0.3421875 0.3859375
2 0.9359375 0.3296875 0.071875 0.08046875