1 0.0515625 0.2578125 0.0578125 0.2609375 0.059375 0.26875 0.05625 0.2734375 0.05625 0.28125 0.0453125 0.2875 0.0390625 0.2859375 0.0375 0.275 0.0421875 0.259375 0.05 0.2578125
1 0.0265625 0.259375 0.034375 0.2546875 0.0390625 0.2546875 0.0421875 0.2578125 0.0375 0.28125 0.03125 0.2828125 0.0265625 0.2828125 0.021875 0.278125 0.0234375 0.265625 0.0265625 0.2609375
1 0.6859375 0.278125 0.6890625 0.2796875 0.69375 0.290625 0.6984375 0.29375 0.7 0.3078125 0.69375 0.31875 0.6921875 0.328125 0.6828125 0.3265625 0.678125 0.33125 0.6765625 0.3390625 0.6671875 0.3359375 0.65 0.3375 0.646875 0.3328125 0.646875 0.3140625 0.65625 0.2984375 0.65625 0.2890625 0.659375 0.2828125 0.6671875 0.278125 0.684375 0.278125
1 0.771875 0.2734375 0.778125 0.2953125 0.778125 0.309375 0.7578125 0.3234375 0.7546875 0.2953125 0.746875 0.2859375 0.746875 0.278125 0.75 0.275 0.7671875 0.271875 0.7703125 0.2734375
1 0.7921875 0.2625 0.7984375 0.271875 0.8 0.290625 0.7984375 0.296875 0.7890625 0.3046875 0.7796875 0.303125 0.775 0.26875 0.7796875 0.2625 0.7875 0.2609375 0.790625 0.2625
1 0.828125 0.31015625 0.0375 0.0484375
1 0.8171875 0.234375 0.8125 0.2453125 0.7953125 0.2421875 0.7953125 0.2359375 0.8 0.2328125 0.815625 0.234375
1 0.09375 0.309375 0.1046875 0.3234375 0.1046875 0.328125 0.109375 0.3359375 0.1125 0.35 0.1125 0.365625 0.1109375 0.3671875 0.0828125 0.365625 0.078125 0.3671875 0.0765625 0.3703125 0.06875 0.3625 0.0640625 0.3625 0.059375 0.3546875 0.0609375 0.3203125 0.0671875 0.309375 0.0765625 0.3078125 0.0921875 0.309375
1 0.2015625 0.3640625 0.2109375 0.36875 0.2234375 0.3859375 0.23125 0.3921875 0.23125 0.4015625 0.2390625 0.41875 0.2390625 0.446875 0.2359375 0.453125 0.2 0.4515625 0.19375 0.453125 0.1921875 0.45625 0.1875 0.4546875 0.1859375 0.446875 0.18125 0.440625 0.175 0.4375 0.1671875 0.4390625 0.1625 0.4375 0.159375 0.4296875 0.159375 0.390625 0.1671875 0.36875 0.175 0.3640625 0.1875 0.3625 0.2 0.3640625
1 0.8359375 0.2390625 0.8390625 0.246875 0.8375 0.265625 0.834375 0.2703125 0.8296875 0.271875 0.8234375 0.271875 0.821875 0.2546875 0.8171875 0.2421875 0.825 0.2375 0.834375 0.2390625
1 0.784375 0.2390625 0.7890625 0.2375 0.79375 0.240625 0.7921875 0.25 0.7859375 0.2609375 0.778125 0.2609375 0.778125 0.25 0.784375 0.240625
1 0.790625 0.315625 0.7953125 0.3171875 0.8015625 0.3234375 0.809375 0.3359375 0.809375 0.3546875 0.8046875 0.3625 0.7703125 0.3609375 0.753125 0.3578125 0.753125 0.3421875 0.75625 0.334375 0.7625 0.328125 0.7640625 0.321875 0.7734375 0.3140625 0.7890625 0.315625
1 0.7453125 0.2875 0.753125 0.29375 0.75625 0.3265625 0.7546875 0.33125 0.75 0.3328125 0.7421875 0.340625 0.7328125 0.3390625 0.7171875 0.3390625 0.715625 0.340625 0.7109375 0.3328125 0.7109375 0.3234375 0.715625 0.30625 0.725 0.2921875 0.7328125 0.2875 0.74375 0.2875
1 0.1 0.2609375 0.10625 0.2625 0.109375 0.2671875 0.1109375 0.290625 0.0875 0.290625 0.0859375 0.2890625 0.084375 0.2828125 0.0859375 0.26875 0.090625 0.2609375 0.0984375 0.2609375
1 0.80625 0.24375 0.8078125 0.2453125 0.8125 0.24375 0.81875 0.25 0.8203125 0.25625 0.8203125 0.2734375 0.8125 0.2859375 0.809375 0.2875 0.8015625 0.2859375 0.7984375 0.26875 0.790625 0.2609375 0.7953125 0.2453125 0.8046875 0.24375
1 0.7765625 0.3625 0.778125 0.3640625 0.7859375 0.3625 0.7984375 0.3640625 0.8109375 0.375 0.8203125 0.4 0.8203125 0.428125 0.8171875 0.4421875 0.8125 0.4515625 0.8078125 0.4515625 0.8015625 0.440625 0.7921875 0.4375 0.778125 0.4390625 0.7671875 0.4484375 0.7640625 0.446875 0.759375 0.4296875 0.7453125 0.4234375 0.74375 0.3890625 0.746875 0.3796875 0.7546875 0.3703125 0.7546875 0.365625 0.7578125 0.3625 0.775 0.3625
1 0.0078125 0.2625 0.0140625 0.265625 0.0203125 0.2765625 0.0203125 0.29375 0.0015625 0.29375 0 0.2921875 0 0.2640625 0.00625 0.2640625
3 0.06328125 0.29375 0.01171875 0.02421875
3 0.0453125 0.3296875 0.05 0.3421875 0.0484375 0.3734375 0.0390625 0.365625 0.0359375 0.353125 0.0375 0.334375 0.04375 0.33125
3 0.159375 0.284375 0.1609375 0.3 0.1578125 0.3046875 0.153125 0.3015625 0.1515625 0.296875 0.1515625 0.2890625 0.1578125 0.284375
3 0.4015625 0.3640625 0.4046875 0.36875 0.403125 0.3765625 0.40625 0.3875 0.415625 0.3859375 0.4203125 0.38125 0.421875 0.375 0.4265625 0.3734375 0.4265625 0.3953125 0.425 0.4015625 0.4203125 0.4046875 0.415625 0.4046875 0.4109375 0.4015625 0.4015625 0.4015625 0.39375 0.4109375 0.3890625 0.4109375 0.3859375 0.4046875 0.3859375 0.39375 0.3921875 0.38125 0.39375 0.36875 0.4 0.3640625
3 0.0765625 0.2765625 0.0765625 0.2953125 0.0734375 0.2953125 0.0703125 0.2890625 0.0703125 0.278125 0.075 0.2765625
0 0.7671875 0.2234375 0.76875 0.2265625 0.7671875 0.2671875 0.765625 0.2703125 0.75 0.2734375 0.74375 0.2828125 0.734375 0.2828125 0.7359375 0.2671875 0.734375 0.259375 0.73125 0.25625 0.715625 0.253125 0.715625 0.234375 0.725 0.225 0.75625 0.221875 0.765625 0.2234375
4 0.2140625 0.440625 0.215625 0.434375 0.225 0.4328125 0.228125 0.434375 0.2265625 0.440625 0.215625 0.440625
4 0.1015625 0.3546875 0.1 0.3609375 0.090625 0.359375 0.0921875 0.3546875 0.1 0.3546875
4 0.7671875 0.3484375 0.7796875 0.35 0.778125 0.35625 0.76875 0.353125 0.7671875 0.35
4 0.79375 0.409375 0.803125 0.409375 0.8015625 0.4203125 0.79375 0.41875 0.7921875 0.415625 0.79375 0.4109375
4 0.8234375 0.3109375 0.0078125 0.01015625