5 0.825 0.31875 0.846875 0.3234375 0.8703125 0.3234375 0.871875 0.325 0.8671875 0.4671875 0.85625 0.484375 0.8546875 0.4921875 0.846875 0.5046875 0.846875 0.5234375 0.84375 0.53125 0.8421875 0.5484375 0.8375 0.5609375 0.8328125 0.5640625 0.828125 0.5640625 0.8140625 0.5515625 0.7953125 0.5671875 0.7890625 0.5734375 0.78125 0.5875 0.7765625 0.6140625 0.7734375 0.6203125 0.7640625 0.61875 0.759375 0.603125 0.7546875 0.5984375 0.7421875 0.5953125 0.73125 0.5875 0.715625 0.5875 0.709375 0.5953125 0.7046875 0.596875 0.6953125 0.5953125 0.690625 0.5796875 0.68125 0.571875 0.678125 0.5625 0.68125 0.5546875 0.6796875 0.5015625 0.671875 0.4921875 0.6703125 0.4734375 0.675 0.46875 0.68125 0.46875 0.684375 0.465625 0.690625 0.4421875 0.703125 0.4265625 0.703125 0.421875 0.709375 0.4125 0.7109375 0.371875 0.7140625 0.3546875 0.784375 0.31875 0.8234375 0.31875
5 0.2375 0.2375 0.2578125 0.24375 0.2625 0.2484375 0.265625 0.271875 0.265625 0.28125 0.25625 0.2828125 0.2484375 0.2890625 0.2484375 0.29375 0.2453125 0.2984375 0.2453125 0.315625 0.2421875 0.3203125 0.2375 0.315625 0.2328125 0.315625 0.228125 0.309375 0.2234375 0.2921875 0.2234375 0.2703125 0.2203125 0.2625 0.2234375 0.2390625 0.2359375 0.2375
5 0.234375 0.2234375 0.2546875 0.2234375 0.2796875 0.234375 0.2828125 0.2671875 0.2796875 0.28125 0.2703125 0.2796875 0.265625 0.26875 0.2640625 0.2484375 0.253125 0.240625 0.234375 0.2375 0.2328125 0.2359375 0.234375 0.225
1 0.9609375 0.2734375 0.9671875 0.2796875 0.96875 0.290625 0.9640625 0.2953125 0.9453125 0.2984375 0.940625 0.2984375 0.9375 0.2953125 0.934375 0.2890625 0.9359375 0.2796875 0.94375 0.2734375 0.953125 0.271875 0.959375 0.2734375
1 0.3625 0.340625 0.371875 0.3484375 0.375 0.35625 0.3796875 0.359375 0.38125 0.371875 0.3875 0.3859375 0.3875 0.4015625 0.3828125 0.409375 0.371875 0.4078125 0.3625 0.409375 0.353125 0.4140625 0.3453125 0.4109375 0.3390625 0.3984375 0.33125 0.3984375 0.33125 0.39375 0.328125 0.390625 0.328125 0.3609375 0.3328125 0.34375 0.3359375 0.340625 0.3390625 0.3390625 0.359375 0.3390625 0.3609375 0.340625
1 0.9734375 0.2671875 0.978125 0.26875 0.9796875 0.271875 0.9796875 0.284375 0.971875 0.290625 0.9640625 0.2828125 0.9578125 0.271875 0.9578125 0.26875 0.971875 0.2671875
1 0.89375 0.3140625 0.934375 0.3125 0.9421875 0.33125 0.9453125 0.346875 0.94375 0.353125 0.9328125 0.3625 0.9203125 0.3671875 0.9125 0.375 0.9109375 0.38125 0.9078125 0.38125 0.9046875 0.3765625 0.8984375 0.378125 0.89375 0.375 0.8921875 0.3765625 0.8796875 0.375 0.8734375 0.378125 0.871875 0.3703125 0.8734375 0.36875 0.871875 0.365625 0.8734375 0.3375 0.884375 0.3265625 0.8859375 0.321875 0.89375 0.315625
1 0.978125 0.34375 0.9796875 0.3453125 0.990625 0.34375 0.9984375 0.346875 0.9984375 0.40625 0.990625 0.40625 0.9734375 0.4125 0.9703125 0.4109375 0.9609375 0.4125 0.953125 0.4203125 0.9484375 0.4203125 0.9421875 0.4125 0.9203125 0.409375 0.9125 0.40625 0.909375 0.403125 0.9109375 0.3828125 0.9171875 0.3734375 0.93125 0.3671875 0.9515625 0.3484375 0.96875 0.34375 0.9765625 0.34375
1 0.2859375 0.2734375 0.296875 0.2734375 0.3078125 0.284375 0.3078125 0.290625 0.3046875 0.296875 0.3046875 0.321875 0.303125 0.321875 0.3 0.3109375 0.2859375 0.290625 0.284375 0.2859375 0.2859375 0.275
1 0.9984375 0.31875 0.9984375 0.3421875 0.975 0.3421875 0.9734375 0.340625 0.98125 0.3234375 0.9875 0.3203125 0.996875 0.3203125
1 0.265625 0.2578125 0.2765625 0.259375 0.28125 0.2640625 0.284375 0.271875 0.2828125 0.2859375 0.278125 0.2828125 0.26875 0.28125 0.265625 0.2703125 0.265625 0.259375
1 0.29375 0.271875 0.3 0.275 0.3078125 0.284375 0.3078125 0.2921875 0.3046875 0.296875 0.303125 0.3078125 0.2984375 0.30625 0.2890625 0.296875 0.284375 0.2859375 0.2859375 0.2734375 0.2921875 0.271875
1 0.1609375 0.21875 0.1703125 0.2390625 0.16875 0.2484375 0.1625 0.2515625 0.1546875 0.25 0.15 0.24375 0.15 0.2203125 0.159375 0.21875
1 0.9984375 0.26875 0.9984375 0.2859375 0.990625 0.2859375 0.9890625 0.2828125 0.99375 0.271875 0.996875 0.2703125
1 0.2796875 0.2859375 0.3 0.3140625 0.3015625 0.33125 0.2984375 0.334375 0.296875 0.3421875 0.278125 0.3421875 0.2671875 0.3453125 0.2625 0.3453125 0.2578125 0.3375 0.25 0.3375 0.246875 0.334375 0.246875 0.2984375 0.25 0.2890625 0.25625 0.284375 0.271875 0.2828125 0.278125 0.2859375
1 0.21875 0.2640625 0.221875 0.26875 0.2234375 0.3015625 0.20625 0.3015625 0.2 0.2984375 0.1984375 0.2921875 0.2 0.2703125 0.20625 0.2640625 0.2171875 0.2640625
1 0.2 0.234375 0.2078125 0.25 0.2078125 0.2578125 0.2015625 0.2640625 0.190625 0.265625 0.1828125 0.265625 0.178125 0.2609375 0.178125 0.2390625 0.1859375 0.2328125 0.1984375 0.234375
1 0.934375 0.2875 0.9390625 0.2953125 0.9390625 0.303125 0.9359375 0.3078125 0.921875 0.3125 0.8953125 0.3109375 0.896875 0.303125 0.9078125 0.2890625 0.9328125 0.2875
1 0.990625 0.2859375 0.9984375 0.2875 0.9984375 0.3171875 0.98125 0.3171875 0.9765625 0.303125 0.971875 0.296875 0.975 0.2890625 0.9828125 0.284375 0.9890625 0.2859375
1 0.6828125 0.334375 0.6875 0.3390625 0.69375 0.359375 0.69375 0.384375 0.6828125 0.4015625 0.68125 0.4109375 0.675 0.4171875 0.6703125 0.415625 0.6640625 0.40625 0.6328125 0.4078125 0.625 0.4125 0.6203125 0.4234375 0.6171875 0.425 0.6078125 0.4234375 0.6015625 0.415625 0.5921875 0.41875 0.5875 0.415625 0.5875 0.4125 0.5796875 0.4015625 0.578125 0.396875 0.5796875 0.3796875 0.5875 0.3640625 0.596875 0.3625 0.6046875 0.3578125 0.621875 0.3390625 0.63125 0.334375 0.6546875 0.33125 0.68125 0.334375
1 0.334375 0.2859375 0.3421875 0.2921875 0.35 0.303125 0.3546875 0.3203125 0.3546875 0.33125 0.35 0.3359375 0.3390625 0.3359375 0.328125 0.3421875 0.321875 0.3421875 0.3140625 0.33125 0.3109375 0.3328125 0.309375 0.33125 0.3046875 0.3046875 0.3078125 0.2921875 0.3140625 0.284375 0.33125 0.284375 0.3328125 0.2859375
1 0.8734375 0.3078125 0.8796875 0.3109375 0.88125 0.3171875 0.88125 0.325 0.878125 0.33125 0.875 0.33125 0.875 0.325 0.871875 0.321875 0.85 0.321875 0.84375 0.31875 0.85 0.309375 0.871875 0.3078125
1 0.96875 0.296875 0.9734375 0.3 0.9765625 0.30625 0.978125 0.3234375 0.9703125 0.3390625 0.953125 0.3453125 0.9484375 0.3453125 0.9453125 0.3390625 0.9453125 0.3328125 0.9390625 0.3203125 0.9375 0.309375 0.94375 0.3 0.9671875 0.296875
4 0.584375 0.390625 0.5890625 0.39375 0.590625 0.396875 0.5890625 0.3984375 0.5828125 0.3984375 0.5796875 0.3953125 0.5796875 0.3921875 0.5828125 0.390625
4 0.878125 0.359375 0.8890625 0.359375 0.890625 0.3625 0.8890625 0.365625 0.8796875 0.365625 0.878125 0.3609375
4 0.9109375 0.39375 0.9203125 0.396875 0.9203125 0.4015625 0.915625 0.403125 0.9109375 0.4 0.9109375 0.3953125
4 0.371875 0.40078125 0.01640625 0.009375
4 0.703125 0.56875 0.725 0.575 0.7234375 0.5828125 0.7109375 0.58125 0.703125 0.5765625 0.703125 0.5703125