1 0.309375 0.2734375 0.3203125 0.284375 0.328125 0.3 0.328125 0.321875 0.3265625 0.3234375 0.30625 0.3234375 0.3015625 0.3265625 0.296875 0.321875 0.2796875 0.2828125 0.2859375 0.271875 0.30625 0.271875 0.3078125 0.2734375
1 0.98125 0.33125 0.9984375 0.3359375 0.996875 0.346875 0.9984375 0.38125 0.9953125 0.396875 0.990625 0.40625 0.9859375 0.40625 0.9828125 0.4015625 0.9609375 0.4015625 0.959375 0.4 0.9484375 0.4015625 0.94375 0.4046875 0.9390625 0.403125 0.9390625 0.3796875 0.9421875 0.3765625 0.9453125 0.359375 0.953125 0.34375 0.9625 0.334375 0.9796875 0.33125
1 0.2625 0.340625 0.2625 0.3375 0.2578125 0.3328125 0.25 0.33125 0.246875 0.3140625 0.25 0.290625 0.2578125 0.2875 0.2765625 0.2890625 0.284375 0.2984375 0.2859375 0.30625 0.2921875 0.3171875 0.2890625 0.3328125 0.2859375 0.3375 0.2703125 0.3375 0.2640625 0.340625
1 0.2421875 0.278125 0.2453125 0.2796875 0.2484375 0.2859375 0.246875 0.321875 0.234375 0.321875 0.2296875 0.3171875 0.225 0.3171875 0.221875 0.3140625 0.221875 0.2890625 0.225 0.2796875 0.240625 0.278125
1 0.2046875 0.2359375 0.2140625 0.2390625 0.2203125 0.25 0.221875 0.2546875 0.221875 0.2703125 0.2203125 0.271875 0.2015625 0.2703125 0.1984375 0.259375 0.1921875 0.2515625 0.1890625 0.2515625 0.190625 0.2390625 0.1953125 0.2359375 0.203125 0.2359375
1 0.9375 0.325 0.94375 0.3390625 0.940625 0.3484375 0.9421875 0.353125 0.940625 0.371875 0.9390625 0.3765625 0.9328125 0.3734375 0.9265625 0.3859375 0.921875 0.3859375 0.91875 0.38125 0.89375 0.38125 0.8875 0.384375 0.884375 0.38125 0.884375 0.3609375 0.8859375 0.353125 0.8921875 0.3453125 0.8984375 0.3296875 0.9046875 0.3234375 0.9234375 0.321875 0.9359375 0.325
1 0.8453125 0.3 0.853125 0.30625 0.8578125 0.325 0.85625 0.3578125 0.85 0.3703125 0.8453125 0.3671875 0.8390625 0.3671875 0.828125 0.3796875 0.821875 0.3734375 0.803125 0.3734375 0.8015625 0.3765625 0.7953125 0.378125 0.790625 0.3578125 0.7984375 0.328125 0.80625 0.3203125 0.8109375 0.309375 0.8203125 0.303125 0.828125 0.303125 0.8328125 0.3 0.84375 0.3
1 0.2765625 0.3671875 0.2828125 0.375 0.2890625 0.3921875 0.290625 0.428125 0.2890625 0.43125 0.2859375 0.43125 0.2796875 0.4234375 0.2734375 0.4265625 0.2640625 0.4265625 0.2578125 0.428125 0.25 0.4375 0.2453125 0.4359375 0.24375 0.4265625 0.2375 0.4203125 0.23125 0.4203125 0.228125 0.4140625 0.2296875 0.3796875 0.2421875 0.3625 0.26875 0.3625 0.2734375 0.3640625 0.275 0.3671875
2 0.87421875 0.31796875 0.04609375 0.06484375
3 0.7609375 0.328125 0.7625 0.3359375 0.7671875 0.3421875 0.765625 0.3515625 0.7671875 0.359375 0.7625 0.3703125 0.759375 0.3734375 0.75625 0.371875 0.759375 0.3515625 0.759375 0.3296875
4 0.859375 0.334375 0.8671875 0.334375 0.86875 0.3375 0.865625 0.3421875 0.8609375 0.3421875 0.859375 0.3359375
4 0.9703125 0.3890625 0.96875 0.3953125 0.9578125 0.3953125 0.953125 0.390625 0.95625 0.3875 0.96875 0.3890625
4 0.3078125 0.3078125 0.3109375 0.30625 0.315625 0.3078125 0.315625 0.3109375 0.3125 0.3125 0.309375 0.3125 0.3078125 0.309375
4 0.2703125 0.403125 0.0078125 0.01015625
4 0.2375 0.303125 0.24375 0.3078125 0.2421875 0.3109375 0.2359375 0.3109375 0.234375 0.3078125 0.2359375 0.3046875
4 0.8078125 0.3609375 0.8109375 0.3625 0.8109375 0.365625 0.8 0.365625 0.8015625 0.3609375 0.80625 0.3609375
4 0.2828125 0.3265625 0.2875 0.33125 0.2796875 0.3328125 0.278125 0.328125 0.28125 0.328125
4 0.90625 0.365625 0.9078125 0.3671875 0.90625 0.371875 0.8953125 0.3703125 0.896875 0.365625 0.9046875 0.365625