1 0.20625 0.278125 0.2078125 0.2765625 0.20625 0.275 0.20625 0.259375 0.2140625 0.2515625 0.2265625 0.253125 0.234375 0.265625 0.2296875 0.2625 0.2234375 0.265625 0.2203125 0.2640625 0.20625 0.2796875 0.20625 0.284375 0.20625 0.2796875
1 0.3359375 0.340625 0.3375 0.3421875 0.353125 0.340625 0.3625 0.34375 0.3703125 0.359375 0.371875 0.3828125 0.36875 0.3921875 0.3625 0.396875 0.3609375 0.3953125 0.3546875 0.396875 0.3453125 0.403125 0.340625 0.4015625 0.334375 0.3921875 0.3078125 0.390625 0.303125 0.3953125 0.296875 0.3953125 0.2921875 0.390625 0.2890625 0.38125 0.290625 0.3671875 0.2984375 0.3578125 0.3078125 0.353125 0.31875 0.3421875 0.334375 0.340625
1 0.296875 0.3 0.3015625 0.3 0.3078125 0.2890625 0.321875 0.2875 0.3328125 0.30625 0.33125 0.3265625 0.30625 0.3296875 0.303125 0.3234375 0.296875 0.3203125 0.2953125 0.3078125 0.296875 0.3015625
1 0.215625 0.2421875 0.2265625 0.2421875 0.2296875 0.2453125 0.228125 0.2546875 0.2140625 0.2546875 0.2125 0.25 0.215625 0.24375
1 0.225 0.2421875 0.23125 0.2453125 0.240625 0.2453125 0.2453125 0.2484375 0.246875 0.2546875 0.234375 0.2625 0.225 0.253125 0.2171875 0.2515625 0.2171875 0.24375 0.2234375 0.2421875
1 0.2265625 0.2578125 0.234375 0.2640625 0.2359375 0.2703125 0.246875 0.284375 0.2484375 0.3015625 0.2453125 0.3078125 0.2140625 0.3046875 0.209375 0.3015625 0.20625 0.2921875 0.2078125 0.2875 0.20625 0.2796875 0.209375 0.278125 0.215625 0.265625 0.215625 0.259375 0.225 0.2578125
1 0.9625 0.34375 0.9765625 0.346875 0.9890625 0.365625 0.9859375 0.4046875 0.984375 0.4078125 0.9765625 0.4078125 0.971875 0.4125 0.9703125 0.4203125 0.9671875 0.4234375 0.959375 0.4203125 0.9359375 0.4203125 0.934375 0.41875 0.9234375 0.41875 0.91875 0.421875 0.915625 0.4203125 0.9140625 0.4125 0.915625 0.3921875 0.921875 0.375 0.9203125 0.3671875 0.9265625 0.365625 0.9375 0.3484375 0.953125 0.34375 0.9609375 0.34375
1 0.2671875 0.26875 0.2875 0.26875 0.29375 0.275 0.2984375 0.2859375 0.2953125 0.29375 0.29375 0.3078125 0.290625 0.3078125 0.28125 0.2890625 0.275 0.2828125 0.2703125 0.2828125 0.265625 0.2796875 0.2671875 0.2703125
1 0.9546875 0.2796875 0.9578125 0.2828125 0.959375 0.290625 0.95 0.3015625 0.946875 0.3109375 0.9421875 0.315625 0.9234375 0.3203125 0.9171875 0.31875 0.9171875 0.303125 0.921875 0.2921875 0.9328125 0.2796875 0.953125 0.2796875
1 0.1953125 0.234375 0.2 0.2375 0.203125 0.24375 0.20625 0.2609375 0.203125 0.275 0.19375 0.278125 0.18125 0.2765625 0.178125 0.2515625 0.1796875 0.2375 0.1859375 0.234375 0.19375 0.234375
1 0.7453125 0.471875 0.7671875 0.4796875 0.771875 0.4875 0.778125 0.5265625 0.7765625 0.5671875 0.775 0.5765625 0.7703125 0.5859375 0.7640625 0.5859375 0.759375 0.5828125 0.7328125 0.603125 0.728125 0.6203125 0.7203125 0.6296875 0.715625 0.628125 0.709375 0.6203125 0.678125 0.6109375 0.675 0.6078125 0.665625 0.6078125 0.6609375 0.603125 0.6578125 0.5921875 0.6578125 0.5734375 0.6609375 0.5671875 0.6640625 0.5484375 0.6765625 0.5296875 0.68125 0.515625 0.7 0.484375 0.7234375 0.471875 0.74375 0.471875
1 0.196875 0.6375 0.20625 0.6453125 0.2109375 0.65625 0.2328125 0.678125 0.234375 0.7078125 0.2390625 0.721875 0.2375 0.765625 0.228125 0.7859375 0.2171875 0.7984375 0.2140625 0.809375 0.2140625 0.81875 0.2078125 0.8359375 0.1984375 0.846875 0.1875 0.853125 0.175 0.853125 0.16875 0.846875 0.1640625 0.8359375 0.1578125 0.840625 0.1453125 0.8421875 0.11875 0.8578125 0.103125 0.8703125 0.096875 0.871875 0.0921875 0.8765625 0.0796875 0.8828125 0.0234375 0.928125 0.0140625 0.94375 0.0125 0.9578125 0.00625 0.9671875 0 0.9640625 0 0.953125 0.003125 0.9515625 0.003125 0.9390625 0 0.9375 0 0.7203125 0.0359375 0.684375 0.0515625 0.678125 0.053125 0.675 0.078125 0.6625 0.096875 0.6578125 0.1171875 0.646875 0.1375 0.6421875 0.140625 0.6390625 0.15625 0.634375 0.1859375 0.63125 0.1953125 0.6375
1 0.2546875 0.259375 0.2609375 0.2640625 0.2625 0.28125 0.2578125 0.2828125 0.2515625 0.2890625 0.2375 0.2703125 0.2375 0.2609375 0.24375 0.2578125 0.253125 0.259375
1 0.2765625 0.2859375 0.2875 0.303125 0.290625 0.3125 0.290625 0.325 0.2890625 0.328125 0.275 0.328125 0.2625 0.33125 0.25625 0.3234375 0.2515625 0.321875 0.25 0.296875 0.25625 0.284375 0.2625 0.2828125 0.275 0.2859375
1 0.2390625 0.309375 0.2453125 0.3171875 0.246875 0.3265625 0.2484375 0.3421875 0.246875 0.359375 0.240625 0.3609375 0.2375 0.35625 0.2296875 0.35625 0.2234375 0.3578125 0.2171875 0.3640625 0.2140625 0.3640625 0.2078125 0.35625 0.2015625 0.35625 0.196875 0.35 0.1953125 0.3421875 0.196875 0.3171875 0.209375 0.3078125 0.2375 0.309375
1 0 0.96875 0.00625 0.9734375 0.0140625 0.99375 0.0140625 0.9984375 0 0.9984375 0 0.9703125
1 0.7203125 0.334375 0.7375 0.3390625 0.759375 0.3546875 0.759375 0.3796875 0.753125 0.3859375 0.7484375 0.3953125 0.7421875 0.3953125 0.7375 0.390625 0.734375 0.3921875 0.728125 0.3875 0.7234375 0.3875 0.7171875 0.3953125 0.709375 0.3953125 0.7015625 0.403125 0.66875 0.396875 0.6671875 0.371875 0.6703125 0.3640625 0.675 0.359375 0.678125 0.359375 0.6953125 0.3421875 0.70625 0.3359375 0.71875 0.334375
1 0.990625 0.3234375 0.01796875 0.07578125
1 0.646875 0.4328125 0.653125 0.4375 0.6609375 0.4390625 0.66875 0.4484375 0.6734375 0.459375 0.6765625 0.4890625 0.6765625 0.50625 0.6734375 0.5265625 0.66875 0.5328125 0.65625 0.53125 0.64375 0.5375 0.6421875 0.540625 0.6296875 0.5453125 0.625 0.55 0.61875 0.565625 0.6109375 0.565625 0.603125 0.5578125 0.5921875 0.553125 0.56875 0.55 0.5640625 0.5453125 0.559375 0.5328125 0.5609375 0.509375 0.565625 0.49375 0.578125 0.478125 0.578125 0.46875 0.5875 0.4625 0.590625 0.4546875 0.6 0.44375 0.6140625 0.434375 0.6234375 0.43125 0.6453125 0.4328125
1 0.940625 0.3421875 0.9421875 0.31875 0.9515625 0.3015625 0.9609375 0.2953125 0.971875 0.2953125 0.98125 0.2984375 0.9875 0.3234375 0.9859375 0.3359375 0.98125 0.340625 0.9734375 0.3421875 0.971875 0.340625 0.9421875 0.3421875
1 0.8609375 0.3578125 0.8671875 0.38125 0.865625 0.4171875 0.8625 0.4234375 0.8546875 0.421875 0.84375 0.428125 0.8359375 0.4421875 0.828125 0.4375 0.7953125 0.4375 0.79375 0.4390625 0.7890625 0.434375 0.7875 0.428125 0.7890625 0.409375 0.8 0.3796875 0.8171875 0.3609375 0.8328125 0.359375 0.8421875 0.3546875 0.859375 0.3578125
3 0.1828125 0.3484375 0.19375 0.35 0.196875 0.3625 0.1953125 0.378125 0.1859375 0.3765625 0.1828125 0.3703125 0.1828125 0.35
3 0.9953125 0.2765625 0.009375 0.01875
3 0.709375 0.41875 0.7140625 0.41875 0.725 0.4296875 0.725 0.4390625 0.728125 0.4484375 0.728125 0.46875 0.715625 0.471875 0.7109375 0.4765625 0.70625 0.4765625 0.70625 0.45625 0.7109375 0.4359375 0.7109375 0.4203125
4 0.9390625 0.3046875 0.940625 0.3078125 0.934375 0.3125 0.93125 0.3125 0.9296875 0.3078125 0.9328125 0.3046875 0.9375 0.3046875
4 0.928125 0.4046875 0.94375 0.4046875 0.9453125 0.40625 0.9453125 0.4109375 0.9421875 0.4125 0.928125 0.4109375 0.928125 0.40625
4 0.928125 0.3125 0.93125 0.30625 0.9359375 0.30625 0.9359375 0.3109375 0.9296875 0.3125
4 0.365625 0.3765625 0.3671875 0.384375 0.3625 0.3875 0.3609375 0.3828125 0.3640625 0.378125
4 0.996875 0.31328125 0.00546875 0.01015625
4 0.23125 0.29375 0.2375 0.29375 0.2390625 0.296875 0.2375 0.3015625 0.234375 0.3015625 0.23125 0.3 0.2296875 0.296875 0.23125 0.2953125
4 0.80703125 0.425 0.01796875 0.009375
4 0.2390625 0.3359375 0.2375 0.3453125 0.23125 0.3453125 0.2296875 0.3421875 0.23125 0.3375 0.2375 0.3359375
4 0.56875 0.525 0.5765625 0.525 0.5859375 0.5296875 0.5859375 0.5375 0.58125 0.5375 0.5703125 0.5328125 0.56875 0.5265625
4 0.66875 0.384375 0.678125 0.384375 0.678125 0.3921875 0.66875 0.390625 0.6671875 0.3875 0.66875 0.3859375
4 0.6703125 0.584375 0.6734375 0.5875 0.6875 0.5921875 0.6859375 0.6015625 0.68125 0.6015625 0.66875 0.5953125 0.665625 0.5890625 0.665625 0.5859375 0.66875 0.584375
4 0.9484375 0.3296875 0.9609375 0.33125 0.959375 0.3359375 0.95 0.3359375 0.9484375 0.33125
5 0.153125 0.234375 0.175 0.2390625 0.178125 0.2484375 0.178125 0.26875 0.18125 0.284375 0.18125 0.2953125 0.175 0.315625 0.1578125 0.3125 0.15 0.3203125 0.1484375 0.31875 0.1453125 0.29375 0.15 0.2921875 0.153125 0.2875 0.153125 0.26875 0.1515625 0.2671875 0.1515625 0.2375 0.153125 0.2359375