2 0.52265625 0.8078125 0.35390625 0.32578125
1 0.7015625 0.3125 0.7078125 0.3171875 0.709375 0.321875 0.709375 0.353125 0.7046875 0.3578125 0.7015625 0.35625 0.6921875 0.36875 0.6796875 0.365625 0.659375 0.365625 0.6578125 0.3421875 0.671875 0.3171875 0.678125 0.3109375 0.7 0.3125
1 0.7296875 0.284375 0.734375 0.2890625 0.74375 0.2890625 0.746875 0.29375 0.75 0.3078125 0.75 0.3203125 0.746875 0.33125 0.7375 0.3375 0.728125 0.3359375 0.7265625 0.3328125 0.728125 0.303125 0.725 0.2890625 0.7296875 0.2859375
1 0.08125 0.296875 0.090625 0.3 0.1046875 0.3140625 0.109375 0.3296875 0.109375 0.3390625 0.115625 0.34375 0.11875 0.353125 0.11875 0.384375 0.1171875 0.3875 0.1125 0.3875 0.1078125 0.3765625 0.1046875 0.3734375 0.1 0.3734375 0.0921875 0.3765625 0.0765625 0.3921875 0.0734375 0.3890625 0.071875 0.3796875 0.0671875 0.375 0.059375 0.3796875 0.05625 0.3765625 0.05 0.35625 0.04375 0.3515625 0.04375 0.3484375 0.0390625 0.34375 0.0390625 0.328125 0.0421875 0.33125 0.04375 0.3296875 0.0453125 0.3078125 0.05 0.30625 0.053125 0.2984375 0.0796875 0.296875
1 0.6640625 0.2921875 0.671875 0.29375 0.675 0.296875 0.6765625 0.3109375 0.66875 0.31875 0.6578125 0.3421875 0.6546875 0.3453125 0.6296875 0.346875 0.6265625 0.328125 0.628125 0.3203125 0.6359375 0.3046875 0.64375 0.296875 0.65 0.29375 0.6625 0.29375
1 0.796875 0.2484375 0.803125 0.2546875 0.8046875 0.2828125 0.803125 0.2875 0.79375 0.2953125 0.78125 0.290625 0.7796875 0.278125 0.7734375 0.265625 0.7765625 0.2546875 0.78125 0.25 0.7953125 0.2484375
1 0.834375 0.221875 0.84375 0.2234375 0.8484375 0.228125 0.846875 0.25 0.834375 0.2515625 0.83125 0.246875 0.8296875 0.228125 0.8328125 0.2234375
1 0 0.2875 0.0046875 0.2921875 0.0125 0.29375 0.0171875 0.303125 0.0171875 0.3109375 0.025 0.321875 0.0265625 0.3296875 0.034375 0.3390625 0.0390625 0.35 0.0390625 0.359375 0.0421875 0.36875 0.040625 0.390625 0.0328125 0.390625 0.025 0.3828125 0.01875 0.38125 0.0015625 0.3828125 0 0.3796875 0 0.2890625
1 0.1109375 0.25 0.115625 0.2515625 0.11875 0.2578125 0.1125 0.26875 0.1109375 0.2828125 0.10625 0.2859375 0.090625 0.284375 0.0875 0.2765625 0.0875 0.26875 0.09375 0.253125 0.0984375 0.25 0.109375 0.25
1 0.8265625 0.3984375 0.8359375 0.4 0.8453125 0.4046875 0.8578125 0.415625 0.8625 0.4328125 0.865625 0.4578125 0.865625 0.475 0.8609375 0.4859375 0.8578125 0.4875 0.825 0.4859375 0.8203125 0.4875 0.815625 0.49375 0.8125 0.49375 0.809375 0.4921875 0.8046875 0.478125 0.8 0.4734375 0.7796875 0.4625 0.76875 0.465625 0.765625 0.4609375 0.765625 0.4328125 0.7734375 0.41875 0.7921875 0.403125 0.809375 0.4 0.825 0.4
1 0.7265625 0.271875 0.728125 0.2828125 0.7203125 0.2875 0.715625 0.29375 0.7140625 0.3046875 0.709375 0.3125 0.690625 0.3078125 0.690625 0.284375 0.6984375 0.2734375 0.7109375 0.271875 0.7171875 0.26875 0.721875 0.26875 0.725 0.271875
1 0.828125 0.24375 0.8328125 0.2546875 0.8328125 0.265625 0.8296875 0.2734375 0.8296875 0.28125 0.8234375 0.2859375 0.8171875 0.28125 0.809375 0.284375 0.8078125 0.28125 0.8078125 0.25 0.8140625 0.2421875 0.8234375 0.240625 0.8265625 0.24375
1 0.1734375 0.30625 0.1890625 0.309375 0.1921875 0.315625 0.203125 0.3265625 0.20625 0.3359375 0.2109375 0.3390625 0.215625 0.35625 0.215625 0.36875 0.2125 0.38125 0.2078125 0.3828125 0.2 0.378125 0.1859375 0.378125 0.175 0.384375 0.1703125 0.38125 0.165625 0.3671875 0.153125 0.365625 0.15 0.3703125 0.1421875 0.3625 0.1375 0.340625 0.1390625 0.321875 0.146875 0.321875 0.1515625 0.3109375 0.15625 0.3078125 0.171875 0.30625
1 0.809375 0.29375 0.8171875 0.290625 0.8328125 0.2921875 0.8375 0.2984375 0.8421875 0.31875 0.840625 0.33125 0.8296875 0.3390625 0.8171875 0.3359375 0.8046875 0.3375 0.803125 0.3359375 0.803125 0.3140625 0.809375 0.2953125
1 0.1328125 0.27109375 0.0375 0.03984375
1 0.74375 0.2796875 0.7375 0.2765625 0.73125 0.2765625 0.721875 0.2671875 0.721875 0.2625 0.728125 0.2546875 0.7359375 0.2515625 0.75 0.2515625 0.753125 0.2578125 0.753125 0.26875 0.74375 0.278125
1 0 0.271875 0.015625 0.2734375 0.0265625 0.2890625 0.025 0.2921875 0.0265625 0.3109375 0.0234375 0.315625 0.0171875 0.30625 0.015625 0.29375 0.0125 0.290625 0 0.2875 0 0.2734375
1 0.7640625 0.3171875 0.7546875 0.315625 0.7515625 0.3125 0.7484375 0.29375 0.7453125 0.2890625 0.7484375 0.278125 0.75625 0.271875 0.7734375 0.271875 0.778125 0.278125 0.7796875 0.2859375 0.778125 0.3078125 0.775 0.3125 0.7703125 0.3125 0.765625 0.315625
1 0.1203125 0.290625 0.1328125 0.29375 0.1359375 0.2984375 0.1375 0.3171875 0.134375 0.3265625 0.134375 0.3359375 0.1265625 0.3484375 0.11875 0.346875 0.11875 0.34375 0.1125 0.3375 0.1109375 0.325 0.10625 0.3140625 0.0921875 0.3 0.0921875 0.2921875 0.096875 0.2890625 0.11875 0.290625
3 0.1453125 0.3734375 0.15 0.3890625 0.153125 0.4140625 0.15 0.425 0.1453125 0.4203125 0.1375 0.4203125 0.1328125 0.4171875 0.128125 0.4234375 0.1265625 0.421875 0.128125 0.4078125 0.134375 0.3921875 0.1328125 0.3796875 0.14375 0.3734375
3 0.7125 0.3171875 0.715625 0.3171875 0.7234375 0.3234375 0.7265625 0.3328125 0.7265625 0.346875 0.721875 0.35 0.7125 0.35 0.7109375 0.3484375 0.7125 0.31875
3 0.1890625 0.2921875 0.1953125 0.2921875 0.196875 0.2953125 0.196875 0.3109375 0.19375 0.3125 0.190625 0.3109375 0.1875 0.303125 0.1890625 0.29375
3 0.3015625 0.371875 0.303125 0.38125 0.30625 0.3859375 0.30625 0.403125 0.3078125 0.4046875 0.30625 0.4203125 0.3015625 0.4203125 0.2953125 0.4078125 0.290625 0.4140625 0.2875 0.4140625 0.284375 0.409375 0.28125 0.3734375 0.284375 0.3703125 0.3 0.371875
3 0.140625 0.29375 0.1453125 0.3015625 0.14375 0.31875 0.1359375 0.3171875 0.1375 0.303125 0.1359375 0.2984375 0.1390625 0.2953125
4 0.63125 0.3328125 0.6390625 0.334375 0.6390625 0.3375 0.63125 0.3375 0.63125 0.334375
4 0.1953125 0.359375 0.20625 0.359375 0.2046875 0.3640625 0.1984375 0.365625 0.1953125 0.3640625 0.1953125 0.3609375
4 0.0234375 0.3671875 0.025 0.3734375 0.009375 0.371875 0.0109375 0.36875 0.021875 0.3671875
4 0.8515625 0.4734375 0.8515625 0.4828125 0.846875 0.4859375 0.840625 0.4828125 0.840625 0.475 0.85 0.4734375
4 0.6671875 0.353125 0.6765625 0.353125 0.6765625 0.3578125 0.6734375 0.359375 0.6671875 0.3578125 0.6671875 0.3546875
4 0.0921875 0.3671875 0.0953125 0.365625 0.1046875 0.3671875 0.103125 0.371875 0.09375 0.371875 0.0921875 0.36875