0 0.8265625 0.34375 0.8609375 0.31875 0.88125 0.3078125 0.89375 0.296875 0.9203125 0.296875 0.928125 0.29375 0.9390625 0.29375 0.946875 0.303125 0.94375 0.3296875 0.9421875 0.415625 0.9328125 0.4328125 0.928125 0.45625 0.925 0.459375 0.9203125 0.4578125 0.915625 0.459375 0.903125 0.471875 0.89375 0.484375 0.890625 0.5015625 0.8875 0.503125 0.8828125 0.503125 0.875 0.490625 0.8671875 0.490625 0.8625 0.4875 0.84375 0.484375 0.8328125 0.484375 0.825 0.4921875 0.8203125 0.4921875 0.81875 0.4828125 0.8125 0.478125 0.8109375 0.465625 0.8125 0.4625 0.8125 0.4078125 0.8171875 0.3890625 0.8171875 0.3640625 0.8203125 0.3609375 0.821875 0.35 0.8265625 0.3453125
1 0.996875 0.2546875 0.9984375 0.2703125 0.9921875 0.271875 0.9765625 0.271875 0.975 0.265625 0.9765625 0.259375 0.98125 0.2546875 0.9953125 0.2546875
1 0.9453125 0.5859375 0.9515625 0.5890625 0.959375 0.5890625 0.9671875 0.59375 0.978125 0.59375 0.9984375 0.6046875 0.9984375 0.8453125 0.99375 0.8421875 0.9875 0.828125 0.9828125 0.8046875 0.959375 0.7859375 0.9375 0.7546875 0.928125 0.7453125 0.921875 0.7421875 0.9109375 0.728125 0.9046875 0.725 0.8953125 0.7265625 0.884375 0.715625 0.878125 0.675 0.878125 0.64375 0.8828125 0.6296875 0.8828125 0.621875 0.9125 0.59375 0.928125 0.5875 0.94375 0.5875
1 0.928125 0.28125 0.9359375 0.2890625 0.934375 0.2921875 0.909375 0.2953125 0.90625 0.29375 0.90625 0.2890625 0.9109375 0.2828125 0.9265625 0.28125
1 0.7140625 0.3375 0.7171875 0.340625 0.71875 0.3546875 0.721875 0.3625 0.721875 0.378125 0.7140625 0.4015625 0.70625 0.403125 0.703125 0.3984375 0.6984375 0.396875 0.6703125 0.3984375 0.6609375 0.4109375 0.6578125 0.4109375 0.65 0.403125 0.6375 0.4015625 0.6296875 0.3953125 0.6296875 0.3765625 0.634375 0.36875 0.6609375 0.3421875 0.66875 0.3375 0.6890625 0.334375 0.703125 0.334375 0.7125 0.3375
1 0.2796875 0.2671875 0.2859375 0.271875 0.2890625 0.278125 0.2890625 0.303125 0.2828125 0.3078125 0.2703125 0.3078125 0.2578125 0.3015625 0.259375 0.271875 0.2671875 0.2671875 0.278125 0.2671875
1 0.975 0.334375 0.9828125 0.3390625 0.9921875 0.3546875 0.9921875 0.3890625 0.9890625 0.3984375 0.9828125 0.396875 0.978125 0.3984375 0.9703125 0.4109375 0.959375 0.403125 0.94375 0.4015625 0.94375 0.3796875 0.9453125 0.378125 0.9453125 0.34375 0.946875 0.340625 0.959375 0.334375 0.9734375 0.334375
1 0.5578125 0.5875 0.559375 0.5890625 0.565625 0.5875 0.590625 0.6 0.5953125 0.6046875 0.6015625 0.61875 0.6078125 0.6390625 0.6078125 0.6609375 0.6109375 0.671875 0.6109375 0.70625 0.6078125 0.7328125 0.6046875 0.74375 0.5984375 0.7515625 0.590625 0.7515625 0.584375 0.7453125 0.5796875 0.746875 0.546875 0.7734375 0.5171875 0.803125 0.5125 0.8140625 0.509375 0.83125 0.503125 0.840625 0.496875 0.84375 0.490625 0.8421875 0.484375 0.8328125 0.4515625 0.83125 0.4390625 0.8265625 0.4171875 0.8109375 0.4078125 0.7921875 0.4078125 0.765625 0.4140625 0.7421875 0.415625 0.725 0.4203125 0.7125 0.44375 0.68125 0.4640625 0.6453125 0.49375 0.6125 0.503125 0.6046875 0.525 0.59375 0.5453125 0.5875 0.55625 0.5875
1 0.3609375 0.5578125 0.36875 0.559375 0.3921875 0.5703125 0.409375 0.56875 0.4234375 0.575 0.434375 0.584375 0.4390625 0.5921875 0.4421875 0.6046875 0.44375 0.61875 0.4421875 0.6421875 0.4328125 0.6546875 0.4234375 0.6734375 0.4203125 0.6875 0.4140625 0.696875 0.4 0.6984375 0.3875 0.690625 0.35 0.715625 0.3328125 0.7234375 0.31875 0.7359375 0.303125 0.74375 0.29375 0.771875 0.2859375 0.78125 0.2765625 0.784375 0.2640625 0.78125 0.253125 0.7703125 0.228125 0.7703125 0.215625 0.7640625 0.2046875 0.7546875 0.1984375 0.734375 0.1984375 0.6984375 0.2015625 0.69375 0.2046875 0.6796875 0.225 0.6578125 0.2625 0.628125 0.26875 0.6140625 0.3 0.5796875 0.3171875 0.56875 0.3390625 0.559375 0.359375 0.5578125
1 0.23125 0.2546875 0.2515625 0.2546875 0.25625 0.259375 0.259375 0.26875 0.25625 0.2765625 0.2546875 0.29375 0.240625 0.296875 0.2328125 0.2921875 0.2265625 0.2921875 0.225 0.290625 0.225 0.2734375 0.23125 0.25625
1 0.2390625 0.3171875 0.26875 0.321875 0.2734375 0.328125 0.2796875 0.3546875 0.278125 0.3703125 0.2734375 0.378125 0.26875 0.3796875 0.253125 0.378125 0.240625 0.384375 0.2359375 0.384375 0.225 0.3703125 0.2140625 0.3703125 0.209375 0.3734375 0.20625 0.371875 0.203125 0.365625 0.2015625 0.353125 0.203125 0.3390625 0.215625 0.3265625 0.2203125 0.31875 0.2375 0.3171875
1 0.959375 0.26875 0.9625 0.2765625 0.959375 0.2953125 0.953125 0.29375 0.946875 0.296875 0.9375 0.290625 0.928125 0.28125 0.928125 0.278125 0.93125 0.271875 0.9390625 0.2671875 0.95625 0.2671875 0.9578125 0.26875
1 0.321875 0.275 0.3296875 0.2796875 0.3421875 0.303125 0.34375 0.321875 0.340625 0.33125 0.3296875 0.3265625 0.3171875 0.3328125 0.3125 0.33125 0.30625 0.3203125 0.3 0.31875 0.29375 0.321875 0.290625 0.2921875 0.2921875 0.2875 0.303125 0.275 0.3203125 0.275
1 0.9796875 0.271875 0.98125 0.2734375 0.984375 0.271875 0.9984375 0.2734375 0.9984375 0.328125 0.9875 0.3359375 0.9828125 0.3359375 0.9796875 0.3328125 0.9609375 0.33125 0.959375 0.325 0.959375 0.3015625 0.9625 0.296875 0.9640625 0.284375 0.9703125 0.275 0.978125 0.271875
1 0.3234375 0.36875 0.3359375 0.3625 0.35625 0.34375 0.4015625 0.34375 0.4109375 0.3578125 0.4140625 0.3671875 0.4125 0.3921875 0.4078125 0.396875 0.396875 0.3984375 0.3921875 0.40625 0.3875 0.409375 0.38125 0.4078125 0.378125 0.4015625 0.3734375 0.3984375 0.340625 0.3984375 0.3359375 0.403125 0.325 0.4015625 0.3203125 0.3953125 0.31875 0.3875 0.3203125 0.3734375 0.3234375 0.3703125
1 0.8140625 0.3640625 0.8171875 0.36875 0.8171875 0.3828125 0.8109375 0.4078125 0.8109375 0.4171875 0.8078125 0.41875 0.80625 0.415625 0.80625 0.396875 0.809375 0.38125 0.8140625 0.371875 0.8140625 0.365625
1 0.8796875 0.296875 0.884375 0.2984375 0.884375 0.3015625 0.85625 0.321875 0.8515625 0.321875 0.8515625 0.31875 0.8578125 0.3046875 0.8671875 0.296875 0.878125 0.296875
3 0.165625 0.2328125 0.1703125 0.2375 0.1703125 0.253125 0.165625 0.253125 0.1640625 0.234375
3 0.8390625 0.284375 0.85 0.2875 0.85 0.3015625 0.8484375 0.3046875 0.840625 0.30625 0.8375 0.296875 0.8390625 0.2859375
3 0.8859375 0.275 0.8875 0.2765625 0.8875 0.2921875 0.8859375 0.29375 0.8796875 0.2921875 0.8796875 0.2796875 0.884375 0.275
3 0.7203125 0.340625 0.740625 0.3390625 0.7421875 0.3546875 0.7421875 0.365625 0.7390625 0.3703125 0.7328125 0.3734375 0.725 0.3734375 0.7203125 0.35625 0.7203125 0.3421875