1 0.0203125 0.259375 0.0390625 0.259375 0.046875 0.26875 0.034375 0.275 0.03125 0.2859375 0.0328125 0.290625 0.025 0.290625 0.0171875 0.28125 0.0203125 0.2609375
1 0 0.2828125 0.015625 0.2828125 0.01875 0.2875 0.01875 0.2921875 0.003125 0.3109375 0 0.3015625 0 0.284375
1 0 0.85 0.0046875 0.85 0.0109375 0.8546875 0.0359375 0.8796875 0.0484375 0.8875 0.065625 0.9046875 0.0875 0.9453125 0.0953125 0.984375 0.09375 0.9984375 0.0125 0.9984375 0.0109375 0.996875 0.0046875 0.9984375 0 0.9953125 0 0.8515625
1 0.096875 0.2875 0.1015625 0.2890625 0.10625 0.29375 0.10625 0.296875 0.096875 0.3046875 0.09375 0.321875 0.0765625 0.3203125 0.071875 0.3140625 0.071875 0.303125 0.0765625 0.2890625 0.0953125 0.2875
1 0.0515625 0.3328125 0.04453125 0.05625
1 0.05625 0.2734375 0.0578125 0.275 0.05625 0.278125 0.0484375 0.278125 0.04375 0.2828125 0.0421875 0.29375 0.034375 0.2890625 0.03125 0.2828125 0.0328125 0.275 0.0359375 0.271875 0.053125 0.271875 0.0546875 0.2734375
1 0.7390625 0.26875 0.7421875 0.284375 0.7421875 0.2984375 0.740625 0.303125 0.7359375 0.303125 0.7328125 0.30625 0.7296875 0.30625 0.728125 0.296875 0.7234375 0.2890625 0.7171875 0.2921875 0.715625 0.3 0.7125 0.303125 0.709375 0.3015625 0.7078125 0.278125 0.7109375 0.271875 0.7171875 0.2671875 0.728125 0.265625 0.7375 0.26875
1 0 0.3296875 0.0015625 0.33125 0.0203125 0.3296875 0.0296875 0.3390625 0.04375 0.3625 0.046875 0.378125 0.0453125 0.3953125 0.040625 0.3953125 0.0359375 0.3921875 0.0171875 0.3921875 0.015625 0.39375 0 0.3921875 0 0.33125
1 0.771875 0.2515625 0.775 0.2546875 0.775 0.2859375 0.7671875 0.2875 0.7625 0.2921875 0.7578125 0.2921875 0.7515625 0.2875 0.74375 0.2859375 0.7421875 0.2625 0.74375 0.2578125 0.75 0.253125 0.7703125 0.2515625
1 0 0.2671875 0.0046875 0.26875 0.009375 0.278125 0.0078125 0.28125 0 0.28125 0 0.26875
1 0.6578125 0.425 0.6609375 0.4265625 0.66875 0.4234375 0.6828125 0.428125 0.6875 0.4375 0.69375 0.44375 0.69375 0.4515625 0.696875 0.459375 0.6953125 0.4921875 0.69375 0.4953125 0.6875 0.49375 0.678125 0.4984375 0.671875 0.5046875 0.671875 0.5109375 0.6671875 0.5234375 0.6625 0.521875 0.6609375 0.5171875 0.6515625 0.5125 0.634375 0.5109375 0.628125 0.5078125 0.6203125 0.5125 0.6140625 0.5125 0.6125 0.5078125 0.6125 0.4765625 0.615625 0.465625 0.615625 0.45625 0.625 0.4296875 0.6375 0.4234375 0.65625 0.425
1 0.06875 0.278125 0.0765625 0.2859375 0.071875 0.296875 0.0703125 0.3109375 0.059375 0.3046875 0.05 0.303125 0.0421875 0.2921875 0.046875 0.2796875 0.0671875 0.278125
1 0.1609375 0.3046875 0.165625 0.3078125 0.1703125 0.3078125 0.1765625 0.3140625 0.178125 0.3203125 0.1859375 0.325 0.1859375 0.3328125 0.19375 0.3421875 0.196875 0.353125 0.196875 0.3703125 0.1953125 0.375 0.190625 0.3765625 0.178125 0.3609375 0.1765625 0.346875 0.1703125 0.3453125 0.1671875 0.35 0.1640625 0.371875 0.1625 0.3765625 0.159375 0.378125 0.153125 0.378125 0.1453125 0.3671875 0.1390625 0.365625 0.1296875 0.3671875 0.1265625 0.35 0.128125 0.321875 0.1328125 0.309375 0.1421875 0.3046875 0.159375 0.3046875
1 0.684375 0.2734375 0.6953125 0.275 0.70625 0.2875 0.7046875 0.321875 0.696875 0.31875 0.6921875 0.3203125 0.684375 0.334375 0.6765625 0.33125 0.671875 0.3265625 0.665625 0.3265625 0.6609375 0.33125 0.65625 0.3296875 0.6546875 0.321875 0.65625 0.303125 0.6671875 0.28125 0.675 0.275 0.6828125 0.275
1 0.034375 0.2921875 0.0421875 0.296875 0.0453125 0.303125 0.040625 0.303125 0.0296875 0.309375 0.0234375 0.321875 0.0265625 0.328125 0.015625 0.3265625 0.009375 0.321875 0.0078125 0.30625 0.0140625 0.296875 0.0203125 0.29375 0.0328125 0.2921875
1 0.1046875 0.3234375 0.1140625 0.33125 0.125 0.353125 0.128125 0.365625 0.128125 0.3859375 0.1234375 0.3875 0.1046875 0.384375 0.09375 0.3859375 0.0890625 0.3890625 0.084375 0.3859375 0.08125 0.378125 0.071875 0.378125 0.06875 0.3734375 0.0703125 0.334375 0.071875 0.328125 0.0765625 0.3234375 0.103125 0.3234375
1 0.4921875 0.515625 0.5203125 0.5234375 0.540625 0.5375 0.55 0.5390625 0.559375 0.546875 0.5625 0.546875 0.565625 0.55 0.571875 0.571875 0.5671875 0.6390625 0.5640625 0.646875 0.559375 0.65 0.55 0.640625 0.546875 0.640625 0.5078125 0.6796875 0.5046875 0.709375 0.5 0.721875 0.49375 0.7265625 0.4890625 0.725 0.4828125 0.71875 0.478125 0.7046875 0.4703125 0.6984375 0.4421875 0.6984375 0.440625 0.696875 0.4171875 0.6984375 0.4140625 0.696875 0.4078125 0.6796875 0.396875 0.671875 0.396875 0.6546875 0.3953125 0.653125 0.3984375 0.628125 0.3984375 0.603125 0.4140625 0.5546875 0.434375 0.534375 0.471875 0.509375 0.4796875 0.5078125 0.484375 0.515625 0.490625 0.515625
1 0.13125 0.303125 0.1328125 0.3078125 0.1265625 0.321875 0.125 0.3453125 0.121875 0.3453125 0.1171875 0.3328125 0.109375 0.3234375 0.096875 0.3203125 0.096875 0.3046875 0.1046875 0.2984375 0.1265625 0.3 0.1296875 0.303125
1 0 0.3125 0.00625 0.3171875 0.0109375 0.325 0.0109375 0.328125 0 0.328125 0 0.3140625
3 0.1125 0.2734375 0.125 0.2796875 0.128125 0.2875 0.128125 0.2984375 0.115625 0.2984375 0.1109375 0.2953125 0.109375 0.2890625 0.1109375 0.275
3 0.86875 0.265625 0.871875 0.2734375 0.871875 0.290625 0.86875 0.3015625 0.8640625 0.2921875 0.8671875 0.2671875
3 0.7140625 0.303125 0.71875 0.30625 0.7234375 0.303125 0.7265625 0.3046875 0.7265625 0.328125 0.7171875 0.3359375 0.7140625 0.3328125 0.7140625 0.3046875
3 0.628125 0.31875 0.6328125 0.31875 0.6375 0.334375 0.6375 0.3453125 0.625 0.3453125 0.6234375 0.3421875 0.625 0.325 0.628125 0.3203125
3 0.1703125 0.4234375 0.1640625 0.4015625 0.1625 0.3828125 0.1640625 0.38125 0.1671875 0.3828125 0.16875 0.40625 0.171875 0.4078125 0.1765625 0.3921875 0.1765625 0.3734375 0.18125 0.36875 0.1859375 0.371875 0.1890625 0.38125 0.190625 0.3984375 0.1953125 0.409375 0.1953125 0.425 0.1921875 0.4265625 0.1875 0.41875 0.1828125 0.415625 0.1765625 0.415625 0.171875 0.4234375
3 0.846875 0.2890625 0.853125 0.290625 0.8515625 0.3171875 0.8484375 0.3203125 0.84375 0.3140625 0.846875 0.290625
3 0.378125 0.3515625 0.3796875 0.3640625 0.3828125 0.36875 0.3859375 0.36875 0.390625 0.359375 0.39375 0.3578125 0.403125 0.359375 0.403125 0.3703125 0.4109375 0.3796875 0.4125 0.3875 0.4109375 0.3984375 0.40625 0.4015625 0.396875 0.3921875 0.3921875 0.39375 0.3859375 0.3921875 0.3796875 0.396875 0.3734375 0.3953125 0.3703125 0.384375 0.3703125 0.3546875 0.3765625 0.3515625
4 0.6296875 0.4984375 0.640625 0.4984375 0.64375 0.503125 0.6421875 0.509375 0.6390625 0.5109375 0.6296875 0.5078125 0.6296875 0.5
4 0.0296875 0.3765625 0.03125 0.38125 0.028125 0.3828125 0.0171875 0.38125 0.0171875 0.378125 0.0203125 0.3765625 0.028125 0.3765625
4 0.4234375 0.628125 0.434375 0.6296875 0.4375 0.634375 0.4375 0.65 0.434375 0.6515625 0.421875 0.6453125 0.4234375 0.6296875
4 0.11015625 0.375 0.015625 0.009375