1 0.0453125 0.278125 0.053125 0.2765625 0.0703125 0.278125 0.0765625 0.2859375 0.075 0.2984375 0.078125 0.3046875 0.0765625 0.30625 0.078125 0.3171875 0.0734375 0.31875 0.0578125 0.303125 0.0453125 0.303125 0.0421875 0.2984375 0.0421875 0.2875 0.0453125 0.2796875
1 0 0.2578125 0.0046875 0.259375 0.00625 0.2640625 0.00625 0.278125 0 0.278125 0 0.259375
1 0.053125 0.3046875 0.0640625 0.309375 0.071875 0.321875 0.071875 0.3265625 0.0671875 0.3421875 0.0671875 0.3515625 0.0640625 0.3546875 0.0515625 0.3578125 0.0421875 0.3578125 0.0375 0.34375 0.03125 0.3375 0.028125 0.3296875 0.025 0.328125 0.028125 0.3125 0.03125 0.3078125 0.040625 0.3046875 0.0515625 0.3046875
1 0.79453125 0.26953125 0.03515625 0.05390625
1 0.4234375 0.3171875 0.4359375 0.321875 0.44375 0.33125 0.446875 0.340625 0.446875 0.3578125 0.4421875 0.365625 0.4328125 0.371875 0.4265625 0.3703125 0.425 0.3671875 0.3890625 0.3671875 0.3875 0.3703125 0.38125 0.3703125 0.371875 0.3609375 0.371875 0.34375 0.375 0.3390625 0.38125 0.334375 0.3875 0.334375 0.39375 0.33125 0.409375 0.31875 0.421875 0.3171875
1 0.8203125 0.2296875 0.8265625 0.2375 0.828125 0.2484375 0.8203125 0.2625 0.809375 0.2625 0.809375 0.2515625 0.80625 0.2421875 0.8078125 0.234375 0.8140625 0.2296875 0.81875 0.2296875
1 0.0125 0.328125 0.0265625 0.334375 0.0421875 0.359375 0.046875 0.375 0.0453125 0.3953125 0.040625 0.3953125 0.0375 0.3921875 0.021875 0.3921875 0.0203125 0.39375 0 0.3921875 0 0.3296875 0.003125 0.33125 0.0109375 0.328125
1 0.5625 0.3640625 0.5734375 0.36875 0.5796875 0.3828125 0.584375 0.4046875 0.584375 0.4265625 0.5796875 0.434375 0.5734375 0.428125 0.5625 0.4359375 0.559375 0.4359375 0.5546875 0.4421875 0.553125 0.4515625 0.55 0.453125 0.546875 0.453125 0.54375 0.4484375 0.5109375 0.446875 0.50625 0.440625 0.5046875 0.425 0.5078125 0.4125 0.528125 0.3765625 0.5390625 0.3671875 0.5453125 0.3671875 0.55 0.3640625 0.5609375 0.3640625
1 0.703125 0.2953125 0.7109375 0.2984375 0.7265625 0.3 0.728125 0.3109375 0.7265625 0.3515625 0.7234375 0.35625 0.7171875 0.3578125 0.7109375 0.3671875 0.7078125 0.3671875 0.7046875 0.3625 0.69375 0.3609375 0.68125 0.3609375 0.678125 0.365625 0.6734375 0.365625 0.671875 0.3609375 0.671875 0.3390625 0.684375 0.30625 0.6875 0.3 0.6953125 0.29375 0.7015625 0.2953125
1 0.8375 0.2171875 0.8421875 0.2203125 0.84375 0.2484375 0.834375 0.253125 0.83125 0.2515625 0.828125 0.2453125 0.828125 0.2390625 0.821875 0.225 0.8265625 0.21875 0.8359375 0.2171875
1 0 0.2796875 0.0078125 0.2796875 0.015625 0.2890625 0.0078125 0.3 0 0.2921875 0 0.28125
1 0.6890625 0.290625 0.690625 0.29375 0.684375 0.3015625 0.678125 0.3203125 0.671875 0.3296875 0.6703125 0.3390625 0.6671875 0.340625 0.6640625 0.3390625 0.65625 0.340625 0.653125 0.3375 0.6515625 0.325 0.653125 0.315625 0.6671875 0.2921875 0.675 0.2890625 0.6875 0.290625
1 0.1515625 0.30625 0.1671875 0.3078125 0.175 0.3125 0.178125 0.3203125 0.1828125 0.325 0.1859375 0.325 0.1859375 0.3328125 0.19375 0.3421875 0.196875 0.353125 0.196875 0.3703125 0.19375 0.3765625 0.1890625 0.3765625 0.184375 0.371875 0.1640625 0.371875 0.1578125 0.378125 0.1515625 0.378125 0.146875 0.36875 0.1421875 0.365625 0.1296875 0.3671875 0.125 0.3484375 0.128125 0.3359375 0.128125 0.3234375 0.1328125 0.309375 0.1390625 0.30625 0.15 0.30625
1 0.721875 0.2578125 0.73125 0.259375 0.734375 0.2671875 0.734375 0.2875 0.7265625 0.2984375 0.7015625 0.2953125 0.69375 0.2921875 0.6953125 0.2796875 0.7015625 0.26875 0.7125 0.259375 0.7203125 0.2578125
1 0.10625 0.3234375 0.1140625 0.33125 0.121875 0.346875 0.121875 0.3546875 0.1125 0.365625 0.1125 0.3765625 0.103125 0.384375 0.09375 0.3859375 0.0890625 0.3890625 0.0796875 0.378125 0.06875 0.3765625 0.0703125 0.3359375 0.0734375 0.3265625 0.078125 0.3234375 0.1046875 0.3234375
1 0.578125 0.309375 0.5890625 0.30625 0.6109375 0.3078125 0.6140625 0.3109375 0.61875 0.3296875 0.61875 0.3515625 0.615625 0.35625 0.6109375 0.3578125 0.6046875 0.3546875 0.59375 0.3546875 0.584375 0.3640625 0.578125 0.3640625 0.5703125 0.359375 0.559375 0.3578125 0.55625 0.3546875 0.5578125 0.334375 0.578125 0.3109375
1 0.75 0.2421875 0.7640625 0.234375 0.76875 0.234375 0.775 0.2421875 0.7734375 0.25 0.7671875 0.2484375 0.75625 0.2515625 0.746875 0.2515625 0.746875 0.246875 0.75 0.24375
1 0.096875 0.2875 0.10625 0.29375 0.10625 0.2984375 0.103125 0.2984375 0.096875 0.3046875 0.09375 0.321875 0.08125 0.3203125 0.08125 0.3109375 0.0765625 0.2984375 0.0765625 0.2921875 0.08125 0.2875 0.0953125 0.2875
1 0.11484375 0.321875 0.03828125 0.0453125
1 0.0359375 0.2921875 0.0390625 0.29375 0.0421875 0.303125 0.034375 0.3046875 0.028125 0.309375 0.025 0.328125 0.01875 0.3265625 0.0109375 0.3203125 0.0078125 0.3 0.0109375 0.29375 0.0140625 0.2921875 0.034375 0.2921875
1 0.76875 0.2515625 0.771875 0.253125 0.7765625 0.26875 0.778125 0.30625 0.775 0.3140625 0.7671875 0.315625 0.7640625 0.3203125 0.753125 0.3140625 0.740625 0.3171875 0.7359375 0.315625 0.73125 0.3109375 0.7296875 0.296875 0.7390625 0.28125 0.746875 0.25625 0.75625 0.2515625 0.7671875 0.2515625
1 0 0.3125 0.0046875 0.3140625 0.0109375 0.3234375 0.0109375 0.328125 0 0.328125 0 0.3140625
3 0.13125 0.3984375 0.1328125 0.415625 0.1375 0.4328125 0.1375 0.4421875 0.134375 0.446875 0.13125 0.446875 0.128125 0.440625 0.125 0.4375 0.121875 0.4390625 0.1171875 0.4328125 0.1203125 0.4078125 0.1234375 0.4015625 0.1296875 0.3984375
3 0.6421875 0.4796875 0.65 0.4796875 0.65625 0.4859375 0.6578125 0.490625 0.65625 0.50625 0.653125 0.5140625 0.6515625 0.5359375 0.646875 0.5515625 0.640625 0.5546875 0.6390625 0.54375 0.6328125 0.53125 0.6328125 0.525 0.6421875 0.48125
3 0.340625 0.5828125 0.340625 0.5765625 0.3453125 0.571875 0.340625 0.5890625 0.346875 0.6125 0.3453125 0.640625 0.3484375 0.65 0.3484375 0.665625 0.35 0.6671875 0.3484375 0.684375 0.34375 0.6921875 0.3390625 0.6921875 0.33125 0.66875 0.3265625 0.6640625 0.3234375 0.6671875 0.3234375 0.6640625 0.31875 0.6625 0.315625 0.6578125 0.31875 0.6328125 0.3234375 0.6203125 0.321875 0.615625 0.3234375 0.6 0.3296875 0.5984375 0.340625 0.5875 0.340625 0.584375
4 0.74375 0.30625 0.746875 0.3078125 0.746875 0.3109375 0.74375 0.3125 0.7390625 0.3109375 0.7390625 0.3078125 0.7421875 0.30625
4 0.028125 0.375 0.03125 0.3765625 0.03125 0.38125 0.028125 0.3828125 0.0203125 0.3828125 0.015625 0.3796875 0.0171875 0.3765625 0.0265625 0.375
4 0.690625 0.346875 0.6921875 0.353125 0.6828125 0.3515625 0.684375 0.346875 0.6890625 0.346875
4 0.184375 0.35625 0.1875 0.359375 0.184375 0.3640625 0.1734375 0.3625 0.175 0.35625 0.1828125 0.35625