5 0.83125 0.32109375 0.09921875 0.11953125
1 0.9421875 0.28125 0.9484375 0.284375 0.953125 0.296875 0.9265625 0.3 0.925 0.29375 0.9203125 0.2890625 0.921875 0.2859375 0.9265625 0.2828125 0.940625 0.2828125
1 0.91875 0.259375 0.9359375 0.2578125 0.9390625 0.259375 0.9453125 0.271875 0.94375 0.28125 0.928125 0.28125 0.915625 0.2875 0.9140625 0.271875 0.91875 0.2609375
1 0.9796875 0.33125 0.990625 0.334375 0.9953125 0.34375 0.996875 0.3828125 0.99375 0.3890625 0.984375 0.3875 0.978125 0.4 0.975 0.396875 0.9625 0.3953125 0.940625 0.3953125 0.9390625 0.39375 0.9328125 0.396875 0.9296875 0.3953125 0.928125 0.390625 0.93125 0.36875 0.9359375 0.35625 0.9359375 0.346875 0.9390625 0.35 0.946875 0.3390625 0.953125 0.334375 0.978125 0.33125
1 0.9984375 0.3125 0.9984375 0.334375 0.98125 0.33125 0.978125 0.328125 0.9796875 0.3203125 0.9859375 0.3125 0.990625 0.3109375 0.996875 0.3125
1 0.2953125 0.2734375 0.30625 0.2921875 0.30625 0.3015625 0.3015625 0.3109375 0.2859375 0.3125 0.278125 0.3125 0.2703125 0.2859375 0.2703125 0.275 0.284375 0.271875 0.29375 0.2734375
1 0.1890625 0.24375 0.1953125 0.240625 0.2109375 0.2421875 0.2234375 0.2625 0.225 0.2703125 0.2234375 0.2875 0.2203125 0.2890625 0.2109375 0.2859375 0.1984375 0.2890625 0.190625 0.2875 0.1875 0.284375 0.1859375 0.2765625 0.1859375 0.2578125 0.1890625 0.2453125
1 0.2609375 0.275 0.265625 0.2796875 0.2734375 0.2984375 0.275 0.3140625 0.271875 0.31875 0.2703125 0.3171875 0.2484375 0.31875 0.240625 0.3125 0.2390625 0.3078125 0.2390625 0.2875 0.24375 0.2765625 0.259375 0.275
1 0.98125 0.7890625 0.984375 0.7921875 0.9890625 0.7921875 0.9984375 0.796875 0.9984375 0.840625 0.9953125 0.84375 0.9953125 0.8609375 0.9984375 0.8671875 0.9984375 0.9828125 0.996875 0.984375 0.9984375 0.9953125 0.9953125 0.9984375 0.9296875 0.9984375 0.928125 0.996875 0.915625 0.9984375 0.9109375 0.996875 0.9046875 0.9984375 0.890625 0.996875 0.8890625 0.9984375 0.7875 0.9984375 0.784375 0.9953125 0.7828125 0.971875 0.7703125 0.95625 0.7671875 0.946875 0.76875 0.9 0.775 0.8765625 0.7890625 0.85 0.8078125 0.8296875 0.8296875 0.81875 0.8515625 0.8140625 0.8609375 0.809375 0.903125 0.8109375 0.9359375 0.79375 0.9453125 0.7921875 0.95 0.7890625 0.9609375 0.7875 0.9796875 0.7890625
1 0.959375 0.3 0.9640625 0.309375 0.965625 0.328125 0.9515625 0.3328125 0.9390625 0.3484375 0.934375 0.3421875 0.93125 0.325 0.9203125 0.3140625 0.928125 0.3015625 0.9515625 0.2984375 0.9578125 0.3
1 0.959375 0.29375 0.9765625 0.290625 0.984375 0.2921875 0.990625 0.2984375 0.990625 0.309375 0.9796875 0.3171875 0.975 0.328125 0.9703125 0.328125 0.9671875 0.325 0.965625 0.3078125 0.9578125 0.296875 0.959375 0.2953125
1 0.91875 0.2890625 0.925 0.2953125 0.9265625 0.3 0.9203125 0.3109375 0.9171875 0.3125 0.9046875 0.3109375 0.9046875 0.303125 0.9 0.296875 0.9 0.2921875 0.903125 0.2890625 0.9171875 0.2890625
1 0.99375 0.2828125 0.9984375 0.284375 0.9984375 0.3015625 0.99375 0.3015625 0.984375 0.290625 0.9890625 0.284375 0.9921875 0.284375
1 0.546875 0.553125 0.5671875 0.56875 0.5921875 0.6140625 0.60625 0.6296875 0.6109375 0.64375 0.6125 0.6796875 0.609375 0.690625 0.6015625 0.6984375 0.58125 0.7046875 0.5453125 0.7078125 0.5421875 0.7109375 0.534375 0.7125 0.5234375 0.7234375 0.515625 0.71875 0.5109375 0.7078125 0.5078125 0.6890625 0.5 0.678125 0.4671875 0.65 0.45625 0.653125 0.45 0.646875 0.4484375 0.628125 0.44375 0.6125 0.44375 0.5921875 0.4484375 0.58125 0.45625 0.5734375 0.4765625 0.5671875 0.4796875 0.5640625 0.490625 0.5625 0.49375 0.559375 0.51875 0.55 0.5390625 0.5484375 0.54375 0.55 0.5453125 0.553125
1 0.9078125 0.3140625 0.9140625 0.3171875 0.9171875 0.315625 0.9234375 0.3171875 0.93125 0.3328125 0.93125 0.353125 0.9296875 0.3546875 0.93125 0.3625 0.928125 0.375 0.921875 0.3765625 0.9171875 0.371875 0.9109375 0.3875 0.9078125 0.3875 0.9 0.378125 0.875 0.378125 0.8703125 0.384375 0.8671875 0.384375 0.8640625 0.3796875 0.865625 0.3515625 0.86875 0.34375 0.875 0.3375 0.8796875 0.325 0.8875 0.3171875 0.90625 0.3140625
1 0.8796875 0.2984375 0.8984375 0.296875 0.9046875 0.303125 0.9046875 0.3109375 0.890625 0.3140625 0.8828125 0.3203125 0.8796875 0.3203125 0.878125 0.3171875 0.8796875 0.3
1 0.978125 0.328125 0.98125 0.31875 0.9859375 0.3140625 0.9984375 0.3125 0.9984375 0.35 0.990625 0.334375 0.9796875 0.3296875
3 0.73125 0.3140625 0.734375 0.3140625 0.7375 0.31875 0.7375 0.3359375 0.7296875 0.334375 0.7234375 0.3390625 0.7203125 0.3359375 0.7203125 0.3171875 0.73125 0.315625
3 0.8 0.4734375 0.803125 0.478125 0.8109375 0.4765625 0.8140625 0.4796875 0.8125 0.4875 0.8140625 0.4953125 0.81875 0.5015625 0.815625 0.5046875 0.815625 0.5109375 0.8203125 0.546875 0.81875 0.5484375 0.809375 0.546875 0.8046875 0.5515625 0.803125 0.5609375 0.8 0.565625 0.79375 0.5671875 0.7921875 0.553125 0.7984375 0.5265625 0.7984375 0.4984375 0.8 0.496875 0.7984375 0.475
3 0.2890625 0.4640625 0.2953125 0.465625 0.296875 0.4890625 0.3 0.49375 0.3 0.496875 0.29375 0.503125 0.2921875 0.5171875 0.2875 0.515625 0.2875 0.509375 0.2796875 0.5 0.278125 0.4828125 0.284375 0.46875 0.2890625 0.465625
3 0.4078125 0.3171875 0.4109375 0.31875 0.4125 0.3296875 0.4171875 0.3390625 0.4171875 0.3515625 0.4109375 0.353125 0.40625 0.3484375 0.390625 0.346875 0.390625 0.334375 0.39375 0.3265625 0.4015625 0.328125 0.4078125 0.31875
3 0.5359375 0.359375 0.5390625 0.359375 0.5375 0.3703125 0.54375 0.3796875 0.5421875 0.3953125 0.5390625 0.3984375 0.5328125 0.39375 0.5265625 0.3953125 0.5203125 0.403125 0.5171875 0.403125 0.5140625 0.396875 0.5140625 0.378125 0.521875 0.3796875 0.5296875 0.36875 0.534375 0.365625 0.5359375 0.3609375
3 0.3109375 0.3421875 0.309375 0.3578125 0.3171875 0.3671875 0.3203125 0.3625 0.3203125 0.3578125 0.325 0.353125 0.328125 0.3546875 0.3296875 0.359375 0.3265625 0.36875 0.3265625 0.384375 0.3234375 0.3890625 0.3203125 0.3890625 0.3109375 0.3765625 0.30625 0.3765625 0.3015625 0.384375 0.296875 0.3828125 0.29375 0.3765625 0.2953125 0.365625 0.3 0.3546875 0.3046875 0.3453125 0.309375 0.3421875
4 0.29375 0.3 0.2984375 0.3 0.3 0.303125 0.29375 0.30625 0.2921875 0.303125 0.29375 0.3015625
4 0.959375 0.384375 0.9578125 0.390625 0.9515625 0.390625 0.9453125 0.3875 0.946875 0.384375 0.9578125 0.384375
4 0.2078125 0.278125 0.2109375 0.2765625 0.215625 0.278125 0.2140625 0.28125 0.2078125 0.28125 0.2078125 0.2796875
4 0.29375 0.465625 0.2953125 0.4734375 0.2890625 0.4734375 0.2890625 0.4671875 0.2921875 0.465625
4 0.5703125 0.6734375 0.56875 0.6625 0.571875 0.659375 0.58125 0.6578125 0.5890625 0.653125 0.5953125 0.6546875 0.59375 0.665625 0.5859375 0.6703125 0.571875 0.6734375
4 0.8 0.3421875 0.8046875 0.34375 0.803125 0.3484375 0.8 0.3484375 0.7984375 0.3453125 0.8 0.34375
4 0.8765625 0.3640625 0.8875 0.3640625 0.8875 0.3671875 0.884375 0.36875 0.8765625 0.3671875 0.8765625 0.365625