1 0.9765625 0.2640625 0.9828125 0.2765625 0.978125 0.290625 0.9671875 0.2921875 0.9625 0.2921875 0.9578125 0.2875 0.9484375 0.2859375 0.95625 0.26875 0.9625 0.265625 0.975 0.2640625
1 0.33125 0.2828125 0.3359375 0.284375 0.3453125 0.29375 0.3546875 0.309375 0.35625 0.334375 0.353125 0.3375 0.34375 0.3359375 0.3328125 0.3375 0.3296875 0.340625 0.3234375 0.340625 0.3140625 0.33125 0.3125 0.3171875 0.3046875 0.303125 0.30625 0.290625 0.3125 0.2828125 0.3296875 0.2828125
1 0.9203125 0.3484375 0.9328125 0.353125 0.9359375 0.3578125 0.9359375 0.36875 0.9390625 0.3796875 0.9375 0.4265625 0.9328125 0.446875 0.925 0.4453125 0.915625 0.446875 0.9125 0.45 0.9125 0.4578125 0.9078125 0.4703125 0.9046875 0.4703125 0.8984375 0.4609375 0.8640625 0.45625 0.8578125 0.459375 0.85625 0.465625 0.8515625 0.465625 0.8484375 0.4578125 0.8484375 0.4296875 0.8515625 0.409375 0.8609375 0.3953125 0.865625 0.3796875 0.8734375 0.3640625 0.878125 0.359375 0.9046875 0.3484375 0.91875 0.3484375
1 0.2703125 0.28125 0.2859375 0.2828125 0.2921875 0.2859375 0.296875 0.2921875 0.3 0.303125 0.303125 0.3046875 0.3109375 0.31875 0.3109375 0.340625 0.309375 0.3421875 0.2890625 0.340625 0.2796875 0.3484375 0.2765625 0.3484375 0.26875 0.3375 0.2609375 0.3375 0.2578125 0.334375 0.25625 0.3265625 0.25625 0.3 0.259375 0.2828125 0.265625 0.2796875 0.26875 0.28125
1 0.209375 0.2546875 0.2140625 0.2609375 0.2109375 0.26875 0.209375 0.2921875 0.1984375 0.296875 0.190625 0.2859375 0.190625 0.2671875 0.2 0.2546875 0.2078125 0.2546875
1 0.959375 0.2875 0.9640625 0.296875 0.9640625 0.3109375 0.9671875 0.3171875 0.9671875 0.3234375 0.9640625 0.3296875 0.9625 0.3515625 0.953125 0.353125 0.9484375 0.3625 0.94375 0.3625 0.9421875 0.3578125 0.9328125 0.3484375 0.9125 0.3453125 0.9109375 0.33125 0.9203125 0.3046875 0.93125 0.2921875 0.9515625 0.2859375 0.9578125 0.2875
1 0.175 0.2296875 0.1796875 0.234375 0.1796875 0.2421875 0.1765625 0.246875 0.171875 0.265625 0.1640625 0.265625 0.1609375 0.2625 0.159375 0.246875 0.1625 0.234375 0.16875 0.2296875 0.1734375 0.2296875
1 0.9890625 0.328125 0.021875 0.08203125
1 0.9828125 0.29375 0.9828125 0.30625 0.9796875 0.3140625 0.9796875 0.33125 0.9765625 0.34375 0.965625 0.3421875 0.9671875 0.3265625 0.965625 0.2953125 0.98125 0.29375
1 0.1953125 0.2375 0.1984375 0.2390625 0.203125 0.2515625 0.1890625 0.2609375 0.1875 0.271875 0.1890625 0.2828125 0.178125 0.28125 0.175 0.2765625 0.175 0.2515625 0.1828125 0.2375 0.19375 0.2375
1 0.89375 0.284375 0.9015625 0.2796875 0.91875 0.2796875 0.9203125 0.278125 0.9296875 0.2796875 0.93125 0.2828125 0.93125 0.290625 0.91875 0.3046875 0.9140625 0.31875 0.9078125 0.328125 0.9015625 0.3234375 0.8921875 0.321875 0.8859375 0.315625 0.884375 0.29375 0.89375 0.2859375
1 0.2203125 0.2609375 0.234375 0.2640625 0.2375 0.271875 0.2375 0.2796875 0.228125 0.2890625 0.2265625 0.309375 0.2234375 0.3109375 0.2109375 0.2984375 0.2125 0.2671875 0.215625 0.2625 0.21875 0.2625
1 0.265625 0.259375 0.271875 0.2625 0.275 0.26875 0.2671875 0.278125 0.259375 0.28125 0.2484375 0.2796875 0.2453125 0.275 0.25 0.2625 0.25625 0.259375 0.2640625 0.259375
1 0.8921875 0.325 0.9046875 0.33125 0.9078125 0.3453125 0.8796875 0.35625 0.871875 0.3640625 0.8578125 0.3921875 0.8484375 0.390625 0.8453125 0.3875 0.8453125 0.3703125 0.8484375 0.3578125 0.8609375 0.3359375 0.8671875 0.3296875 0.884375 0.3234375 0.890625 0.325
1 0.8125 0.3203125 0.821875 0.3296875 0.825 0.340625 0.825 0.3578125 0.8203125 0.3671875 0.81875 0.3765625 0.8109375 0.3796875 0.80625 0.371875 0.7875 0.3734375 0.7796875 0.3875 0.7734375 0.3875 0.765625 0.378125 0.7546875 0.378125 0.7484375 0.384375 0.74375 0.3828125 0.7375 0.365625 0.7390625 0.353125 0.7453125 0.34375 0.7546875 0.3375 0.7625 0.325 0.771875 0.31875 0.7984375 0.3171875 0.8109375 0.3203125
1 0.8671875 0.2515625 0.8765625 0.2546875 0.878125 0.2609375 0.884375 0.26875 0.884375 0.2875 0.875 0.2875 0.871875 0.290625 0.865625 0.2875 0.853125 0.290625 0.8484375 0.2796875 0.85 0.259375 0.853125 0.253125 0.859375 0.25 0.865625 0.2515625
1 0.8390625 0.3140625 0.8421875 0.3140625 0.8484375 0.3046875 0.8546875 0.3 0.88125 0.3 0.884375 0.303125 0.884375 0.3171875 0.878125 0.3234375 0.865625 0.328125 0.85625 0.3390625 0.853125 0.3484375 0.8453125 0.35625 0.840625 0.35625 0.8359375 0.359375 0.83125 0.359375 0.8296875 0.35625 0.8296875 0.3375 0.83125 0.3296875 0.8390625 0.315625
1 0.24296875 0.30390625 0.03046875 0.04609375
3 0.76875 0.29375 0.778125 0.29375 0.7828125 0.303125 0.7796875 0.315625 0.76875 0.3171875 0.765625 0.3078125 0.765625 0.2984375 0.76875 0.2953125
3 0.6328125 0.384375 0.63125 0.3875 0.6328125 0.4015625 0.6296875 0.4125 0.6265625 0.415625 0.6234375 0.415625 0.615625 0.4078125 0.6015625 0.4078125 0.596875 0.4171875 0.590625 0.4171875 0.5875 0.4109375 0.5875 0.4 0.596875 0.3875 0.5984375 0.3734375 0.6046875 0.36875 0.609375 0.36875 0.609375 0.3890625 0.6125 0.396875 0.61875 0.3953125 0.6265625 0.3875 0.63125 0.3859375
4 0.8640625 0.2734375 0.8671875 0.2765625 0.865625 0.278125 0.8515625 0.2765625 0.8546875 0.2734375 0.8625 0.2734375
4 0.8484375 0.3390625 0.853125 0.3421875 0.8515625 0.3484375 0.8359375 0.346875 0.834375 0.3421875 0.846875 0.3390625
4 0.8484375 0.334375 0.853125 0.3390625 0.8515625 0.3453125 0.840625 0.3453125 0.8359375 0.3421875 0.8359375 0.3375 0.8390625 0.334375 0.846875 0.334375
4 0.8796875 0.4421875 0.88125 0.44375 0.8796875 0.4484375 0.8625 0.4453125 0.8640625 0.4390625 0.871875 0.4390625 0.878125 0.4421875
4 0.746875 0.3609375 0.753125 0.3625 0.753125 0.3703125 0.7453125 0.3703125 0.7390625 0.3671875 0.7390625 0.3625 0.7453125 0.3609375
4 0.7515625 0.3640625 0.7515625 0.3703125 0.740625 0.3703125 0.7390625 0.3671875 0.740625 0.3625 0.75 0.3640625
4 0.8546875 0.2765625 0.01015625 0.00703125
4 0.9234375 0.3390625 0.9265625 0.3421875 0.93125 0.3421875 0.93125 0.3453125 0.91875 0.346875 0.9140625 0.3453125 0.9109375 0.3390625 0.9140625 0.3359375 0.921875 0.3390625
4 0.9984375 0.3484375 0.996875 0.3546875 0.984375 0.353125 0.990625 0.346875 0.996875 0.3484375
4 0.86015625 0.378125 0.01328125 0.01171875