5 0.1578125 0.203125 0.1640625 0.2078125 0.1765625 0.2078125 0.184375 0.215625 0.1859375 0.2265625 0.184375 0.234375 0.1796875 0.2390625 0.178125 0.2453125 0.1671875 0.2546875 0.1578125 0.25 0.1578125 0.240625 0.15 0.21875 0.15 0.209375 0.15625 0.203125
5 0.321875 0.275 0.3296875 0.2796875 0.3421875 0.303125 0.34375 0.3203125 0.340625 0.33125 0.334375 0.33125 0.328125 0.328125 0.31875 0.3328125 0.3125 0.3328125 0.30625 0.321875 0.296875 0.3203125 0.29375 0.3171875 0.2921875 0.2875 0.303125 0.275 0.3203125 0.275
5 0.1953125 0.2703125 0.1921875 0.265625 0.190625 0.2546875 0.190625 0.234375 0.19375 0.228125 0.221875 0.2296875 0.2265625 0.2375 0.2265625 0.2421875 0.215625 0.2421875 0.209375 0.2484375 0.209375 0.2703125 0.2078125 0.271875 0.196875 0.2703125
3 0.1515625 0.2890625 0.153125 0.290625 0.153125 0.3171875 0.1515625 0.31875 0.146875 0.3171875 0.146875 0.3046875 0.14375 0.2953125 0.14375 0.2921875 0.15 0.2890625
3 0.240625 0.4328125 0.24375 0.44375 0.2484375 0.45 0.2484375 0.4609375 0.2546875 0.4703125 0.2609375 0.4671875 0.2625 0.4484375 0.265625 0.4453125 0.265625 0.4390625 0.271875 0.4375 0.28125 0.4390625 0.2796875 0.459375 0.2890625 0.46875 0.2890625 0.4875 0.2828125 0.4953125 0.2765625 0.4921875 0.25625 0.4921875 0.2453125 0.50625 0.2375 0.5046875 0.2296875 0.4625 0.234375 0.434375 0.2390625 0.4328125
3 0.9375 0.2703125 0.9390625 0.28125 0.934375 0.284375 0.9328125 0.271875 0.9359375 0.2703125
3 0.6296875 0.35 0.6328125 0.3546875 0.6328125 0.3734375 0.6296875 0.3765625 0.6234375 0.3765625 0.615625 0.38125 0.6125 0.378125 0.6109375 0.3671875 0.6125 0.3578125 0.628125 0.35
3 0.9671875 0.2609375 0.9703125 0.2640625 0.96875 0.278125 0.9640625 0.278125 0.965625 0.2625
3 0.4609375 0.4125 0.4578125 0.41875 0.459375 0.421875 0.4578125 0.4375 0.459375 0.478125 0.45625 0.48125 0.4515625 0.4765625 0.4453125 0.4640625 0.4375 0.4671875 0.4359375 0.4703125 0.4328125 0.465625 0.4296875 0.440625 0.43125 0.4328125 0.4328125 0.4328125 0.4328125 0.4390625 0.4359375 0.44375 0.45 0.415625 0.459375 0.4125
1 0.2625 0.2875 0.2734375 0.29375 0.2828125 0.3125 0.2828125 0.3328125 0.2796875 0.3359375 0.253125 0.3359375 0.240625 0.325 0.2390625 0.3078125 0.24375 0.2890625 0.2484375 0.2859375 0.2609375 0.2875
1 0.8765625 0.334375 0.890625 0.3390625 0.89375 0.3484375 0.896875 0.3671875 0.896875 0.3859375 0.89375 0.3984375 0.8828125 0.3984375 0.8765625 0.4109375 0.871875 0.4109375 0.86875 0.40625 0.85 0.40625 0.8484375 0.4046875 0.84375 0.4046875 0.8390625 0.4078125 0.83125 0.40625 0.8296875 0.3984375 0.83125 0.3765625 0.84375 0.35 0.853125 0.3375 0.8609375 0.334375 0.875 0.3359375
1 0.93125 0.3109375 0.9375 0.31875 0.9421875 0.3359375 0.940625 0.3625 0.9390625 0.3703125 0.9375 0.371875 0.93125 0.3703125 0.9265625 0.375 0.925 0.38125 0.921875 0.38125 0.9140625 0.3734375 0.9 0.371875 0.8921875 0.334375 0.8984375 0.31875 0.9046875 0.3109375 0.9078125 0.309375 0.928125 0.309375 0.9296875 0.3109375
1 0.2046875 0.66875 0.2265625 0.675 0.2625 0.703125 0.2921875 0.7046875 0.303125 0.7078125 0.3203125 0.71875 0.328125 0.7296875 0.3390625 0.7609375 0.3390625 0.809375 0.33125 0.83125 0.328125 0.8359375 0.321875 0.8375 0.3171875 0.8421875 0.3046875 0.84375 0.2984375 0.853125 0.29375 0.86875 0.2859375 0.8734375 0.271875 0.8734375 0.2640625 0.8703125 0.2546875 0.853125 0.240625 0.85625 0.215625 0.8578125 0.2109375 0.8609375 0.1921875 0.8625 0.159375 0.8703125 0.1265625 0.8734375 0.1109375 0.88125 0.0984375 0.90625 0.08125 0.9125 0.06875 0.9109375 0.0640625 0.9078125 0.059375 0.9015625 0.0578125 0.890625 0.0546875 0.8859375 0.025 0.8828125 0.0203125 0.8796875 0.0171875 0.8734375 0.0140625 0.859375 0.015625 0.8078125 0.01875 0.7953125 0.01875 0.784375 0.025 0.7640625 0.0390625 0.740625 0.05 0.728125 0.059375 0.7234375 0.0734375 0.721875 0.0796875 0.71875 0.1171875 0.684375 0.146875 0.6734375 0.1734375 0.671875 0.1828125 0.66875 0.203125 0.66875
1 0.221875 0.26171875 0.02578125 0.0359375
1 0.2609375 0.26875 0.2796875 0.2671875 0.2875 0.275 0.290625 0.2828125 0.290625 0.3015625 0.2875 0.3078125 0.2828125 0.3078125 0.275 0.29375 0.2578125 0.28125 0.2609375 0.2703125
1 0.1984375 0.228125 0.2234375 0.23125 0.2265625 0.234375 0.228125 0.24375 0.228125 0.2453125 0.2234375 0.2453125 0.2171875 0.2421875 0.2109375 0.246875 0.2078125 0.271875 0.1953125 0.26875 0.1921875 0.2625 0.19375 0.2609375 0.1921875 0.234375 0.19375 0.2328125 0.1953125 0.234375 0.1984375 0.2296875
1 0.23203125 0.29453125 0.03359375 0.0484375
1 0.8515625 0.334375 0.8484375 0.3234375 0.8515625 0.309375 0.8578125 0.3015625 0.8578125 0.2984375 0.871875 0.2890625 0.8953125 0.2890625 0.9 0.2953125 0.9015625 0.3109375 0.8953125 0.31875 0.890625 0.3328125 0.8875 0.3359375 0.8734375 0.3328125 0.853125 0.334375
1 0.9984375 0.8328125 0.9984375 0.896875 0.99375 0.8859375 0.99375 0.8546875 0.9984375 0.834375
1 0.228125 0.2671875 0.228125 0.2609375 0.2328125 0.2546875 0.2390625 0.253125 0.2515625 0.2546875 0.259375 0.26875 0.2578125 0.278125 0.2546875 0.2828125 0.2484375 0.28125 0.246875 0.2765625 0.240625 0.2703125 0.2296875 0.2671875
1 0.95625 0.2828125 0.9609375 0.284375 0.965625 0.29375 0.9640625 0.3203125 0.95625 0.3234375 0.9421875 0.3234375 0.9390625 0.315625 0.925 0.3046875 0.925 0.29375 0.9328125 0.2875 0.9390625 0.284375 0.9546875 0.284375
1 0.3234375 0.2765625 0.3296875 0.2796875 0.3421875 0.303125 0.34375 0.3203125 0.340625 0.33125 0.334375 0.33125 0.3328125 0.328125 0.325 0.328125 0.31875 0.3328125 0.3109375 0.3328125 0.30625 0.3203125 0.2953125 0.31875 0.2921875 0.3046875 0.2921875 0.2890625 0.303125 0.275 0.3203125 0.275 0.321875 0.2765625
1 0.8296875 0.3125 0.840625 0.3140625 0.8453125 0.3171875 0.8484375 0.340625 0.8359375 0.359375 0.8328125 0.36875 0.8265625 0.375 0.825 0.3828125 0.821875 0.3859375 0.8078125 0.378125 0.796875 0.378125 0.7859375 0.384375 0.7828125 0.38125 0.7796875 0.3703125 0.7796875 0.3578125 0.78125 0.3484375 0.7890625 0.340625 0.7921875 0.3328125 0.8046875 0.3171875 0.8109375 0.3125 0.828125 0.3125
4 0.334375 0.3171875 0.3375 0.3203125 0.3359375 0.3234375 0.3265625 0.321875 0.328125 0.3171875 0.3328125 0.3171875
4 0.26875 0.3234375 0.2765625 0.325 0.271875 0.33125 0.26875 0.325
4 0.8546875 0.3921875 0.85625 0.39375 0.8546875 0.3984375 0.8453125 0.3984375 0.840625 0.3953125 0.8421875 0.3921875 0.853125 0.3921875
4 0.2328125 0.48125 0.234375 0.4734375 0.2375 0.4734375 0.2359375 0.48125 0.234375 0.48125
4 0.79453125 0.36640625 0.0140625 0.00859375
4 0.8984375 0.3609375 0.90625 0.3625 0.9046875 0.3671875 0.9 0.3671875 0.8984375 0.3625