1 0.33125 0.2828125 0.3359375 0.284375 0.3453125 0.29375 0.3546875 0.309375 0.35625 0.334375 0.353125 0.3375 0.3359375 0.3375 0.3265625 0.3421875 0.3140625 0.3328125 0.3125 0.31875 0.30625 0.3078125 0.3046875 0.296875 0.3078125 0.2875 0.3125 0.2828125 0.3296875 0.2828125
1 0.265625 0.2796875 0.2703125 0.2828125 0.2859375 0.2828125 0.2953125 0.2890625 0.3109375 0.3203125 0.3109375 0.3421875 0.309375 0.34375 0.2875 0.3421875 0.2828125 0.346875 0.275 0.3484375 0.26875 0.3375 0.2578125 0.3359375 0.25625 0.3 0.259375 0.284375 0.2640625 0.28125
1 0.2109375 0.2546875 0.2140625 0.259375 0.2109375 0.29375 0.2 0.296875 0.1921875 0.290625 0.190625 0.2859375 0.190625 0.259375 0.1984375 0.2546875 0.209375 0.2546875
1 0.7796875 0.38125 0.78125 0.3828125 0.8 0.3828125 0.81875 0.4 0.8203125 0.4046875 0.8203125 0.4328125 0.81875 0.4453125 0.8140625 0.4578125 0.809375 0.4578125 0.8046875 0.453125 0.8 0.453125 0.7921875 0.4578125 0.7875 0.4625 0.784375 0.4765625 0.7796875 0.48125 0.771875 0.475 0.7625 0.4765625 0.7578125 0.4734375 0.728125 0.4703125 0.725 0.4640625 0.7234375 0.4515625 0.7265625 0.4328125 0.7515625 0.39375 0.7640625 0.3828125 0.778125 0.38125
1 0.95625 0.346875 0.959375 0.35 0.9609375 0.3625 0.965625 0.371875 0.965625 0.40625 0.9640625 0.4125 0.95625 0.4171875 0.953125 0.428125 0.9484375 0.428125 0.94375 0.4234375 0.9328125 0.421875 0.9109375 0.421875 0.9015625 0.425 0.9 0.4234375 0.9 0.3984375 0.90625 0.38125 0.9046875 0.36875 0.9125 0.365625 0.9171875 0.3546875 0.921875 0.35 0.9359375 0.3453125 0.953125 0.3453125 0.9546875 0.346875
1 0.896875 0.25 0.903125 0.253125 0.9078125 0.259375 0.9078125 0.2734375 0.9046875 0.2734375 0.9 0.28125 0.8859375 0.278125 0.884375 0.26875 0.8796875 0.2609375 0.88125 0.253125 0.8953125 0.25
1 0.2765625 0.26875 0.2796875 0.2671875 0.2953125 0.26875 0.3 0.271875 0.30625 0.2828125 0.303125 0.296875 0.3 0.296875 0.3 0.2921875 0.290625 0.2828125 0.2796875 0.278125 0.275 0.2796875 0.26875 0.2765625 0.2765625 0.2703125
1 0.2203125 0.2625 0.2375 0.2671875 0.240625 0.271875 0.2390625 0.28125 0.2328125 0.284375 0.228125 0.29375 0.228125 0.3109375 0.2234375 0.3109375 0.2171875 0.30625 0.2125 0.2984375 0.2140625 0.2703125 0.215625 0.2640625 0.21875 0.2625
1 0.81875 0.321875 0.825 0.325 0.828125 0.3390625 0.828125 0.3640625 0.8203125 0.3796875 0.8140625 0.3765625 0.80625 0.3765625 0.8 0.3796875 0.7984375 0.378125 0.7953125 0.3796875 0.775 0.378125 0.771875 0.3765625 0.771875 0.3671875 0.765625 0.3609375 0.7625 0.3609375 0.7578125 0.3546875 0.759375 0.3484375 0.7640625 0.3453125 0.771875 0.33125 0.778125 0.325 0.7953125 0.3203125 0.8171875 0.321875
1 0.8765625 0.253125 0.884375 0.26875 0.884375 0.28125 0.88125 0.2875 0.875 0.2875 0.871875 0.290625 0.865625 0.2875 0.853125 0.290625 0.8484375 0.2796875 0.8484375 0.265625 0.8515625 0.25625 0.85625 0.2515625 0.8734375 0.2515625 0.875 0.253125
1 0.26875 0.2609375 0.275 0.265625 0.275 0.26875 0.2671875 0.278125 0.2609375 0.28125 0.25625 0.28125 0.246875 0.2765625 0.2484375 0.2640625 0.2546875 0.259375 0.2671875 0.2609375
1 0.9625 0.29375 0.971875 0.2984375 0.975 0.3140625 0.9734375 0.3421875 0.9703125 0.34375 0.9671875 0.3421875 0.9625 0.3484375 0.959375 0.3484375 0.953125 0.3421875 0.9328125 0.3421875 0.9296875 0.3453125 0.9265625 0.3421875 0.928125 0.31875 0.9375 0.3 0.94375 0.2953125 0.9609375 0.29375
1 0.2546875 0.2828125 0.2578125 0.2875 0.2546875 0.2984375 0.2546875 0.3234375 0.2515625 0.3265625 0.2484375 0.325 0.240625 0.3265625 0.2375 0.321875 0.23125 0.31875 0.228125 0.3109375 0.228125 0.3015625 0.2296875 0.29375 0.2359375 0.284375 0.240625 0.28125 0.253125 0.2828125
5 0.4546875 0.328125 0.459375 0.3296875 0.465625 0.3390625 0.4765625 0.3390625 0.484375 0.3421875 0.490625 0.3484375 0.4921875 0.3578125 0.490625 0.38125 0.4875 0.3859375 0.4796875 0.3875 0.46875 0.4015625 0.459375 0.4078125 0.4515625 0.403125 0.446875 0.3921875 0.4296875 0.3921875 0.428125 0.390625 0.4 0.3921875 0.39375 0.403125 0.384375 0.403125 0.38125 0.4015625 0.3796875 0.39375 0.3703125 0.3828125 0.3703125 0.365625 0.375 0.3546875 0.3875 0.3484375 0.4 0.346875 0.421875 0.328125 0.434375 0.3265625 0.453125 0.328125
3 0.9484375 0.2703125 0.95 0.28125 0.946875 0.2859375 0.94375 0.2828125 0.94375 0.271875 0.946875 0.2703125
3 0.9875 0.275 0.99375 0.2765625 0.99375 0.2859375 0.9890625 0.2953125 0.9859375 0.2890625 0.9875 0.2765625
3 0.7421875 0.36875 0.7453125 0.3703125 0.74375 0.3796875 0.7484375 0.3859375 0.7484375 0.3953125 0.7421875 0.4109375 0.7375 0.4125 0.740625 0.3984375 0.740625 0.3703125
4 0.928125 0.403125 0.93125 0.4046875 0.93125 0.4109375 0.9171875 0.4109375 0.9140625 0.4078125 0.915625 0.403125 0.9265625 0.403125
4 0.7359375 0.45 0.7515625 0.453125 0.7515625 0.4609375 0.7421875 0.4609375 0.734375 0.45625 0.7359375 0.4515625