1 0.9609375 0.26796875 0.02890625 0.03046875
1 0.171875 0.2296875 0.175 0.234375 0.175 0.24375 0.171875 0.265625 0.16875 0.26875 0.1546875 0.2671875 0.153125 0.2328125 0.1609375 0.228125 0.1703125 0.2296875
1 0.9796875 0.25 0.9828125 0.253125 0.9828125 0.2578125 0.9875 0.2671875 0.9875 0.2765625 0.984375 0.278125 0.9765625 0.278125 0.9734375 0.2734375 0.9734375 0.2625 0.9703125 0.2578125 0.9703125 0.253125 0.9734375 0.25 0.978125 0.25
1 0.99453125 0.2640625 0.01015625 0.01953125
1 0.2375 0.2609375 0.2546875 0.265625 0.2625 0.2828125 0.2609375 0.2890625 0.2515625 0.290625 0.2484375 0.29375 0.240625 0.3171875 0.2375 0.3171875 0.228125 0.3078125 0.228125 0.2625 0.2359375 0.2609375
1 0.30625 0.271875 0.3109375 0.275 0.3171875 0.284375 0.325 0.3015625 0.325 0.31875 0.3234375 0.3203125 0.303125 0.3203125 0.296875 0.3234375 0.2828125 0.3046875 0.28125 0.2875 0.284375 0.2765625 0.2875 0.2734375 0.3046875 0.271875
1 0.9859375 0.296875 0.9890625 0.3 0.9921875 0.31875 0.990625 0.3421875 0.98125 0.3515625 0.975 0.346875 0.953125 0.346875 0.946875 0.35 0.9453125 0.3484375 0.9453125 0.3328125 0.9484375 0.3234375 0.9484375 0.3125 0.9578125 0.3 0.9640625 0.296875 0.984375 0.296875
1 0.1046875 0.6828125 0.1203125 0.69375 0.1359375 0.71875 0.1546875 0.7171875 0.1609375 0.728125 0.1671875 0.7578125 0.1671875 0.7828125 0.1640625 0.790625 0.1671875 0.8078125 0.165625 0.8484375 0.1546875 0.8625 0.1515625 0.871875 0.1390625 0.88125 0.1390625 0.903125 0.1359375 0.9078125 0.1359375 0.9171875 0.1296875 0.93125 0.1203125 0.940625 0.1109375 0.946875 0.096875 0.95 0.0890625 0.946875 0.08125 0.934375 0.075 0.93125 0.0390625 0.9484375 0.0046875 0.9734375 0 0.9734375 0 0.71875 0.0171875 0.709375 0.0265625 0.7078125 0.0296875 0.7046875 0.0578125 0.69375 0.0671875 0.6921875 0.0703125 0.6890625 0.0828125 0.6875 0.0921875 0.6828125 0.103125 0.6828125
1 0.2703125 0.2578125 0.2765625 0.259375 0.284375 0.2671875 0.2828125 0.28125 0.278125 0.2921875 0.275 0.2921875 0.265625 0.284375 0.25625 0.265625 0.2578125 0.259375 0.26875 0.2578125
1 0.1953125 0.2421875 0.2125 0.2453125 0.21875 0.2578125 0.2171875 0.2609375 0.2125 0.2609375 0.2078125 0.265625 0.2046875 0.2875 0.203125 0.2890625 0.196875 0.2859375 0.1921875 0.28125 0.19375 0.26875 0.1921875 0.2640625 0.1953125 0.24375
1 0.2171875 0.259375 0.228125 0.265625 0.2265625 0.26875 0.2265625 0.2875 0.228125 0.2890625 0.2265625 0.3 0.2203125 0.3015625 0.2125 0.3 0.2046875 0.290625 0.2046875 0.2640625 0.2078125 0.2609375 0.215625 0.259375
1 0.7953125 0.3703125 0.7984375 0.3484375 0.809375 0.3296875 0.815625 0.3234375 0.825 0.3203125 0.846875 0.321875 0.8515625 0.3265625 0.8578125 0.34375 0.85625 0.3703125 0.853125 0.3734375 0.8421875 0.371875 0.8359375 0.38125 0.83125 0.3828125 0.8265625 0.378125 0.796875 0.3796875 0.796875 0.371875
1 0.2234375 0.24375 0.23125 0.2515625 0.23125 0.2578125 0.228125 0.259375 0.2203125 0.2578125 0.2171875 0.2515625 0.215625 0.2453125 0.221875 0.24375
1 0.184375 0.2359375 0.1890625 0.2375 0.1921875 0.2421875 0.190625 0.278125 0.178125 0.278125 0.171875 0.271875 0.175 0.2421875 0.178125 0.2375 0.1828125 0.2359375
1 0.2578125 0.2484375 0.2609375 0.2546875 0.2546875 0.2625 0.240625 0.2609375 0.234375 0.2546875 0.2375 0.246875 0.2546875 0.246875 0.25625 0.2484375
1 0.9140625 0.325 0.9234375 0.346875 0.9234375 0.371875 0.921875 0.3796875 0.91875 0.3828125 0.9109375 0.3765625 0.9078125 0.3796875 0.9046875 0.3921875 0.9015625 0.3921875 0.89375 0.3859375 0.8734375 0.3859375 0.8640625 0.390625 0.8625 0.3890625 0.8625 0.359375 0.865625 0.35625 0.86875 0.34375 0.8734375 0.340625 0.8828125 0.3265625 0.890625 0.3234375 0.9109375 0.3234375 0.9125 0.325
1 0.2703125 0.2890625 0.275 0.29375 0.2875 0.3171875 0.2875 0.3359375 0.271875 0.3375 0.265625 0.340625 0.25625 0.340625 0.253125 0.3359375 0.2453125 0.33125 0.2453125 0.3078125 0.2515625 0.2921875 0.26875 0.2890625
3 0.640625 0.6859375 0.6421875 0.6875 0.6421875 0.703125 0.6453125 0.7125 0.64375 0.7140625 0.640625 0.7125 0.6375 0.7171875 0.6359375 0.7234375 0.6375 0.7359375 0.640625 0.7390625 0.6421875 0.7375 0.659375 0.7375 0.659375 0.7390625 0.6546875 0.7453125 0.64375 0.746875 0.6375 0.7546875 0.6375 0.7734375 0.640625 0.784375 0.640625 0.8 0.6375 0.8046875 0.6328125 0.809375 0.6234375 0.803125 0.6171875 0.7875 0.615625 0.7625 0.61875 0.7484375 0.628125 0.740625 0.6234375 0.734375 0.61875 0.7328125 0.61875 0.7296875 0.628125 0.7234375 0.628125 0.7125 0.625 0.7078125 0.628125 0.6890625 0.63125 0.6890625 0.6328125 0.6953125 0.6375 0.6984375 0.6390625 0.6875
3 0.5078125 0.64375 0.5171875 0.653125 0.51875 0.696875 0.5109375 0.7015625 0.509375 0.7203125 0.5046875 0.728125 0.5015625 0.7265625 0.4984375 0.7203125 0.4953125 0.70625 0.4859375 0.6890625 0.475 0.6859375 0.4734375 0.6734375 0.4765625 0.6640625 0.4875 0.6515625 0.490625 0.653125 0.49375 0.6484375 0.5015625 0.64375 0.50625 0.64375
3 0.5828125 0.31875 0.5875 0.321875 0.5875 0.33125 0.5953125 0.340625 0.59375 0.35 0.56875 0.353125 0.565625 0.346875 0.565625 0.328125 0.5703125 0.328125 0.575 0.3328125 0.578125 0.3328125 0.5828125 0.3203125
4 0.6984375 0.803125 0.709375 0.803125 0.7125 0.809375 0.7109375 0.8203125 0.703125 0.821875 0.6984375 0.8046875
4 0.3203125 0.3109375 0.3203125 0.315625 0.3140625 0.3171875 0.3109375 0.3140625 0.3140625 0.3109375 0.31875 0.3109375
4 0.3171875 0.3140625 0.00859375 0.00703125
4 0.8140625 0.3640625 0.815625 0.3671875 0.8140625 0.3703125 0.8046875 0.3703125 0.803125 0.3671875 0.8046875 0.3640625 0.8125 0.3640625
4 0.9671875 0.3375 0.96875 0.3390625 0.9671875 0.3421875 0.95625 0.340625 0.9578125 0.3375 0.965625 0.3375
4 0.51171875 0.68046875 0.01171875 0.01953125
4 0.871875 0.3734375 0.8859375 0.3734375 0.8859375 0.378125 0.8734375 0.378125 0.871875 0.375