2 0.8625 0.36328125 0.0796875 0.10078125
1 0.9046875 0.253125 0.9109375 0.26875 0.9109375 0.28125 0.8984375 0.2859375 0.8859375 0.2828125 0.8859375 0.26875 0.88125 0.2625 0.8796875 0.2546875 0.8859375 0.25 0.9 0.25 0.903125 0.253125
1 0.9671875 0.278125 0.9671875 0.26875 0.9703125 0.259375 0.975 0.2546875 0.9828125 0.2546875 0.9859375 0.2578125 0.9875 0.275 0.984375 0.278125 0.96875 0.278125
1 0.978125 0.3328125 0.990625 0.334375 0.9953125 0.3390625 0.9984375 0.346875 0.9984375 0.3890625 0.990625 0.3921875 0.9859375 0.396875 0.984375 0.40625 0.978125 0.40625 0.975 0.4015625 0.9625 0.4 0.959375 0.4015625 0.946875 0.4 0.9328125 0.403125 0.93125 0.3984375 0.9328125 0.378125 0.9484375 0.34375 0.9609375 0.334375 0.9765625 0.3328125
1 0.38125 0.325 0.3953125 0.334375 0.396875 0.340625 0.4109375 0.3640625 0.4109375 0.3859375 0.4078125 0.3921875 0.4015625 0.390625 0.3796875 0.3921875 0.3765625 0.3953125 0.371875 0.39375 0.3671875 0.3828125 0.359375 0.3796875 0.3546875 0.38125 0.3515625 0.3796875 0.3484375 0.3703125 0.3484375 0.359375 0.35 0.3453125 0.3546875 0.3375 0.35625 0.3296875 0.3625 0.325 0.3796875 0.325
1 0.734375 0.30625 0.7421875 0.309375 0.7578125 0.325 0.759375 0.34375 0.7546875 0.3515625 0.7328125 0.35 0.725 0.3578125 0.7203125 0.3578125 0.7171875 0.3546875 0.6984375 0.35625 0.6921875 0.34375 0.6921875 0.3296875 0.69375 0.321875 0.703125 0.3078125 0.7171875 0.3046875 0.7328125 0.30625
1 0.15 0.2171875 0.159375 0.21875 0.165625 0.234375 0.1640625 0.2484375 0.153125 0.2484375 0.15 0.24375 0.15 0.225 0.1484375 0.2234375 0.15 0.21875
1 0.95234375 0.32890625 0.04140625 0.0546875
1 0.203125 0.2546875 0.209375 0.259375 0.215625 0.26875 0.2171875 0.2859375 0.2125 0.290625 0.1921875 0.290625 0.1828125 0.2828125 0.1828125 0.2671875 0.18125 0.265625 0.1828125 0.2578125 0.1859375 0.2546875 0.1890625 0.25625 0.1953125 0.253125 0.2015625 0.2546875
1 0.54375 0.3734375 0.5734375 0.3875 0.584375 0.4 0.5859375 0.4046875 0.5953125 0.4125 0.596875 0.421875 0.6125 0.4359375 0.6171875 0.43125 0.615625 0.4453125 0.6203125 0.45625 0.6203125 0.48125 0.6125 0.49375 0.6109375 0.5015625 0.603125 0.5046875 0.5953125 0.496875 0.5890625 0.4953125 0.575 0.496875 0.5671875 0.5109375 0.5625 0.5125 0.5578125 0.5109375 0.5546875 0.50625 0.546875 0.4828125 0.525 0.471875 0.51875 0.471875 0.5125 0.478125 0.5078125 0.4765625 0.5046875 0.4703125 0.503125 0.4546875 0.496875 0.4390625 0.4984375 0.4046875 0.503125 0.396875 0.5078125 0.3796875 0.515625 0.375 0.5421875 0.3734375
1 0.8953125 0.3171875 0.9015625 0.315625 0.9265625 0.3171875 0.9296875 0.3203125 0.93125 0.3328125 0.93125 0.3671875 0.928125 0.3703125 0.9234375 0.3703125 0.915625 0.3796875 0.909375 0.3765625 0.8984375 0.3765625 0.8984375 0.3375 0.8953125 0.31875
1 0.875 0.2515625 0.884375 0.2671875 0.884375 0.2859375 0.8828125 0.2875 0.8765625 0.2859375 0.871875 0.290625 0.86875 0.290625 0.8671875 0.2875 0.859375 0.2890625 0.8515625 0.2875 0.8484375 0.2765625 0.8484375 0.2640625 0.853125 0.253125 0.8734375 0.2515625
1 0.9875 0.290625 0.990625 0.3 0.9875 0.30625 0.978125 0.309375 0.975 0.309375 0.9671875 0.303125 0.959375 0.303125 0.9546875 0.3 0.9640625 0.2890625 0.984375 0.2890625 0.9859375 0.290625
4 0.703125 0.3234375 0.7046875 0.3296875 0.7015625 0.3328125 0.6984375 0.33125 0.7015625 0.325
4 0.94375 0.3875 0.959375 0.3875 0.959375 0.3921875 0.946875 0.3921875 0.9453125 0.3890625
4 0.828125 0.396875 0.8421875 0.396875 0.840625 0.403125 0.8328125 0.403125 0.828125 0.3984375
4 0.609375 0.4734375 0.609375 0.4796875 0.6015625 0.4828125 0.596875 0.4828125 0.5953125 0.4765625 0.6 0.4734375 0.6078125 0.4734375