2 0.259375 0.265625 0.0453125 0.053125
1 0.959375 0.8578125 0.9890625 0.8640625 0.9984375 0.86875 0.9984375 0.996875 0.9953125 0.9984375 0.9640625 0.9984375 0.9625 0.996875 0.95625 0.9984375 0.9265625 0.9984375 0.925 0.996875 0.9234375 0.9984375 0.9171875 0.996875 0.871875 0.9984375 0.8703125 0.9953125 0.8671875 0.9765625 0.865625 0.9125 0.878125 0.8875 0.8890625 0.875 0.91875 0.859375 0.9578125 0.8578125
1 0.8359375 0.3109375 0.8390625 0.3125 0.8421875 0.321875 0.853125 0.3296875 0.853125 0.340625 0.8484375 0.365625 0.8453125 0.3734375 0.8390625 0.3734375 0.834375 0.36875 0.8296875 0.371875 0.825 0.371875 0.815625 0.3875 0.8125 0.3875 0.8046875 0.378125 0.7859375 0.378125 0.778125 0.3859375 0.775 0.3828125 0.7734375 0.375 0.7734375 0.359375 0.7796875 0.3390625 0.7984375 0.3140625 0.80625 0.309375 0.834375 0.3109375
3 0.853125 0.3734375 0.85625 0.3734375 0.8625 0.3796875 0.8640625 0.3953125 0.86875 0.4 0.86875 0.4234375 0.865625 0.4234375 0.8625 0.4171875 0.846875 0.4234375 0.8453125 0.4140625 0.8484375 0.4 0.8484375 0.3875 0.853125 0.375
3 0.940625 0.26875 0.9453125 0.26875 0.94375 0.28125 0.940625 0.28125 0.940625 0.2703125
3 0.7234375 0.3578125 0.728125 0.359375 0.734375 0.3671875 0.7375 0.3890625 0.7375 0.3953125 0.734375 0.4015625 0.7265625 0.4109375 0.725 0.4078125 0.7234375 0.3796875 0.7265625 0.3671875 0.7234375 0.359375
3 0.7625 0.3234375 0.765625 0.321875 0.7734375 0.3234375 0.778125 0.334375 0.7734375 0.3546875 0.765625 0.3625 0.7625 0.3625 0.7625 0.3375 0.7640625 0.3359375 0.7625 0.325
4 0.8640625 0.2734375 0.865625 0.278125 0.8515625 0.2765625 0.8546875 0.2734375 0.8625 0.2734375
4 0.8765625 0.3734375 0.8890625 0.3734375 0.8890625 0.378125 0.8859375 0.3796875 0.878125 0.3796875 0.8765625 0.375
4 0.7859375 0.3609375 0.79375 0.3625 0.79375 0.3671875 0.7828125 0.3671875 0.7828125 0.3625 0.784375 0.3625
4 0.95625 0.3796875 0.9734375 0.3796875 0.9734375 0.3859375 0.9578125 0.3859375 0.95625 0.38125
4 0.8515625 0.26875 0.8609375 0.26875 0.8640625 0.271875 0.8640625 0.275 0.8609375 0.2765625 0.853125 0.2765625 0.8515625 0.2703125
4 0.853125 0.271875 0.8578125 0.2734375 0.859375 0.2765625 0.8515625 0.2765625 0.8515625 0.2734375
4 0.26875 0.321875 0.278125 0.321875 0.2765625 0.3265625 0.2703125 0.3265625 0.26875 0.3234375