1 0.746875 0.2546875 0.759375 0.2546875 0.76875 0.2640625 0.7703125 0.26875 0.76875 0.2875 0.759375 0.2953125 0.753125 0.2921875 0.746875 0.2921875 0.7421875 0.2859375 0.7421875 0.278125 0.7390625 0.2703125 0.74375 0.2578125 0.746875 0.25625
1 0.1671875 0.353125 0.1734375 0.3640625 0.1828125 0.3734375 0.1828125 0.38125 0.1890625 0.3953125 0.1890625 0.41875 0.1875 0.421875 0.1515625 0.4234375 0.1453125 0.428125 0.140625 0.4265625 0.1375 0.415625 0.134375 0.4125 0.125 0.4140625 0.1203125 0.409375 0.11875 0.365625 0.1234375 0.3609375 0.1265625 0.3515625 0.13125 0.3484375 0.1578125 0.3484375 0.165625 0.353125
1 0.8140625 0.825 0.8359375 0.834375 0.8703125 0.8546875 0.871875 0.8578125 0.8953125 0.8734375 0.9015625 0.875 0.934375 0.903125 0.9375 0.903125 0.9453125 0.909375 0.975 0.94375 0.9984375 0.975 0.9984375 0.996875 0.99375 0.9984375 0.9921875 0.996875 0.846875 0.9984375 0.840625 0.9953125 0.834375 0.9984375 0.8328125 0.996875 0.7265625 0.9984375 0.725 0.9828125 0.728125 0.975 0.7296875 0.953125 0.7359375 0.928125 0.74375 0.915625 0.753125 0.8796875 0.7625 0.8546875 0.78125 0.8328125 0.7984375 0.825 0.8125 0.825
1 0.7859375 0.246875 0.7890625 0.2578125 0.7890625 0.271875 0.7875 0.2765625 0.7796875 0.2828125 0.771875 0.2828125 0.7703125 0.26875 0.765625 0.265625 0.7625 0.259375 0.7625 0.2515625 0.7703125 0.24375 0.78125 0.24375 0.784375 0.246875
1 0.8046875 0.265625 0.803125 0.2640625 0.8 0.265625 0.796875 0.271875 0.790625 0.275 0.7875 0.2484375 0.7796875 0.24375 0.7703125 0.2453125 0.7734375 0.2421875 0.7734375 0.234375 0.7765625 0.23125 0.8 0.2296875 0.8015625 0.25625 0.80625 0.2609375 0.8046875 0.2640625
1 0.7328125 0.2671875 0.7375 0.26875 0.740625 0.278125 0.740625 0.303125 0.73125 0.303125 0.7265625 0.309375 0.709375 0.3046875 0.7078125 0.28125 0.715625 0.26875 0.73125 0.2671875
1 0.0546875 0.3140625 0.0578125 0.3125 0.084375 0.3140625 0.0984375 0.3296875 0.0984375 0.3359375 0.103125 0.346875 0.103125 0.3671875 0.1 0.3703125 0.0921875 0.3671875 0.08125 0.3671875 0.078125 0.3703125 0.0703125 0.3671875 0.065625 0.3703125 0.059375 0.3609375 0.0546875 0.3625 0.0515625 0.359375 0.05 0.353125 0.05 0.3296875 0.0546875 0.315625
1 0.4375 0.44375 0.4515625 0.45 0.4640625 0.459375 0.475 0.4734375 0.478125 0.48125 0.4875 0.4875 0.4859375 0.496875 0.5015625 0.521875 0.503125 0.5453125 0.50625 0.553125 0.5046875 0.5625 0.4984375 0.571875 0.4875 0.5765625 0.4765625 0.578125 0.46875 0.5828125 0.4546875 0.584375 0.4484375 0.5921875 0.44375 0.5921875 0.440625 0.5890625 0.4359375 0.578125 0.4359375 0.571875 0.43125 0.565625 0.421875 0.5609375 0.40625 0.5484375 0.4015625 0.5484375 0.396875 0.553125 0.3921875 0.5515625 0.3890625 0.5453125 0.3859375 0.525 0.3859375 0.5 0.3890625 0.4921875 0.390625 0.471875 0.3953125 0.4578125 0.403125 0.45 0.428125 0.44375 0.4359375 0.44375
1 0.5515625 0.56875 0.571875 0.575 0.575 0.578125 0.5921875 0.584375 0.59375 0.5875 0.6078125 0.59375 0.61875 0.6046875 0.6296875 0.628125 0.6359375 0.634375 0.6375 0.6328125 0.640625 0.634375 0.640625 0.653125 0.6453125 0.665625 0.659375 0.675 0.671875 0.6890625 0.675 0.6984375 0.678125 0.7453125 0.671875 0.7578125 0.65625 0.7671875 0.6546875 0.7703125 0.6484375 0.771875 0.6375 0.78125 0.625 0.7859375 0.61875 0.7859375 0.6109375 0.7953125 0.6078125 0.7953125 0.5984375 0.7875 0.584375 0.759375 0.559375 0.740625 0.546875 0.728125 0.525 0.7140625 0.51875 0.71875 0.5109375 0.7171875 0.50625 0.7109375 0.503125 0.6984375 0.4984375 0.690625 0.4984375 0.659375 0.5 0.6578125 0.5015625 0.6234375 0.5046875 0.6078125 0.5109375 0.59375 0.5109375 0.5828125 0.51875 0.575 0.5359375 0.56875 0.55 0.56875
1 0.6953125 0.275 0.70625 0.2875 0.70625 0.3109375 0.703125 0.3203125 0.7015625 0.321875 0.6984375 0.3171875 0.69375 0.31875 0.6890625 0.3234375 0.6890625 0.328125 0.6859375 0.3328125 0.6796875 0.3328125 0.66875 0.3265625 0.6609375 0.33125 0.65625 0.33125 0.6546875 0.3109375 0.65625 0.303125 0.6703125 0.278125 0.6765625 0.275 0.69375 0.275
3 0.1 0.284375 0.1015625 0.2859375 0.1015625 0.30625 0.1 0.3078125 0.09375 0.3015625 0.09375 0.2875 0.0984375 0.284375
3 0.559375 0.3421875 0.5625 0.3421875 0.5703125 0.35 0.571875 0.35625 0.5796875 0.3640625 0.5796875 0.384375 0.58125 0.3859375 0.5765625 0.3953125 0.571875 0.3953125 0.5703125 0.3921875 0.5671875 0.3921875 0.5625 0.3984375 0.559375 0.4 0.55625 0.3984375 0.55625 0.3828125 0.559375 0.375 0.5609375 0.359375 0.559375 0.34375
4 0.665625 0.31875 0.671875 0.31875 0.6734375 0.321875 0.6640625 0.3234375 0.665625 0.3203125
4 0.6703125 0.315625 0.6734375 0.3171875 0.6703125 0.3234375 0.665625 0.3234375 0.6625 0.3203125 0.6640625 0.3171875 0.66875 0.315625
4 0.6703125 0.7328125 0.671875 0.734375 0.6703125 0.746875 0.6546875 0.75625 0.6515625 0.7546875 0.653125 0.74375 0.66875 0.734375
4 0.178125 0.4078125 0.1765625 0.4125 0.1703125 0.4140625 0.1640625 0.4125 0.1640625 0.409375 0.1765625 0.4078125
4 0.4875 0.55859375 0.02109375 0.01484375
4 0.0828125 0.359375 0.08125 0.35625 0.0828125 0.3546875 0.0921875 0.35625 0.084375 0.359375
5 0.81875 0.246875 0.8171875 0.2390625 0.8125 0.23125 0.815625 0.2125 0.81875 0.209375 0.8296875 0.2078125 0.8390625 0.203125 0.84375 0.203125 0.85 0.2125 0.846875 0.2453125 0.8359375 0.2546875 0.8328125 0.2546875 0.825 0.2453125 0.8203125 0.246875
5 0.6953125 0.275 0.70625 0.2875 0.70625 0.3109375 0.7046875 0.31875 0.7015625 0.321875 0.696875 0.31875 0.6921875 0.3203125 0.6859375 0.3328125 0.6796875 0.3328125 0.6671875 0.3265625 0.6578125 0.33125 0.6546875 0.3203125 0.6546875 0.3109375 0.65625 0.303125 0.6703125 0.278125 0.6765625 0.275 0.69375 0.275