5 0.959375 0.275 0.9640625 0.278125 0.975 0.2796875 0.98125 0.2828125 0.9828125 0.2859375 0.975 0.3859375 0.971875 0.390625 0.965625 0.390625 0.9609375 0.396875 0.9625 0.4078125 0.9578125 0.4140625 0.9578125 0.43125 0.9546875 0.440625 0.9484375 0.4453125 0.934375 0.4375 0.9265625 0.4390625 0.9203125 0.446875 0.91875 0.4625 0.9125 0.478125 0.903125 0.4765625 0.9 0.4640625 0.896875 0.4609375 0.8921875 0.4609375 0.8875 0.4578125 0.8671875 0.45625 0.8609375 0.453125 0.85625 0.4546875 0.8546875 0.4625 0.85 0.4703125 0.84375 0.4671875 0.840625 0.4484375 0.8375 0.446875 0.834375 0.440625 0.8359375 0.403125 0.8375 0.4015625 0.8359375 0.3984375 0.8421875 0.353125 0.846875 0.3390625 0.8578125 0.328125 0.859375 0.309375 0.8625 0.3 0.878125 0.296875 0.890625 0.2890625 0.9 0.2875 0.903125 0.284375 0.9203125 0.278125 0.934375 0.275 0.9578125 0.275
5 0.85 0.290625 0.8484375 0.265625 0.8515625 0.2546875 0.8578125 0.2515625 0.875 0.2515625 0.878125 0.2546875 0.884375 0.2671875 0.884375 0.2859375 0.878125 0.2921875 0.8515625 0.290625
1 0.459375 0.55 0.471875 0.559375 0.4828125 0.5921875 0.4875 0.6234375 0.4875 0.646875 0.484375 0.653125 0.484375 0.665625 0.48125 0.678125 0.475 0.6875 0.4671875 0.6875 0.4640625 0.6796875 0.4609375 0.6765625 0.45625 0.6765625 0.4046875 0.7109375 0.39375 0.721875 0.38125 0.7484375 0.375 0.753125 0.3703125 0.753125 0.3625 0.746875 0.359375 0.7484375 0.346875 0.746875 0.3125 0.721875 0.3109375 0.71875 0.3109375 0.6734375 0.315625 0.665625 0.31875 0.6484375 0.340625 0.621875 0.3453125 0.6109375 0.3453125 0.6046875 0.35 0.603125 0.35625 0.596875 0.3578125 0.5921875 0.3609375 0.590625 0.3671875 0.5796875 0.378125 0.5671875 0.3984375 0.5546875 0.421875 0.546875 0.44375 0.5453125 0.4578125 0.55
1 0.6921875 0.428125 0.69375 0.4296875 0.709375 0.4296875 0.71875 0.434375 0.73125 0.45625 0.7328125 0.484375 0.73125 0.4921875 0.7265625 0.4984375 0.725 0.5171875 0.721875 0.525 0.71875 0.528125 0.7125 0.528125 0.70625 0.5171875 0.6953125 0.5265625 0.6921875 0.5265625 0.684375 0.534375 0.6796875 0.5546875 0.6765625 0.5609375 0.6734375 0.5625 0.6671875 0.5609375 0.6625 0.5515625 0.646875 0.5515625 0.6421875 0.5484375 0.6203125 0.546875 0.6109375 0.5359375 0.6109375 0.51875 0.6171875 0.5015625 0.6328125 0.4859375 0.634375 0.4734375 0.6421875 0.4671875 0.6484375 0.4546875 0.6671875 0.434375 0.68125 0.4265625 0.690625 0.428125
1 0.3203125 0.3125 0.328125 0.31875 0.3328125 0.328125 0.3390625 0.334375 0.340625 0.3625 0.3390625 0.365625 0.315625 0.365625 0.3140625 0.3671875 0.3046875 0.3671875 0.2984375 0.35625 0.290625 0.35625 0.2875 0.3421875 0.2890625 0.340625 0.2890625 0.325 0.2921875 0.3171875 0.296875 0.3125 0.30625 0.3109375 0.31875 0.3125
1 0.2890625 0.2671875 0.2984375 0.2828125 0.2953125 0.2921875 0.29375 0.3109375 0.2875 0.3109375 0.284375 0.2984375 0.278125 0.290625 0.271875 0.2875 0.2578125 0.2859375 0.2578125 0.275 0.2640625 0.2640625 0.284375 0.2640625 0.2875 0.2671875
1 0.2109375 0.25 0.221875 0.25625 0.225 0.2640625 0.225 0.271875 0.2203125 0.278125 0.2171875 0.29375 0.209375 0.2953125 0.20625 0.2984375 0.203125 0.2984375 0.196875 0.290625 0.1953125 0.2671875 0.1984375 0.253125 0.2015625 0.25 0.209375 0.25
1 0.24375 0.275 0.2515625 0.2796875 0.253125 0.290625 0.2484375 0.3 0.246875 0.3140625 0.2359375 0.3171875 0.2203125 0.3078125 0.21875 0.2890625 0.2203125 0.28125 0.225 0.275 0.2421875 0.275
1 0.2546875 0.2890625 0.271875 0.2890625 0.275 0.2921875 0.2703125 0.3078125 0.271875 0.3328125 0.26875 0.3375 0.259375 0.3375 0.25625 0.3328125 0.25 0.33125 0.2484375 0.315625 0.25 0.2984375 0.2546875 0.290625
1 0.2375 0.2453125 0.24375 0.2484375 0.2515625 0.2484375 0.259375 0.2546875 0.2609375 0.2671875 0.2546875 0.2796875 0.24375 0.2734375 0.23125 0.2734375 0.228125 0.2703125 0.2296875 0.25 0.2359375 0.246875
1 0.99375 0.26875 0.9984375 0.2671875 0.9984375 0.3203125 0.996875 0.321875 0.984375 0.3203125 0.984375 0.2875 0.9890625 0.275 0.99375 0.2703125
1 0.3171875 0.2828125 0.3234375 0.284375 0.3328125 0.2921875 0.340625 0.3078125 0.3421875 0.321875 0.3390625 0.328125 0.3359375 0.328125 0.321875 0.3109375 0.3171875 0.309375 0.2984375 0.3109375 0.2953125 0.3078125 0.2984375 0.2875 0.3046875 0.2828125 0.315625 0.2828125
1 0.896875 0.25 0.9046875 0.253125 0.9109375 0.26875 0.9109375 0.278125 0.8984375 0.2859375 0.890625 0.2875 0.884375 0.2859375 0.8859375 0.271875 0.8796875 0.2578125 0.8828125 0.2515625 0.8953125 0.25
1 0.834375 0.353125 0.8375 0.3734375 0.834375 0.396875 0.8359375 0.4046875 0.83125 0.4328125 0.828125 0.434375 0.8203125 0.4296875 0.8109375 0.43125 0.8 0.428125 0.7859375 0.428125 0.784375 0.43125 0.78125 0.43125 0.778125 0.4203125 0.778125 0.4 0.7828125 0.3890625 0.7875 0.384375 0.7890625 0.3765625 0.7953125 0.371875 0.803125 0.359375 0.8125 0.353125 0.8328125 0.353125
3 0.846875 0.2921875 0.8484375 0.30625 0.84375 0.3109375 0.8390625 0.3109375 0.8390625 0.29375 0.8453125 0.2921875
3 0.2859375 0.3171875 0.2875 0.340625 0.28125 0.3515625 0.271875 0.3484375 0.2703125 0.3453125 0.2734375 0.328125 0.284375 0.3171875
3 0.703125 0.3171875 0.70625 0.3234375 0.715625 0.321875 0.7171875 0.34375 0.7140625 0.346875 0.709375 0.3453125 0.7046875 0.3484375 0.7 0.3484375 0.6984375 0.3390625 0.7015625 0.31875
4 0.859375 0.446875 0.86875 0.446875 0.875 0.45 0.8734375 0.4546875 0.8671875 0.4546875 0.8609375 0.453125 0.859375 0.4484375
4 0.3171875 0.7046875 0.3203125 0.7046875 0.3328125 0.7140625 0.3359375 0.7203125 0.3359375 0.7234375 0.328125 0.7234375 0.3234375 0.7203125 0.3171875 0.7109375 0.3171875 0.70625
4 0.33125 0.3515625 0.3296875 0.3578125 0.321875 0.35625 0.321875 0.353125 0.3296875 0.3515625
4 0.7875 0.4171875 0.8 0.41875 0.8 0.4234375 0.7890625 0.4234375 0.7875 0.41875
4 0.99375 0.3046875 0.9984375 0.3046875 0.9984375 0.3125 0.99375 0.3109375 0.99375 0.30625
4 0.6234375 0.534375 0.6328125 0.534375 0.640625 0.5421875 0.634375 0.5453125 0.6265625 0.5421875 0.6234375 0.5359375