2 0.28515625 0.4375 0.12890625 0.11875
1 0.1046875 0.259375 0.1171875 0.2578125 0.125 0.259375 0.128125 0.265625 0.1265625 0.2734375 0.11875 0.2859375 0.1015625 0.2859375 0.0984375 0.278125 0.0984375 0.2703125 0.1046875 0.2609375
1 0.83515625 0.30703125 0.0359375 0.0453125
1 0.07421875 0.33359375 0.05546875 0.05703125
1 0.7484375 0.2796875 0.75625 0.29375 0.7578125 0.3109375 0.7421875 0.3296875 0.7390625 0.3375 0.7359375 0.3390625 0.7328125 0.3359375 0.7234375 0.334375 0.7078125 0.3375 0.7046875 0.3203125 0.7078125 0.3078125 0.7140625 0.296875 0.7140625 0.2921875 0.7234375 0.2796875 0.728125 0.278125 0.7453125 0.278125 0.746875 0.2796875
1 0.7078125 0.7078125 0.7234375 0.7125 0.7328125 0.71875 0.7703125 0.734375 0.784375 0.74375 0.8 0.75 0.8453125 0.7796875 0.8765625 0.809375 0.903125 0.8421875 0.90625 0.8375 0.9109375 0.8390625 0.9140625 0.8484375 0.9140625 0.8578125 0.9296875 0.88125 0.95 0.903125 0.9984375 0.9453125 0.9984375 0.9828125 0.9953125 0.984375 0.9984375 0.9875 0.9984375 0.9921875 0.99375 0.996875 0.9890625 0.9953125 0.9875 0.996875 0.909375 0.996875 0.9078125 0.9984375 0.9015625 0.996875 0.896875 0.9984375 0.8953125 0.996875 0.890625 0.9984375 0.81875 0.9984375 0.8171875 0.996875 0.8140625 0.9984375 0.8109375 0.996875 0.7609375 0.9984375 0.753125 0.996875 0.7453125 0.9921875 0.73125 0.978125 0.709375 0.9625 0.703125 0.9640625 0.7015625 0.9703125 0.6921875 0.984375 0.684375 0.9890625 0.675 0.9859375 0.6609375 0.9734375 0.6546875 0.9625 0.6515625 0.9484375 0.6484375 0.946875 0.6453125 0.9140625 0.634375 0.9015625 0.6234375 0.8765625 0.6203125 0.859375 0.6203125 0.8359375 0.628125 0.815625 0.628125 0.796875 0.63125 0.790625 0.63125 0.784375 0.6453125 0.7546875 0.6609375 0.740625 0.665625 0.7296875 0.684375 0.7125 0.6953125 0.7078125 0.70625 0.7078125
1 0.784375 0.31875 0.7953125 0.328125 0.80625 0.3421875 0.80625 0.365625 0.803125 0.375 0.7953125 0.3734375 0.7859375 0.375 0.7796875 0.3875 0.7734375 0.3875 0.7625 0.378125 0.75 0.378125 0.7453125 0.3828125 0.7375 0.3828125 0.7359375 0.3453125 0.7546875 0.3171875 0.7828125 0.31875
1 0.1578125 0.3375 0.165625 0.340625 0.1765625 0.35 0.18125 0.365625 0.1890625 0.375 0.1953125 0.396875 0.1953125 0.4078125 0.1921875 0.4203125 0.1875 0.4203125 0.1796875 0.4140625 0.15625 0.4171875 0.14375 0.4140625 0.1390625 0.4109375 0.1265625 0.3890625 0.1125 0.3765625 0.1140625 0.35625 0.1234375 0.3375 0.1328125 0.3375 0.1359375 0.334375 0.146875 0.334375 0.15625 0.3375
1 0.6953125 0.2796875 0.7015625 0.29375 0.703125 0.3046875 0.7015625 0.3234375 0.6984375 0.325 0.6921875 0.3234375 0.684375 0.334375 0.678125 0.33125 0.6671875 0.33125 0.6625 0.328125 0.65625 0.328125 0.6546875 0.325 0.65625 0.3078125 0.6625 0.29375 0.6734375 0.2796875 0.69375 0.2796875
1 0 0.278125 0.0125 0.278125 0.01875 0.284375 0.025 0.29375 0.0296875 0.3109375 0.028125 0.3265625 0.0109375 0.3265625 0 0.315625 0 0.2796875
1 0.121875 0.3875 0.13125 0.4 0.146875 0.428125 0.15 0.4421875 0.15 0.4546875 0.146875 0.4671875 0.1421875 0.46875 0.134375 0.4640625 0.1171875 0.4671875 0.1015625 0.4671875 0.0921875 0.475 0.0875 0.4703125 0.0859375 0.4609375 0.0734375 0.4515625 0.06875 0.453125 0.0640625 0.446875 0.0625 0.4078125 0.065625 0.39375 0.075 0.384375 0.090625 0.38125 0.1109375 0.38125 0.1203125 0.3875
1 0.2546875 0.4625 0.2625 0.4671875 0.2703125 0.46875 0.2890625 0.4875 0.2953125 0.5015625 0.2984375 0.5046875 0.303125 0.5046875 0.303125 0.51875 0.3171875 0.534375 0.3234375 0.55625 0.321875 0.578125 0.3171875 0.5921875 0.303125 0.5921875 0.2859375 0.5984375 0.265625 0.6015625 0.2609375 0.6109375 0.25625 0.6109375 0.253125 0.6078125 0.2484375 0.5875 0.23125 0.5703125 0.2234375 0.565625 0.21875 0.5671875 0.2171875 0.5703125 0.2125 0.571875 0.209375 0.5703125 0.2046875 0.5578125 0.2015625 0.528125 0.2015625 0.5046875 0.209375 0.4921875 0.215625 0.4703125 0.2328125 0.4625 0.253125 0.4625
1 0 0.31875 0.0078125 0.3234375 0.0125 0.3296875 0.0203125 0.3484375 0.021875 0.3578125 0.0203125 0.371875 0 0.3703125 0 0.3203125
3 0.4109375 0.3515625 0.4140625 0.3546875 0.4125 0.3578125 0.4140625 0.36875 0.421875 0.371875 0.428125 0.365625 0.4328125 0.3671875 0.43125 0.396875 0.4265625 0.4 0.4171875 0.390625 0.4140625 0.390625 0.4109375 0.3953125 0.40625 0.39375 0.4046875 0.3796875 0.409375 0.353125
3 0.1484375 0.2890625 0.15625 0.2890625 0.15625 0.309375 0.1484375 0.30625 0.146875 0.296875 0.1484375 0.290625
3 0.1703125 0.2859375 0.1765625 0.2875 0.178125 0.2921875 0.178125 0.3046875 0.171875 0.30625 0.16875 0.2984375 0.1703125 0.2875
3 0.196875 0.3375 0.2 0.365625 0.2 0.38125 0.1984375 0.3828125 0.1953125 0.3828125 0.1875 0.3734375 0.18125 0.359375 0.1875 0.3390625 0.1921875 0.3359375 0.1953125 0.3375
3 0.1296875 0.2875 0.1328125 0.290625 0.1328125 0.30625 0.1265625 0.30625 0.125 0.303125 0.1234375 0.2921875 0.128125 0.2875
4 0.08515625 0.3484375 0.01640625 0.00859375
4 0.1828125 0.396875 0.184375 0.4015625 0.18125 0.403125 0.16875 0.4015625 0.1734375 0.396875 0.18125 0.396875
4 0.165625 0.40625 0.1671875 0.4 0.1765625 0.396875 0.1828125 0.3984375 0.1828125 0.403125 0.178125 0.40625 0.1671875 0.40625
4 0.68125 0.315625 0.6828125 0.3171875 0.68125 0.3234375 0.671875 0.321875 0.6734375 0.3171875 0.6796875 0.3171875
4 0.12890625 0.45078125 0.02109375 0.0109375
4 0.4296875 0.3765625 0.4328125 0.378125 0.4328125 0.3828125 0.4296875 0.3828125 0.4296875 0.378125
4 0.1734375 0.40390625 0.01953125 0.01015625
4 0.3359375 0.4828125 0.3375 0.4921875 0.328125 0.4953125 0.3234375 0.4921875 0.3234375 0.4890625 0.328125 0.484375 0.334375 0.4828125
4 0.3125 0.571875 0.3125 0.578125 0.3 0.584375 0.29375 0.5828125 0.2953125 0.575 0.3109375 0.571875
4 0.090625 0.3453125 0.0921875 0.346875 0.090625 0.3515625 0.0796875 0.3515625 0.078125 0.3484375 0.0890625 0.346875
4 0.7453125 0.3546875 0.75625 0.35625 0.75625 0.3625 0.7484375 0.3625 0.7453125 0.35625
4 0.0078125 0.353125 0.0109375 0.35625 0.009375 0.3609375 0 0.3609375 0 0.3546875 0.00625 0.353125