5 0.775 0.234375 0.7796875 0.240625 0.778125 0.2484375 0.7796875 0.2640625 0.7765625 0.26875 0.7765625 0.2890625 0.771875 0.296875 0.7671875 0.315625 0.7609375 0.315625 0.753125 0.3234375 0.75 0.33125 0.7453125 0.328125 0.7359375 0.3265625 0.7171875 0.3265625 0.7140625 0.321875 0.715625 0.2796875 0.7203125 0.2671875 0.7203125 0.2515625 0.734375 0.2421875 0.75625 0.234375 0.7734375 0.234375
1 0.1046875 0.259375 0.1140625 0.2578125 0.1265625 0.259375 0.1296875 0.271875 0.128125 0.2859375 0.1015625 0.2859375 0.0984375 0.278125 0.0984375 0.2703125 0.1046875 0.2609375
1 0.865625 0.2625 0.871875 0.2640625 0.878125 0.2734375 0.8765625 0.296875 0.871875 0.3 0.8671875 0.296875 0.8625 0.296875 0.8609375 0.290625 0.8640625 0.28125 0.8640625 0.265625 0.865625 0.2640625
1 0.784375 0.265625 0.7921875 0.2671875 0.796875 0.2734375 0.7953125 0.2953125 0.7859375 0.303125 0.775 0.303125 0.775 0.29375 0.778125 0.2875 0.778125 0.26875 0.7828125 0.2671875
1 0.0453125 0.33125 0.0578125 0.3390625 0.0671875 0.3625 0.06875 0.371875 0.0640625 0.3765625 0.065625 0.3984375 0.0578125 0.4015625 0.0375 0.403125 0.028125 0.409375 0.025 0.4078125 0.025 0.4046875 0.01875 0.396875 0.009375 0.3953125 0.00625 0.378125 0.00625 0.3515625 0.009375 0.340625 0.015625 0.3296875 0.03125 0.328125 0.04375 0.33125
1 0 0.303125 0.0125 0.3046875 0.01875 0.309375 0.025 0.321875 0.025 0.3265625 0.0171875 0.328125 0.0078125 0.340625 0.0078125 0.3453125 0.0046875 0.35 0.0046875 0.3796875 0.0015625 0.38125 0 0.3796875 0 0.3046875
1 0.8046875 0.2984375 0.8140625 0.3 0.8171875 0.3046875 0.8171875 0.309375 0.8265625 0.3203125 0.825 0.3296875 0.8171875 0.3421875 0.8140625 0.353125 0.80625 0.3515625 0.8 0.3453125 0.790625 0.3453125 0.7859375 0.3515625 0.78125 0.353125 0.778125 0.346875 0.7796875 0.325 0.7859375 0.3046875 0.790625 0.3 0.803125 0.2984375
1 0.8421875 0.2828125 0.8515625 0.2984375 0.8515625 0.31875 0.8421875 0.328125 0.8296875 0.3265625 0.8265625 0.3171875 0.8203125 0.3109375 0.815625 0.3 0.8171875 0.2875 0.8234375 0.2796875 0.83125 0.2796875 0.8328125 0.2828125 0.8375 0.284375 0.840625 0.2828125
1 0.08125 0.2859375 0.0875 0.290625 0.0875 0.309375 0.084375 0.3203125 0.0734375 0.3203125 0.0640625 0.3046875 0.053125 0.296875 0.0578125 0.2921875 0.0578125 0.2890625 0.0640625 0.284375 0.0796875 0.2859375
1 0.1640625 0.315625 0.1765625 0.328125 0.184375 0.3484375 0.184375 0.3671875 0.18125 0.3703125 0.1765625 0.3703125 0.1734375 0.3671875 0.153125 0.3671875 0.15 0.3703125 0.1453125 0.3703125 0.140625 0.3609375 0.13125 0.359375 0.125 0.353125 0.125 0.328125 0.13125 0.315625 0.1421875 0.3125 0.15625 0.3125 0.1625 0.315625
1 0.8109375 0.2328125 0.815625 0.2375 0.8171875 0.2484375 0.815625 0.2640625 0.8078125 0.26875 0.7890625 0.265625 0.7859375 0.2625 0.7859375 0.2546875 0.7921875 0.2390625 0.796875 0.234375 0.809375 0.2328125
1 0.0078125 0.296875 0.0125 0.29375 0.034375 0.2921875 0.0390625 0.29375 0.04375 0.3 0.0421875 0.303125 0.0375 0.303125 0.03125 0.309375 0.0265625 0.31875 0.0125 0.303125 0.0078125 0.3015625 0.0078125 0.2984375
1 0 0.2765625 0.0109375 0.2765625 0.01875 0.2796875 0.0234375 0.2890625 0.021875 0.2921875 0.0171875 0.29375 0.0140625 0.2921875 0.009375 0.2953125 0.0015625 0.2953125 0 0.278125
1 0.096875 0.321875 0.1046875 0.325 0.1125 0.3390625 0.121875 0.35 0.125 0.3578125 0.125 0.38125 0.121875 0.3859375 0.1125 0.38125 0.1 0.38125 0.0828125 0.3859375 0.0703125 0.3671875 0.0625 0.34375 0.0640625 0.334375 0.0734375 0.3234375 0.0953125 0.321875
1 0.6984375 0.2796875 0.7046875 0.2875 0.7046875 0.3171875 0.703125 0.321875 0.69375 0.328125 0.6875 0.3265625 0.6859375 0.3171875 0.6828125 0.3140625 0.678125 0.3171875 0.6765625 0.325 0.6703125 0.328125 0.6640625 0.31875 0.6640625 0.3109375 0.665625 0.3 0.6734375 0.284375 0.6828125 0.2796875 0.696875 0.2796875
1 0.3453125 0.328125 0.3546875 0.334375 0.3625 0.3703125 0.3609375 0.396875 0.3578125 0.409375 0.3546875 0.4125 0.35 0.4109375 0.34375 0.3984375 0.328125 0.4 0.3171875 0.4109375 0.3140625 0.4109375 0.3078125 0.3953125 0.30625 0.39375 0.3015625 0.3953125 0.2953125 0.3875 0.296875 0.3484375 0.3015625 0.3390625 0.30625 0.3375 0.309375 0.3296875 0.3171875 0.325 0.334375 0.325 0.34375 0.328125
1 0.1046875 0.290625 0.1203125 0.29375 0.125 0.2984375 0.13125 0.3109375 0.1234375 0.328125 0.1234375 0.3453125 0.121875 0.346875 0.1140625 0.3375 0.1109375 0.3296875 0.103125 0.321875 0.0921875 0.3203125 0.0890625 0.3171875 0.090625 0.29375 0.103125 0.290625
1 0.0578125 0.303125 0.0671875 0.3109375 0.071875 0.321875 0.059375 0.3375 0.0453125 0.328125 0.0328125 0.3265625 0.0296875 0.3234375 0.0328125 0.309375 0.0375 0.3046875 0.05625 0.303125
3 0.190625 0.28125 0.19375 0.2875 0.19375 0.30625 0.1890625 0.3078125 0.184375 0.296875 0.184375 0.2828125 0.1890625 0.2828125
3 0.315625 0.5125 0.3140625 0.521875 0.309375 0.528125 0.3109375 0.5390625 0.309375 0.5578125 0.3125 0.5640625 0.3125 0.5875 0.309375 0.60625 0.30625 0.609375 0.3015625 0.60625 0.296875 0.584375 0.2953125 0.5828125 0.29375 0.5859375 0.2890625 0.5875 0.284375 0.58125 0.2828125 0.571875 0.284375 0.5546875 0.2875 0.5515625 0.2875 0.546875 0.2953125 0.53125 0.29375 0.5234375 0.3015625 0.51875 0.30625 0.521875 0.3109375 0.521875 0.315625 0.5140625
3 0.8359375 0.4078125 0.8359375 0.3890625 0.8375 0.38125 0.8421875 0.3734375 0.8484375 0.375 0.846875 0.4078125 0.84375 0.4125 0.8390625 0.4109375 0.8375 0.4078125
3 0.2765625 0.3609375 0.28125 0.3640625 0.2828125 0.3890625 0.2796875 0.396875 0.275 0.4 0.26875 0.3734375 0.2703125 0.3625 0.275 0.3609375
4 0.0625 0.3890625 0.065625 0.39375 0.0625 0.3953125 0.04375 0.3953125 0.046875 0.3890625 0.0609375 0.3890625
4 0.828125 0.3 0.8296875 0.3078125 0.8234375 0.3078125 0.8234375 0.3015625 0.8265625 0.3
4 0.7984375 0.321875 0.8 0.3234375 0.7984375 0.33125 0.7921875 0.328125 0.7921875 0.3234375 0.796875 0.321875
4 0.165625 0.353125 0.1765625 0.353125 0.1765625 0.35625 0.1734375 0.3578125 0.1671875 0.3578125 0.165625 0.3546875
4 0.33125 0.36875 0.3390625 0.36875 0.3390625 0.378125 0.33125 0.378125 0.3296875 0.3765625 0.33125 0.3703125