1 0.0203125 0.290625 0.0296875 0.2921875 0.0390625 0.3046875 0.040625 0.3265625 0.0390625 0.328125 0.034375 0.3171875 0.0234375 0.30625 0.0015625 0.2984375 0.0015625 0.2953125 0.00625 0.290625 0.01875 0.2921875
1 0.615625 0.5625 0.646875 0.5796875 0.684375 0.61875 0.6921875 0.634375 0.709375 0.6546875 0.7171875 0.6703125 0.7265625 0.7046875 0.7265625 0.7359375 0.7234375 0.753125 0.7203125 0.7578125 0.7 0.765625 0.69375 0.765625 0.684375 0.7609375 0.678125 0.7625 0.6671875 0.7671875 0.6625 0.78125 0.65625 0.784375 0.6484375 0.78125 0.6375 0.771875 0.6328125 0.746875 0.6203125 0.7359375 0.5609375 0.6984375 0.5515625 0.7078125 0.5421875 0.70625 0.5359375 0.7 0.5328125 0.690625 0.5328125 0.675 0.528125 0.6625 0.528125 0.6328125 0.53125 0.621875 0.53125 0.6046875 0.54375 0.571875 0.5515625 0.5640625 0.56875 0.55625 0.6015625 0.55625 0.6140625 0.5625
1 0.0171875 0.278125 0.021875 0.2828125 0.0234375 0.290625 0.0078125 0.290625 0 0.2984375 0 0.2765625 0.0125 0.275 0.015625 0.278125
1 0.1265625 0.446875 0.1328125 0.453125 0.1390625 0.478125 0.14375 0.5265625 0.1421875 0.540625 0.13125 0.559375 0.1296875 0.5875 0.125 0.5921875 0.1203125 0.5859375 0.0703125 0.5875 0.0625 0.596875 0.059375 0.596875 0.0546875 0.5890625 0.053125 0.5546875 0.0578125 0.5359375 0.0578125 0.525 0.0609375 0.5171875 0.059375 0.5015625 0.0640625 0.4984375 0.0671875 0.48125 0.075 0.459375 0.0875 0.446875 0.103125 0.4453125 0.125 0.446875
1 0.1109375 0.31875 0.1171875 0.321875 0.1296875 0.3375 0.13125 0.3484375 0.11875 0.359375 0.1140625 0.3765625 0.109375 0.3828125 0.103125 0.3859375 0.0984375 0.3859375 0.0828125 0.3578125 0.071875 0.3484375 0.071875 0.3390625 0.0765625 0.325 0.0828125 0.31875 0.109375 0.31875
1 0.715625 0.3203125 0.73125 0.325 0.7421875 0.3375 0.7578125 0.3484375 0.759375 0.3703125 0.7546875 0.3796875 0.7546875 0.3859375 0.75 0.390625 0.746875 0.390625 0.740625 0.3828125 0.7328125 0.3828125 0.721875 0.3859375 0.715625 0.3984375 0.7125 0.4 0.7078125 0.4 0.6953125 0.39375 0.6828125 0.39375 0.678125 0.3890625 0.6765625 0.38125 0.66875 0.3703125 0.66875 0.3546875 0.6703125 0.346875 0.675 0.340625 0.675 0.3296875 0.678125 0.3234375 0.6984375 0.31875 0.7140625 0.3203125
1 0.075 0.353125 0.084375 0.3640625 0.0890625 0.3765625 0.0953125 0.384375 0.0984375 0.396875 0.1015625 0.4 0.1015625 0.4296875 0.09375 0.4328125 0.065625 0.4328125 0.065625 0.428125 0.0703125 0.421875 0.0703125 0.415625 0.065625 0.40625 0.065625 0.4015625 0.059375 0.3953125 0.0578125 0.3875 0.0515625 0.3828125 0.0484375 0.3859375 0.0484375 0.403125 0.040625 0.415625 0.0421875 0.425 0.0484375 0.41875 0.0515625 0.421875 0.053125 0.4359375 0.05 0.4390625 0.0421875 0.428125 0.0421875 0.425 0.034375 0.4234375 0.0296875 0.4171875 0.028125 0.375 0.03125 0.371875 0.034375 0.359375 0.0390625 0.3546875 0.0734375 0.353125
1 0.8296875 0.2296875 0.8375 0.2265625 0.8453125 0.2265625 0.84375 0.2640625 0.8375 0.271875 0.834375 0.2703125 0.834375 0.25 0.83125 0.2421875 0.8265625 0.2375 0.8296875 0.23125
1 0 0.303125 0.0140625 0.303125 0.025 0.309375 0.0375 0.325 0.0453125 0.3453125 0.0453125 0.35 0.0328125 0.359375 0.0265625 0.3734375 0.025 0.390625 0.0015625 0.3921875 0 0.390625 0 0.3046875
1 0.82265625 0.259375 0.025 0.04375
1 0.715625 0.271875 0.7203125 0.2734375 0.7234375 0.2796875 0.7234375 0.3078125 0.7203125 0.3125 0.715625 0.3125 0.709375 0.3171875 0.7078125 0.315625 0.6875 0.315625 0.6859375 0.3015625 0.690625 0.2859375 0.696875 0.275 0.7140625 0.271875
1 0.778125 0.2703125 0.784375 0.2796875 0.7828125 0.3046875 0.778125 0.309375 0.775 0.3078125 0.775 0.2734375 0.7765625 0.271875
1 0.2375 0.34375 0.240625 0.35 0.246875 0.3546875 0.246875 0.359375 0.253125 0.3703125 0.25625 0.3796875 0.25625 0.3953125 0.253125 0.4015625 0.221875 0.4015625 0.215625 0.409375 0.209375 0.396875 0.1984375 0.39375 0.1921875 0.396875 0.1890625 0.3953125 0.1875 0.3828125 0.184375 0.378125 0.184375 0.3546875 0.190625 0.340625 0.1984375 0.3359375 0.2265625 0.3375 0.2359375 0.34375
1 0.8078125 0.2453125 0.8140625 0.2640625 0.8140625 0.2828125 0.803125 0.2953125 0.7875 0.2859375 0.784375 0.28125 0.784375 0.275 0.78125 0.271875 0.78125 0.2625 0.7828125 0.2546875 0.7890625 0.246875 0.80625 0.2453125
1 0.740625 0.2609375 0.74375 0.265625 0.7359375 0.275 0.734375 0.290625 0.7265625 0.3015625 0.725 0.3015625 0.725 0.2828125 0.7203125 0.2703125 0.721875 0.265625 0.7296875 0.259375 0.7390625 0.2609375
1 0.7703125 0.25 0.7734375 0.2546875 0.7734375 0.2625 0.7484375 0.2625 0.746875 0.2640625 0.75 0.2546875 0.7578125 0.253125 0.7609375 0.25 0.76875 0.25
1 0.4890625 0.346875 0.5015625 0.353125 0.509375 0.3625 0.521875 0.36875 0.5328125 0.3796875 0.534375 0.4078125 0.53125 0.409375 0.528125 0.4078125 0.51875 0.4171875 0.5109375 0.415625 0.5046875 0.4078125 0.490625 0.40625 0.46875 0.40625 0.4578125 0.4171875 0.446875 0.415625 0.44375 0.409375 0.440625 0.39375 0.4421875 0.375 0.44375 0.365625 0.453125 0.3484375 0.4546875 0.346875 0.4875 0.346875
1 0.125 0.3546875 0.134375 0.3515625 0.1515625 0.3515625 0.1625 0.3578125 0.1703125 0.3734375 0.1765625 0.378125 0.175 0.384375 0.1796875 0.3953125 0.1796875 0.415625 0.18125 0.4171875 0.1796875 0.4265625 0.1765625 0.428125 0.1453125 0.428125 0.1390625 0.4296875 0.1328125 0.4359375 0.128125 0.4234375 0.1234375 0.41875 0.115625 0.415625 0.1125 0.3953125 0.1125 0.3828125 0.11875 0.3703125 0.1203125 0.359375 0.125 0.35625
1 0.04375 0.3078125 0.046875 0.30625 0.075 0.3078125 0.08125 0.3125 0.0828125 0.3171875 0.0734375 0.328125 0.0703125 0.3375 0.071875 0.3484375 0.0578125 0.35 0.0515625 0.3484375 0.05 0.3375 0.04375 0.33125 0.0421875 0.3265625 0.0421875 0.3109375 0.04375 0.309375
1 0.765625 0.2640625 0.771875 0.265625 0.7765625 0.271875 0.775 0.275 0.775 0.3109375 0.771875 0.3171875 0.7671875 0.321875 0.7625 0.321875 0.7578125 0.3296875 0.7515625 0.334375 0.7453125 0.334375 0.7328125 0.321875 0.7296875 0.321875 0.7265625 0.31875 0.7265625 0.309375 0.7359375 0.2921875 0.740625 0.271875 0.7453125 0.2671875 0.7640625 0.2640625
3 0.96875 0.5140625 0.971875 0.5140625 0.975 0.51875 0.98125 0.51875 0.978125 0.53125 0.990625 0.5359375 0.9921875 0.5375 0.990625 0.54375 0.9984375 0.5515625 0.9984375 0.5859375 0.9921875 0.5859375 0.9875 0.58125 0.990625 0.5796875 0.9890625 0.5609375 0.9859375 0.553125 0.9875 0.54375 0.98125 0.5390625 0.9734375 0.546875 0.975 0.55625 0.971875 0.559375 0.9703125 0.5671875 0.971875 0.575 0.9609375 0.5859375 0.9515625 0.5859375 0.9453125 0.58125 0.9421875 0.5765625 0.94375 0.553125 0.9515625 0.54375 0.9578125 0.54375 0.9609375 0.540625 0.959375 0.5265625 0.9640625 0.51875 0.96875 0.515625
3 0.159375 0.26875 0.165625 0.26875 0.16875 0.2734375 0.165625 0.2828125 0.1671875 0.2921875 0.1609375 0.29375 0.15625 0.2921875 0.1546875 0.2890625 0.1546875 0.2828125 0.159375 0.2703125
4 0.6890625 0.3703125 0.6875 0.3640625 0.690625 0.3609375 0.69375 0.3625 0.69375 0.3703125 0.690625 0.3703125
4 0.534375 0.3921875 0.5328125 0.403125 0.5296875 0.4015625 0.5296875 0.39375 0.5328125 0.3921875
4 0.1109375 0.5640625 0.1125 0.5671875 0.1109375 0.5734375 0.1 0.5765625 0.0875 0.5765625 0.0859375 0.5671875 0.0921875 0.5671875 0.0984375 0.5640625 0.109375 0.5640625
4 0.2421875 0.390625 0.01953125 0.009375
4 0.1140625 0.3625 0.1171875 0.365625 0.115625 0.371875 0.109375 0.3703125 0.109375 0.365625 0.1125 0.3640625
4 0.6953125 0.3109375 0.6953125 0.3078125 0.7 0.3046875 0.7078125 0.3046875 0.7078125 0.3109375 0.703125 0.3125 0.696875 0.3109375
4 0.75 0.3171875 0.7515625 0.3234375 0.7484375 0.3265625 0.740625 0.3265625 0.7359375 0.321875 0.740625 0.3171875 0.7453125 0.315625 0.7484375 0.3171875
4 0.7109375 0.734375 0.71875 0.7328125 0.71875 0.746875 0.7171875 0.7515625 0.7125 0.7546875 0.709375 0.7546875 0.7109375 0.7359375
4 0.071875 0.421875 0.078125 0.4203125 0.0921875 0.421875 0.0890625 0.4265625 0.071875 0.4265625 0.071875 0.4234375
4 0.015625 0.375 0.021875 0.3734375 0.025 0.375 0.025 0.3796875 0.0171875 0.3796875 0.015625 0.3765625
4 0.025 0.3765625 0.025 0.3828125 0.0109375 0.3828125 0.0125 0.378125 0.0234375 0.3765625
4 0.16875 0.4140625 0.1703125 0.4203125 0.165625 0.421875 0.15 0.421875 0.15 0.4171875 0.153125 0.4140625 0.1671875 0.4140625