5 0.11875 0.3265625 0.1296875 0.328125 0.153125 0.35625 0.1546875 0.3703125 0.153125 0.38125 0.1578125 0.4 0.1578125 0.4140625 0.1625 0.440625 0.1625 0.4625 0.1609375 0.4640625 0.1625 0.475 0.15625 0.496875 0.1546875 0.4921875 0.1328125 0.4921875 0.128125 0.4953125 0.109375 0.496875 0.1015625 0.5046875 0.096875 0.503125 0.0890625 0.4796875 0.078125 0.471875 0.0765625 0.465625 0.06875 0.4078125 0.06875 0.3828125 0.065625 0.3671875 0.065625 0.3296875 0.09375 0.3265625 0.1171875 0.3265625
2 0.7390625 0.30390625 0.0484375 0.08125
1 0.03125 0.2671875 0.034375 0.26875 0.0421875 0.28125 0.04375 0.3015625 0.025 0.3015625 0.0203125 0.2953125 0.015625 0.2828125 0.015625 0.26875 0.0296875 0.2671875
1 0.7890625 0.2609375 0.796875 0.2625 0.8 0.265625 0.7984375 0.2671875 0.7984375 0.29375 0.7953125 0.3015625 0.7890625 0.3078125 0.7859375 0.3078125 0.784375 0.2703125 0.7796875 0.265625 0.7875 0.2609375
1 0.6984375 0.2875 0.70625 0.2890625 0.7125 0.2953125 0.7140625 0.3265625 0.7078125 0.3359375 0.7015625 0.3359375 0.6953125 0.3421875 0.684375 0.3375 0.6671875 0.3359375 0.665625 0.31875 0.6796875 0.2953125 0.6859375 0.2890625 0.696875 0.2875
1 0.8140625 0.25078125 0.01953125 0.03203125
1 0.775 0.2640625 0.778125 0.2671875 0.7828125 0.2671875 0.784375 0.2703125 0.7859375 0.28125 0.784375 0.3109375 0.775 0.31875 0.765625 0.315625 0.7640625 0.26875 0.7734375 0.265625
1 0.8734375 0.7046875 0.878125 0.7078125 0.884375 0.7078125 0.8984375 0.7140625 0.9046875 0.7140625 0.909375 0.7171875 0.9375 0.725 0.94375 0.7296875 0.959375 0.734375 0.9703125 0.7421875 0.984375 0.7484375 0.99375 0.7578125 0.9984375 0.759375 0.9984375 0.996875 0.99375 0.9984375 0.984375 0.9953125 0.9703125 0.9828125 0.9578125 0.9765625 0.934375 0.95625 0.9125 0.9453125 0.890625 0.9265625 0.871875 0.9171875 0.8671875 0.9125 0.8484375 0.9078125 0.8390625 0.921875 0.8359375 0.9234375 0.825 0.921875 0.8140625 0.915625 0.8046875 0.90625 0.796875 0.890625 0.79375 0.8765625 0.7953125 0.871875 0.7921875 0.85 0.784375 0.8328125 0.784375 0.8109375 0.79375 0.7875 0.7984375 0.759375 0.8046875 0.746875 0.8203125 0.73125 0.8234375 0.725 0.83125 0.721875 0.8390625 0.721875 0.853125 0.7078125 0.8609375 0.7046875 0.871875 0.7046875
1 0.715625 0.2984375 0.7125 0.2921875 0.7125 0.2828125 0.71875 0.26875 0.7234375 0.2640625 0.740625 0.2640625 0.7421875 0.2671875 0.728125 0.2734375 0.7171875 0.296875
1 0.83203125 0.24453125 0.01953125 0.028125
1 0.340625 0.3375 0.35 0.3421875 0.36875 0.3625 0.38125 0.36875 0.3890625 0.3828125 0.3890625 0.3953125 0.3796875 0.415625 0.375 0.4171875 0.36875 0.4140625 0.365625 0.4203125 0.359375 0.4234375 0.3546875 0.4234375 0.35 0.4203125 0.340625 0.4078125 0.30625 0.40625 0.2984375 0.415625 0.2921875 0.415625 0.2875 0.4078125 0.2859375 0.4 0.2765625 0.390625 0.275 0.3828125 0.2765625 0.3546875 0.278125 0.346875 0.284375 0.3375 0.296875 0.33125 0.328125 0.3328125 0.3359375 0.334375 0.3390625 0.3375
1 0.7640625 0.2421875 0.76875 0.24375 0.7765625 0.2515625 0.775 0.2609375 0.765625 0.265625 0.7609375 0.2625 0.7578125 0.2625 0.75625 0.265625 0.74375 0.265625 0.740625 0.259375 0.740625 0.24375 0.7421875 0.2421875 0.746875 0.240625 0.7625 0.2421875
1 0 0.2828125 0.0140625 0.284375 0.01875 0.2953125 0.025 0.303125 0.028125 0.315625 0.028125 0.328125 0.025 0.3296875 0 0.3265625 0 0.284375
1 0.15 0.3484375 0.153125 0.346875 0.1640625 0.3484375 0.178125 0.359375 0.1890625 0.371875 0.1890625 0.3796875 0.1984375 0.3984375 0.1984375 0.4171875 0.19375 0.425 0.178125 0.4234375 0.1734375 0.4265625 0.1640625 0.4265625 0.159375 0.415625 0.159375 0.4015625 0.1546875 0.38125 0.1546875 0.3578125 0.1515625 0.35
1 0.4390625 0.4890625 0.4421875 0.4921875 0.4640625 0.4984375 0.4890625 0.5125 0.5046875 0.5296875 0.5078125 0.5359375 0.5171875 0.54375 0.521875 0.5578125 0.54375 0.5796875 0.5515625 0.5984375 0.553125 0.6328125 0.55 0.6421875 0.5375 0.6515625 0.528125 0.65625 0.5234375 0.65625 0.5171875 0.6609375 0.496875 0.6671875 0.4890625 0.665625 0.4828125 0.66875 0.475 0.6671875 0.4671875 0.65625 0.4640625 0.64375 0.45 0.6328125 0.446875 0.6328125 0.4375 0.6234375 0.41875 0.6125 0.4015625 0.615625 0.3953125 0.60625 0.3921875 0.59375 0.384375 0.5828125 0.3828125 0.571875 0.384375 0.5390625 0.3890625 0.53125 0.3890625 0.5265625 0.4 0.5 0.4078125 0.49375 0.4203125 0.4890625 0.4375 0.4890625
1 0.0765625 0.2984375 0.0875 0.303125 0.103125 0.321875 0.0875 0.3265625 0.065625 0.328125 0.0625 0.3328125 0.0578125 0.328125 0.0546875 0.328125 0.0515625 0.3328125 0.05 0.3421875 0.0484375 0.3421875 0.046875 0.334375 0.046875 0.31875 0.0515625 0.3015625 0.0546875 0.2984375 0.075 0.2984375
3 0.1609375 0.26875 0.1671875 0.26875 0.16875 0.271875 0.16875 0.2890625 0.1703125 0.290625 0.1703125 0.29375 0.1671875 0.2953125 0.1625 0.2921875 0.159375 0.2859375 0.1609375 0.2703125
3 0.0625 0.3640625 0.065625 0.3765625 0.065625 0.403125 0.0625 0.40625 0.059375 0.4046875 0.05625 0.396875 0.053125 0.3796875 0.0546875 0.3671875 0.0578125 0.3625 0.0609375 0.3640625
3 0.8296875 0.33125 0.01328125 0.03046875
3 0.4484375 0.3578125 0.4515625 0.3734375 0.4546875 0.378125 0.4578125 0.378125 0.4640625 0.3703125 0.465625 0.3625 0.471875 0.3625 0.4703125 0.390625 0.46875 0.3953125 0.4640625 0.3953125 0.4578125 0.390625 0.446875 0.390625 0.44375 0.3875 0.44375 0.3703125 0.4484375 0.359375
3 0.15 0.2828125 0.15625 0.2828125 0.159375 0.2890625 0.159375 0.3125 0.15625 0.315625 0.1484375 0.3109375 0.15 0.284375
4 0.46875 0.3828125 0.4671875 0.378125 0.46875 0.3734375 0.471875 0.3765625 0.4703125 0.3828125
4 0.1875 0.409375 0.190625 0.4109375 0.1890625 0.41875 0.1859375 0.4203125 0.171875 0.41875 0.1734375 0.4125 0.1859375 0.4109375
4 0.1421875 0.48125 0.14375 0.4875 0.1390625 0.490625 0.1234375 0.490625 0.121875 0.4875 0.1265625 0.4828125 0.140625 0.48125
4 0.725 0.3265625 0.7328125 0.328125 0.7328125 0.33125 0.725 0.33125 0.725 0.328125
4 0.5421875 0.6265625 0.54375 0.628125 0.5421875 0.6375 0.5296875 0.6453125 0.5234375 0.64375 0.525 0.634375 0.540625 0.6265625
4 0.178125 0.4125 0.1828125 0.4140625 0.1828125 0.41875 0.1734375 0.421875 0.171875 0.4140625 0.1765625 0.4140625