1 0.7 0.2828125 0.70625 0.2875 0.7078125 0.30625 0.7046875 0.3203125 0.696875 0.3234375 0.69375 0.328125 0.6734375 0.328125 0.66875 0.3265625 0.665625 0.3203125 0.66875 0.303125 0.6796875 0.284375 0.6984375 0.2828125
1 0.746875 0.284375 0.753125 0.29375 0.753125 0.309375 0.7546875 0.3109375 0.753125 0.328125 0.7453125 0.33125 0.740625 0.3375 0.7125 0.3359375 0.7109375 0.33125 0.7109375 0.3171875 0.725 0.2890625 0.7328125 0.284375 0.7390625 0.2875 0.746875 0.2859375
1 0.0375 0.3296875 0.05 0.3328125 0.0578125 0.3390625 0.0734375 0.378125 0.075 0.403125 0.0703125 0.4078125 0.059375 0.4015625 0.0390625 0.403125 0.028125 0.409375 0.025 0.4078125 0.0234375 0.4015625 0.01875 0.396875 0.009375 0.3953125 0.00625 0.38125 0.00625 0.3515625 0.0109375 0.3359375 0.0140625 0.3328125 0.021875 0.3296875 0.0359375 0.3296875
1 0.6515625 0.35625 0.65 0.35 0.6421875 0.3453125 0.6421875 0.3296875 0.6390625 0.325 0.6328125 0.3296875 0.6328125 0.3359375 0.628125 0.3453125 0.6234375 0.3484375 0.621875 0.3703125 0.61875 0.375 0.6078125 0.3703125 0.5890625 0.371875 0.5859375 0.3671875 0.5859375 0.3453125 0.590625 0.3265625 0.5953125 0.3234375 0.6015625 0.309375 0.6078125 0.303125 0.628125 0.296875 0.6453125 0.296875 0.65 0.2984375 0.653125 0.303125 0.65625 0.325 0.65625 0.3484375 0.653125 0.35625
1 0.8375 0.2265625 0.84375 0.2375 0.84375 0.2484375 0.8390625 0.25625 0.8234375 0.25625 0.81875 0.2515625 0.81875 0.2390625 0.825 0.228125 0.8359375 0.2265625
1 0.0046875 0.3 0.0140625 0.3046875 0.0203125 0.3109375 0.025 0.3265625 0.0125 0.33125 0.0078125 0.3390625 0.0078125 0.3453125 0.0046875 0.35 0.003125 0.378125 0 0.3765625 0 0.303125 0.003125 0.3015625
1 0.028125 0.2578125 0.046875 0.25625 0.0515625 0.259375 0.053125 0.265625 0.053125 0.2828125 0.034375 0.2828125 0.034375 0.278125 0.0265625 0.2625 0.028125 0.259375
1 0.0078125 0.2890625 0.028125 0.2890625 0.0328125 0.2921875 0.034375 0.296875 0.040625 0.303125 0.040625 0.3109375 0.04375 0.31875 0.04375 0.328125 0.0265625 0.3265625 0.0234375 0.3234375 0.0234375 0.3140625 0.0203125 0.309375 0.0125 0.303125 0.00625 0.3015625 0.0046875 0.29375 0.0078125 0.290625
1 0.6875 0.6953125 0.70625 0.6984375 0.7234375 0.6984375 0.7375 0.703125 0.746875 0.703125 0.7609375 0.7140625 0.775 0.74375 0.7734375 0.7734375 0.78125 0.7875 0.790625 0.821875 0.7890625 0.853125 0.790625 0.8625 0.796875 0.8734375 0.796875 0.8859375 0.7890625 0.915625 0.78125 0.9234375 0.7625 0.928125 0.75625 0.934375 0.753125 0.95625 0.7484375 0.9703125 0.740625 0.9765625 0.7265625 0.9796875 0.7171875 0.978125 0.7046875 0.9703125 0.696875 0.940625 0.6921875 0.9328125 0.634375 0.93125 0.6328125 0.9296875 0.6015625 0.9328125 0.5984375 0.93125 0.565625 0.9328125 0.559375 0.9359375 0.55 0.9359375 0.54375 0.9484375 0.5421875 0.9609375 0.534375 0.971875 0.5171875 0.978125 0.5078125 0.9765625 0.5 0.9734375 0.496875 0.96875 0.49375 0.9609375 0.4921875 0.946875 0.4875 0.9359375 0.4828125 0.9328125 0.471875 0.93125 0.4578125 0.921875 0.453125 0.9109375 0.45 0.89375 0.4515625 0.821875 0.4546875 0.815625 0.4546875 0.8078125 0.459375 0.7921875 0.475 0.7734375 0.4875 0.7640625 0.496875 0.7625 0.5 0.759375 0.509375 0.7578125 0.525 0.75 0.534375 0.75 0.5421875 0.746875 0.55625 0.7296875 0.578125 0.709375 0.5953125 0.7 0.6265625 0.69375 0.6859375 0.6953125
1 0.75625 0.31875 0.75 0.28125 0.7578125 0.275 0.771875 0.275 0.7796875 0.2875 0.778125 0.3140625 0.771875 0.315625 0.76875 0.3203125 0.7578125 0.31875
1 0.159375 0.3109375 0.178125 0.3296875 0.178125 0.334375 0.1828125 0.3421875 0.184375 0.3671875 0.18125 0.3703125 0.175 0.3671875 0.1546875 0.3671875 0.1515625 0.3703125 0.1453125 0.3703125 0.140625 0.3609375 0.13125 0.3609375 0.1265625 0.35625 0.1234375 0.334375 0.128125 0.3171875 0.1359375 0.3125 0.1515625 0.309375 0.1578125 0.3109375
1 0.7921875 0.303125 0.78125 0.296875 0.78125 0.2875 0.778125 0.2796875 0.7734375 0.275 0.775 0.2625 0.7796875 0.2546875 0.7890625 0.2484375 0.8046875 0.25 0.80625 0.2546875 0.8046875 0.2921875 0.79375 0.3015625
1 0.8125 0.25 0.8203125 0.2546875 0.8234375 0.2625 0.8234375 0.2796875 0.8171875 0.2890625 0.8109375 0.2890625 0.80625 0.2859375 0.8078125 0.278125 0.80625 0.253125 0.8109375 0.25
1 0.7421875 0.2625 0.746875 0.271875 0.7453125 0.2859375 0.734375 0.284375 0.728125 0.2859375 0.7171875 0.3 0.715625 0.30625 0.7125 0.3078125 0.709375 0.30625 0.7078125 0.2828125 0.7140625 0.26875 0.7203125 0.2625 0.740625 0.2625
1 0.0078125 0.259375 0.021875 0.259375 0.0328125 0.278125 0.03125 0.2890625 0.009375 0.2875 0.0046875 0.290625 0.003125 0.271875 0.0078125 0.2609375
1 0.06875 0.325 0.0828125 0.321875 0.1046875 0.325 0.121875 0.346875 0.1234375 0.35625 0.1265625 0.3609375 0.125 0.3828125 0.121875 0.3859375 0.1125 0.38125 0.096875 0.3828125 0.0953125 0.378125 0.0953125 0.35 0.096875 0.3484375 0.0953125 0.3375 0.090625 0.328125 0.0875 0.33125 0.0859375 0.34375 0.0875 0.3765625 0.084375 0.384375 0.0796875 0.3828125 0.0703125 0.3671875 0.0625 0.3421875 0.0640625 0.334375 0.06875 0.3265625
3 0.640625 0.353125 0.64375 0.384375 0.6421875 0.3921875 0.6328125 0.3890625 0.6265625 0.39375 0.6234375 0.390625 0.6234375 0.375 0.628125 0.353125 0.63125 0.35 0.6390625 0.353125
3 0.865625 0.284375 0.8703125 0.2859375 0.8703125 0.309375 0.86875 0.3109375 0.865625 0.309375 0.8640625 0.29375 0.865625 0.2859375
3 0.81796875 0.3359375 0.01484375 0.0359375
3 0.1171875 0.32890625 0.01484375 0.0296875
3 0.6390625 0.3453125 0.6390625 0.3375 0.6359375 0.334375 0.6359375 0.3265625 0.6390625 0.325 0.6390625 0.34375
4 0.72421875 0.33203125 0.0125 0.00859375
4 0.0484375 0.2703125 0.05 0.2765625 0.0390625 0.2765625 0.040625 0.271875 0.046875 0.2703125
4 0.0609375 0.3890625 0.0578125 0.3953125 0.04375 0.39375 0.0515625 0.3890625 0.059375 0.3890625
4 0.1125 0.3703125 0.1109375 0.3765625 0.096875 0.3765625 0.1 0.3703125 0.1109375 0.3703125
4 0.053125 0.390625 0.053125 0.39375 0.05 0.3953125 0.0421875 0.3953125 0.040625 0.3921875 0.0453125 0.3890625 0.0515625 0.390625
4 0.4484375 0.834375 0.4515625 0.8375 0.4515625 0.85625 0.4484375 0.8640625 0.4484375 0.8359375
4 0.1765625 0.353125 0.1765625 0.35625 0.1734375 0.3578125 0.1671875 0.3578125 0.165625 0.353125 0.175 0.353125
4 0.4515625 0.825 0.453125 0.853125 0.4484375 0.859375 0.4484375 0.8328125 0.4515625 0.8265625
4 0.6015625 0.35625 0.6015625 0.3609375 0.5921875 0.359375 0.59375 0.3546875 0.6 0.35625
4 0.0203125 0.2859375 0.021875 0.28125 0.028125 0.2828125 0.028125 0.2859375 0.021875 0.2859375