1 0.3734375 0.3921875 0.3796875 0.39375 0.38125 0.396875 0.3875 0.4 0.3984375 0.4140625 0.4078125 0.446875 0.40625 0.4953125 0.4015625 0.5046875 0.396875 0.5015625 0.39375 0.49375 0.3921875 0.4953125 0.378125 0.49375 0.3734375 0.496875 0.359375 0.4984375 0.35 0.515625 0.3453125 0.515625 0.3375 0.50625 0.3359375 0.4921875 0.3328125 0.4859375 0.325 0.48125 0.315625 0.484375 0.309375 0.4765625 0.309375 0.4609375 0.3078125 0.459375 0.309375 0.4296875 0.3125 0.421875 0.325 0.4125 0.3328125 0.3984375 0.3421875 0.396875 0.346875 0.39375 0.371875 0.3921875
1 0.3109375 0.2765625 0.3171875 0.278125 0.321875 0.2828125 0.325 0.290625 0.3125 0.29375 0.303125 0.30625 0.3015625 0.303125 0.2984375 0.3046875 0.296875 0.321875 0.290625 0.31875 0.2859375 0.3078125 0.284375 0.296875 0.2890625 0.28125 0.2921875 0.278125 0.309375 0.278125
1 0.9734375 0.2671875 0.9765625 0.271875 0.975 0.290625 0.9625 0.290625 0.9625 0.2734375 0.959375 0.26875 0.971875 0.2671875
1 0.9078125 0.325 0.9171875 0.346875 0.915625 0.3921875 0.9015625 0.3953125 0.89375 0.4078125 0.890625 0.4078125 0.884375 0.3984375 0.8796875 0.4 0.878125 0.3984375 0.8578125 0.3984375 0.85 0.40625 0.846875 0.40625 0.84375 0.4015625 0.84375 0.3734375 0.8640625 0.3390625 0.8734375 0.3296875 0.90625 0.325
1 0.9828125 0.328125 0.9875 0.3375 0.9890625 0.3953125 0.9796875 0.403125 0.9765625 0.4125 0.9734375 0.4125 0.9703125 0.4078125 0.9359375 0.4078125 0.9328125 0.4109375 0.9265625 0.4109375 0.925 0.3921875 0.9421875 0.334375 0.946875 0.3296875 0.96875 0.3234375 0.98125 0.328125
1 0.9640625 0.3 0.96875 0.3046875 0.9703125 0.3140625 0.9640625 0.321875 0.95 0.3265625 0.9390625 0.3265625 0.9359375 0.321875 0.9265625 0.3171875 0.928125 0.3109375 0.93125 0.3046875 0.9375 0.3 0.94375 0.2984375 0.9625 0.3
1 0.934375 0.2796875 0.940625 0.2890625 0.9421875 0.296875 0.9359375 0.2984375 0.9296875 0.3046875 0.925 0.3109375 0.925 0.315625 0.925 0.30625 0.921875 0.2953125 0.9125 0.284375 0.921875 0.2796875 0.9328125 0.2796875
1 0.2765625 0.2671875 0.2828125 0.26875 0.2875 0.2765625 0.2875 0.2890625 0.2828125 0.296875 0.2828125 0.303125 0.2828125 0.296875 0.271875 0.2859375 0.2609375 0.28125 0.259375 0.2765625 0.2640625 0.26875 0.275 0.2671875
1 0.9078125 0.321875 0.928125 0.3203125 0.9359375 0.3234375 0.9390625 0.328125 0.9390625 0.3375 0.9328125 0.35 0.925 0.38125 0.921875 0.384375 0.91875 0.3828125 0.91875 0.3578125 0.9203125 0.35625 0.91875 0.34375 0.9078125 0.3234375
1 0.2 0.24375 0.221875 0.2453125 0.225 0.2484375 0.225 0.25625 0.228125 0.2609375 0.228125 0.2765625 0.2265625 0.278125 0.2078125 0.2796875 0.2015625 0.2765625 0.1984375 0.2671875 0.1984375 0.246875 0.2 0.2453125
1 0.9984375 0.3140625 0.9984375 0.3859375 0.9953125 0.3875 0.990625 0.384375 0.990625 0.359375 0.9875 0.33125 0.9828125 0.3265625 0.9703125 0.3234375 0.96875 0.3203125 0.9703125 0.3171875 0.9796875 0.3140625 0.996875 0.3140625
1 0.1546875 0.2703125 0.1625 0.271875 0.16875 0.28125 0.1703125 0.3109375 0.15625 0.3125 0.153125 0.3109375 0.1515625 0.2953125 0.153125 0.271875
1 0.2671875 0.2875 0.2734375 0.2890625 0.28125 0.2984375 0.2890625 0.3234375 0.2890625 0.3359375 0.2859375 0.3390625 0.271875 0.3375 0.2625 0.340625 0.253125 0.3328125 0.2453125 0.33125 0.24375 0.29375 0.2484375 0.2875 0.265625 0.2875
1 0.165625 0.2375 0.1765625 0.234375 0.1890625 0.2390625 0.196875 0.259375 0.1984375 0.275 0.1984375 0.2765625 0.1875 0.278125 0.18125 0.275 0.175 0.28125 0.16875 0.278125 0.1640625 0.271875 0.1625 0.2625 0.1625 0.25 0.165625 0.2390625
1 0.8859375 0.296875 0.890625 0.303125 0.89375 0.321875 0.8828125 0.3265625 0.871875 0.328125 0.865625 0.334375 0.85625 0.3515625 0.8484375 0.3609375 0.846875 0.35625 0.8484375 0.3421875 0.8390625 0.3234375 0.840625 0.3125 0.8453125 0.3125 0.8484375 0.3046875 0.8546875 0.2984375 0.884375 0.296875
1 0.2328125 0.2484375 0.2359375 0.246875 0.2546875 0.2484375 0.259375 0.2515625 0.2640625 0.2625 0.2640625 0.26875 0.259375 0.2734375 0.259375 0.2765625 0.2515625 0.278125 0.24375 0.2921875 0.240625 0.29375 0.234375 0.290625 0.23125 0.2828125 0.2296875 0.259375 0.2328125 0.25
1 0.95625 0.2671875 0.9609375 0.271875 0.9625 0.290625 0.9546875 0.290625 0.946875 0.296875 0.94375 0.2953125 0.934375 0.275 0.9390625 0.26875 0.9546875 0.2671875
1 0.803125 0.325 0.834375 0.3234375 0.8375 0.325 0.8453125 0.3375 0.8453125 0.3625 0.8421875 0.3734375 0.8375 0.371875 0.828125 0.3734375 0.821875 0.3859375 0.8171875 0.38125 0.8109375 0.38125 0.8078125 0.378125 0.7953125 0.378125 0.7921875 0.3828125 0.7859375 0.3828125 0.784375 0.3796875 0.7859375 0.353125 0.790625 0.3453125 0.7921875 0.3375 0.803125 0.3265625
1 0.978125 0.2859375 0.9984375 0.284375 0.9984375 0.3078125 0.9953125 0.3125 0.9828125 0.3140625 0.9765625 0.3125 0.98125 0.303125 0.9796875 0.296875 0.9765625 0.2953125 0.978125 0.2875
1 0.328125 0.2921875 0.3375 0.29375 0.3484375 0.3 0.3578125 0.3140625 0.365625 0.3328125 0.365625 0.346875 0.3625 0.3515625 0.3578125 0.35 0.3328125 0.3515625 0.325 0.34375 0.315625 0.340625 0.3109375 0.3359375 0.3109375 0.3296875 0.3078125 0.3265625 0.30625 0.3171875 0.309375 0.3 0.315625 0.29375 0.3265625 0.29375
1 0.1515625 0.2203125 0.159375 0.2234375 0.1640625 0.2296875 0.1625 0.2484375 0.153125 0.25 0.15 0.246875 0.15 0.221875
1 0.91875 0.2921875 0.921875 0.2984375 0.9234375 0.315625 0.9109375 0.3171875 0.9015625 0.321875 0.8953125 0.3203125 0.89375 0.309375 0.8875 0.29375 0.89375 0.2890625 0.9140625 0.2890625 0.9171875 0.2921875
1 0.9765625 0.2921875 0.98125 0.3015625 0.9796875 0.309375 0.9703125 0.3140625 0.96875 0.3046875 0.9625 0.3 0.9546875 0.2984375 0.953125 0.2953125 0.9609375 0.2921875 0.975 0.2921875
3 0.83125 0.26875 0.8390625 0.26875 0.840625 0.2796875 0.840625 0.2921875 0.8296875 0.29375 0.83125 0.2875 0.8296875 0.271875 0.83125 0.2703125
3 0.859375 0.4296875 0.8609375 0.4359375 0.8703125 0.4421875 0.8703125 0.4453125 0.875 0.45 0.8765625 0.465625 0.88125 0.4703125 0.8859375 0.465625 0.8859375 0.45 0.89375 0.4390625 0.896875 0.446875 0.896875 0.4609375 0.89375 0.46875 0.89375 0.4875 0.890625 0.4984375 0.8828125 0.5015625 0.8765625 0.4953125 0.86875 0.4953125 0.8578125 0.5109375 0.853125 0.5109375 0.85 0.50625 0.8515625 0.48125 0.859375 0.4671875 0.8578125 0.4515625 0.8609375 0.4390625 0.8578125 0.43125
3 0.3078125 0.325 0.3109375 0.3296875 0.3109375 0.3484375 0.309375 0.3515625 0.3078125 0.35 0.303125 0.353125 0.3 0.3515625 0.3 0.3421875 0.303125 0.3265625 0.30625 0.325
4 0.8046875 0.365625 0.8078125 0.3703125 0.79375 0.3703125 0.7921875 0.3671875 0.79375 0.3640625 0.803125 0.365625
4 0.3921875 0.45 0.3921875 0.4578125 0.3828125 0.4609375 0.3765625 0.4609375 0.375 0.453125 0.3796875 0.45 0.390625 0.45
4 0.94375 0.39375 0.95625 0.39375 0.9546875 0.3984375 0.946875 0.3984375 0.94375 0.3953125
4 0.85625 0.3859375 0.865625 0.3859375 0.8703125 0.390625 0.8609375 0.3921875 0.85625 0.390625 0.85625 0.3875