5 0.4390625 0.259375 0.440625 0.2625 0.440625 0.2953125 0.4421875 0.296875 0.4421875 0.3265625 0.4390625 0.3421875 0.4359375 0.346875 0.41875 0.35 0.4109375 0.3625 0.40625 0.3625 0.396875 0.3703125 0.3890625 0.3671875 0.3859375 0.3546875 0.3796875 0.3515625 0.353125 0.3515625 0.3515625 0.353125 0.340625 0.3515625 0.3328125 0.353125 0.3265625 0.359375 0.3234375 0.3578125 0.3171875 0.3625 0.3078125 0.3625 0.3046875 0.3578125 0.303125 0.3484375 0.29375 0.34375 0.2953125 0.3015625 0.3015625 0.2890625 0.30625 0.284375 0.315625 0.28125 0.31875 0.2625 0.328125 0.2578125 0.3453125 0.2578125 0.346875 0.259375 0.4359375 0.2578125 0.4375 0.259375
1 0.0453125 0.3375 0.0546875 0.34375 0.0703125 0.375 0.0734375 0.3875 0.0734375 0.4046875 0.071875 0.4078125 0.065625 0.4078125 0.059375 0.4046875 0.0578125 0.40625 0.0296875 0.40625 0.025 0.4109375 0.015625 0.3984375 0.00625 0.396875 0.003125 0.378125 0.0046875 0.35625 0.009375 0.34375 0.0140625 0.3390625 0.04375 0.3375
1 0.0328125 0.2953125 0.0453125 0.296875 0.0515625 0.3046875 0.0515625 0.3078125 0.0421875 0.315625 0.0359375 0.334375 0.0265625 0.3359375 0.0140625 0.334375 0.0140625 0.31875 0.0171875 0.3046875 0.0234375 0.296875 0.03125 0.296875
1 0.0109375 0.2546875 0.0234375 0.2546875 0.0296875 0.26875 0.028125 0.2796875 0.025 0.2796875 0.0140625 0.271875 0.0078125 0.2734375 0.0046875 0.26875 0.0109375 0.25625
1 0.0703125 0.3703125 0.0578125 0.34375 0.05 0.3375 0.0421875 0.3359375 0.0390625 0.3328125 0.04375 0.315625 0.0515625 0.309375 0.075 0.309375 0.0765625 0.3109375 0.0734375 0.325 0.0734375 0.371875 0.071875 0.3703125
1 0.7421875 0.278125 0.0421875 0.04609375
1 0.8328125 0.2515625 0.83125 0.246875 0.834375 0.2296875 0.84375 0.2234375 0.8484375 0.2234375 0.8484375 0.246875 0.846875 0.2515625 0.840625 0.253125 0.834375 0.2515625
1 0.8015625 0.26875 0.03671875 0.04609375
1 0.6609375 0.29375 0.6703125 0.296875 0.671875 0.3 0.6734375 0.3078125 0.671875 0.3265625 0.6671875 0.3390625 0.65625 0.340625 0.6515625 0.346875 0.6234375 0.3421875 0.6203125 0.3328125 0.6203125 0.3234375 0.6390625 0.2984375 0.6515625 0.29375 0.659375 0.29375
1 0.21875 0.3234375 0.225 0.325 0.2296875 0.3296875 0.246875 0.3546875 0.25 0.3734375 0.2484375 0.3828125 0.2453125 0.3859375 0.2390625 0.3859375 0.228125 0.38125 0.2203125 0.3625 0.21875 0.353125 0.2125 0.346875 0.209375 0.35 0.209375 0.365625 0.20625 0.3765625 0.1984375 0.3765625 0.1921875 0.3796875 0.1875 0.3765625 0.184375 0.359375 0.1890625 0.3296875 0.1921875 0.325 0.196875 0.3234375 0.2171875 0.3234375
1 0.0203125 0.284375 0.028125 0.2875 0.0328125 0.29375 0.021875 0.296875 0.015625 0.3046875 0.0125 0.33125 0.00625 0.33125 0 0.3234375 0 0.290625 0.0078125 0.284375 0.01875 0.284375
1 0.6078125 0.3359375 0.6109375 0.3375 0.6140625 0.34375 0.615625 0.353125 0.615625 0.3859375 0.6109375 0.39375 0.6046875 0.3921875 0.5953125 0.396875 0.5875 0.409375 0.571875 0.403125 0.55625 0.403125 0.553125 0.40625 0.55 0.403125 0.5515625 0.3734375 0.5640625 0.3515625 0.578125 0.3375 0.584375 0.334375 0.6046875 0.334375 0.60625 0.3359375
1 0.165625 0.30625 0.1703125 0.309375 0.1765625 0.3203125 0.184375 0.328125 0.1859375 0.334375 0.184375 0.3625 0.18125 0.3671875 0.1734375 0.365625 0.165625 0.3671875 0.1578125 0.371875 0.153125 0.371875 0.14375 0.3625 0.1359375 0.334375 0.128125 0.31875 0.125 0.3171875 0.1234375 0.3109375 0.1328125 0.3046875 0.1578125 0.303125 0.1640625 0.30625
2 0.109375 0.35703125 0.0734375 0.07265625
2 0.6953125 0.3359375 0.0546875 0.08203125
3 0.215625 0.3875 0.2203125 0.384375 0.2265625 0.3859375 0.2328125 0.41875 0.2296875 0.4296875 0.225 0.4265625 0.2234375 0.41875 0.2203125 0.415625 0.2171875 0.4171875 0.215625 0.421875 0.2125 0.421875 0.2109375 0.4 0.215625 0.3890625
3 0.7703125 0.4375 0.775 0.44375 0.775 0.4484375 0.771875 0.453125 0.771875 0.4671875 0.778125 0.478125 0.784375 0.465625 0.7953125 0.4625 0.8109375 0.4640625 0.8125 0.471875 0.809375 0.48125 0.809375 0.4921875 0.803125 0.50625 0.796875 0.50625 0.784375 0.4921875 0.7765625 0.490625 0.7734375 0.4875 0.7671875 0.4875 0.7609375 0.4953125 0.753125 0.4921875 0.75 0.484375 0.7515625 0.4703125 0.7546875 0.4640625 0.7609375 0.459375 0.7640625 0.440625 0.76875 0.4375
3 0.278125 0.3546875 0.2828125 0.35625 0.2828125 0.36875 0.2875 0.384375 0.2859375 0.4015625 0.2796875 0.4015625 0.278125 0.3984375 0.26875 0.3984375 0.26875 0.3796875 0.271875 0.3671875 0.278125 0.35625
4 0.175 0.35625 0.1734375 0.353125 0.175 0.35 0.1828125 0.35 0.1828125 0.3546875 0.1765625 0.35625
4 0.55625 0.3921875 0.56875 0.39375 0.5671875 0.3984375 0.559375 0.3984375 0.55625 0.396875 0.55625 0.39375
4 0.24375 0.36875 0.24375 0.3734375 0.2328125 0.3765625 0.23125 0.371875 0.234375 0.36875 0.2421875 0.36875
4 0.0453125 0.3921875 0.059375 0.3921875 0.0578125 0.396875 0.0453125 0.396875 0.0453125 0.39375
4 0.5640625 0.39375 0.5640625 0.396875 0.559375 0.3984375 0.5546875 0.39375 0.55625 0.3921875 0.5625 0.39375
4 0.13125 0.3796875 0.1296875 0.3859375 0.11875 0.3859375 0.11875 0.38125 0.1296875 0.3796875