1 0.98125 0.2875 0.9890625 0.2890625 0.9921875 0.2921875 0.9953125 0.3109375 0.990625 0.3171875 0.98125 0.3171875 0.9734375 0.3234375 0.9703125 0.321875 0.96875 0.3109375 0.9625 0.3015625 0.9625 0.29375 0.96875 0.2890625 0.9796875 0.2875
1 0.4453125 0.453125 0.4609375 0.4671875 0.4765625 0.5015625 0.4765625 0.5109375 0.4796875 0.51875 0.478125 0.55625 0.475 0.5625 0.465625 0.55625 0.4296875 0.5625 0.4203125 0.575 0.415625 0.5734375 0.4125 0.5671875 0.409375 0.55 0.3953125 0.5375 0.3921875 0.5359375 0.3828125 0.5375 0.378125 0.53125 0.3765625 0.5171875 0.378125 0.4890625 0.39375 0.465625 0.4015625 0.459375 0.4203125 0.453125 0.44375 0.453125
1 0.95625 0.3375 0.9578125 0.3390625 0.9625 0.3375 0.98125 0.3390625 0.984375 0.34375 0.9875 0.353125 0.9875 0.371875 0.9890625 0.3734375 0.9859375 0.3953125 0.9765625 0.3984375 0.9734375 0.403125 0.965625 0.4015625 0.9390625 0.4046875 0.9328125 0.4078125 0.9265625 0.40625 0.9265625 0.3859375 0.93125 0.36875 0.94375 0.34375 0.95 0.3390625 0.9546875 0.3390625
1 0.2328125 0.2484375 0.2375 0.25 0.2390625 0.2546875 0.2359375 0.2671875 0.2375 0.2734375 0.2265625 0.271875 0.2234375 0.2578125 0.21875 0.253125 0.2203125 0.2484375 0.23125 0.2484375
1 0.1578125 0.225 0.171875 0.225 0.175 0.228125 0.171875 0.253125 0.16875 0.25625 0.159375 0.25625 0.153125 0.2484375 0.1546875 0.2296875 0.1578125 0.2265625
1 0.2203125 0.3171875 0.228125 0.3296875 0.234375 0.3484375 0.234375 0.3703125 0.228125 0.371875 0.21875 0.3671875 0.2046875 0.3703125 0.2015625 0.3734375 0.1984375 0.3734375 0.1921875 0.365625 0.184375 0.3609375 0.1828125 0.3515625 0.184375 0.334375 0.1890625 0.325 0.1953125 0.31875 0.2125 0.315625 0.21875 0.3171875
1 0.2 0.228125 0.2046875 0.23125 0.209375 0.246875 0.20625 0.2484375 0.196875 0.246875 0.1921875 0.2515625 0.1890625 0.2671875 0.1828125 0.265625 0.18125 0.24375 0.1875 0.2296875 0.1984375 0.228125
1 0.2515625 0.284375 0.253125 0.2875 0.26875 0.2859375 0.2765625 0.2921875 0.28125 0.3 0.2828125 0.3109375 0.2875 0.321875 0.2875 0.3328125 0.284375 0.3375 0.2765625 0.3359375 0.2578125 0.3375 0.2515625 0.33125 0.2484375 0.33125 0.24375 0.3234375 0.24375 0.3125 0.2453125 0.3109375 0.2453125 0.2953125 0.2515625 0.2859375
1 0.7890625 0.7953125 0.809375 0.7984375 0.840625 0.8125 0.853125 0.8125 0.8765625 0.803125 0.9015625 0.8046875 0.9109375 0.8125 0.9171875 0.8140625 0.91875 0.8171875 0.9375 0.828125 0.9875 0.86875 0.9984375 0.875 0.9984375 0.9859375 0.9953125 0.9921875 0.990625 0.9953125 0.971875 0.9984375 0.878125 0.9984375 0.8765625 0.996875 0.875 0.9984375 0.8640625 0.996875 0.8109375 0.9984375 0.8046875 0.99375 0.803125 0.9890625 0.7890625 0.9734375 0.76875 0.95625 0.7625 0.9578125 0.75 0.9671875 0.7453125 0.9671875 0.740625 0.9640625 0.728125 0.9375 0.7234375 0.90625 0.7171875 0.8984375 0.7125 0.896875 0.7078125 0.88125 0.7078125 0.846875 0.7109375 0.8390625 0.7265625 0.81875 0.7390625 0.809375 0.765625 0.7984375 0.7875 0.7953125
1 0.30625 0.2796875 0.3140625 0.284375 0.3140625 0.2875 0.321875 0.2984375 0.325 0.3078125 0.325 0.3203125 0.321875 0.3234375 0.3015625 0.3234375 0.3 0.325 0.29375 0.325 0.2859375 0.3109375 0.2859375 0.284375 0.290625 0.2796875 0.3046875 0.2796875
1 0.2484375 0.2796875 0.2484375 0.2890625 0.24375 0.3 0.2421875 0.3171875 0.2328125 0.3203125 0.2296875 0.3203125 0.2203125 0.3109375 0.21875 0.30625 0.2203125 0.2859375 0.228125 0.275 0.240625 0.2765625 0.246875 0.2796875
1 0.8296875 0.321875 0.8390625 0.3234375 0.8421875 0.3328125 0.84375 0.3453125 0.8421875 0.3671875 0.8375 0.38125 0.83125 0.378125 0.825 0.378125 0.8140625 0.3890625 0.8078125 0.3859375 0.809375 0.3640625 0.803125 0.3421875 0.8 0.3421875 0.796875 0.346875 0.796875 0.353125 0.790625 0.3640625 0.7890625 0.3796875 0.7859375 0.3875 0.7796875 0.3875 0.7765625 0.3828125 0.775 0.3625 0.7890625 0.334375 0.7984375 0.325 0.8078125 0.321875 0.828125 0.321875
1 0.9765625 0.559375 0.9984375 0.56875 0.9984375 0.753125 0.9921875 0.7515625 0.978125 0.740625 0.946875 0.721875 0.9421875 0.721875 0.9390625 0.7265625 0.9328125 0.728125 0.9234375 0.7265625 0.91875 0.7234375 0.9140625 0.715625 0.9125 0.7 0.9078125 0.684375 0.909375 0.6578125 0.9140625 0.64375 0.9140625 0.625 0.9171875 0.61875 0.91875 0.6046875 0.93125 0.5734375 0.9375 0.5671875 0.9484375 0.5625 0.9546875 0.5625 0.9609375 0.559375 0.975 0.559375
1 0.2453125 0.25625 0.253125 0.2609375 0.2484375 0.278125 0.2359375 0.2734375 0.2375 0.2578125 0.240625 0.2546875 0.24375 0.25625
1 0.209375 0.2484375 0.2140625 0.25 0.221875 0.2578125 0.225 0.2671875 0.225 0.2765625 0.21875 0.2859375 0.2171875 0.2984375 0.20625 0.303125 0.2 0.296875 0.19375 0.2953125 0.1921875 0.290625 0.1921875 0.253125 0.196875 0.2484375 0.2078125 0.2484375
1 0.278125 0.2625 0.28125 0.2640625 0.2875 0.275 0.2875 0.2796875 0.284375 0.2828125 0.2828125 0.2984375 0.2671875 0.284375 0.2625 0.2859375 0.2515625 0.284375 0.2515625 0.2703125 0.25625 0.2625 0.2765625 0.2625
1 0.73125 0.425 0.765625 0.44375 0.784375 0.459375 0.790625 0.4703125 0.8 0.4796875 0.803125 0.49375 0.8328125 0.51875 0.8375 0.5375 0.840625 0.5421875 0.840625 0.584375 0.8375 0.590625 0.796875 0.603125 0.771875 0.6015625 0.7640625 0.6109375 0.7546875 0.6109375 0.7484375 0.6015625 0.74375 0.584375 0.7046875 0.5515625 0.6953125 0.5484375 0.6859375 0.559375 0.678125 0.5546875 0.675 0.546875 0.6734375 0.525 0.665625 0.509375 0.6671875 0.4625 0.6703125 0.453125 0.675 0.4484375 0.68125 0.4296875 0.690625 0.425 0.709375 0.421875 0.7203125 0.421875 0.7296875 0.425
1 0.9625 0.303125 0.9671875 0.309375 0.9703125 0.3265625 0.9671875 0.3328125 0.9625 0.3359375 0.946875 0.3375 0.94375 0.3359375 0.9390625 0.315625 0.93125 0.3078125 0.9390625 0.3 0.959375 0.3 0.9609375 0.303125
1 0.3703125 0.296875 0.3828125 0.3 0.3953125 0.3078125 0.403125 0.3234375 0.4078125 0.325 0.4125 0.346875 0.4125 0.3671875 0.4078125 0.3734375 0.40625 0.371875 0.3890625 0.371875 0.3796875 0.3765625 0.3765625 0.3765625 0.371875 0.3671875 0.3671875 0.3640625 0.3625 0.3625 0.35 0.3640625 0.3453125 0.3578125 0.3421875 0.346875 0.3421875 0.325 0.346875 0.3 0.3515625 0.296875 0.36875 0.296875
1 0.934375 0.3125 0.9390625 0.31875 0.94375 0.3375 0.9359375 0.35 0.9265625 0.3734375 0.9109375 0.3734375 0.909375 0.3671875 0.9109375 0.3546875 0.9078125 0.3359375 0.896875 0.3234375 0.90625 0.3125 0.915625 0.309375 0.9265625 0.309375 0.9328125 0.3125
1 0.89375 0.259375 0.9 0.2703125 0.9 0.2796875 0.896875 0.2859375 0.871875 0.2859375 0.86875 0.2796875 0.8703125 0.2625 0.8734375 0.259375 0.8765625 0.2578125 0.8921875 0.259375
1 0.9703125 0.3359375 0.971875 0.3296875 0.978125 0.321875 0.9875 0.31875 0.9984375 0.31875 0.9984375 0.38125 0.9953125 0.3828125 0.990625 0.3828125 0.9890625 0.378125 0.9875 0.346875 0.9796875 0.3375 0.971875 0.3359375
1 0.9 0.328125 0.90625 0.334375 0.909375 0.3484375 0.9078125 0.3828125 0.9046875 0.3875 0.9015625 0.3859375 0.89375 0.3875 0.8875 0.3984375 0.8828125 0.3984375 0.878125 0.3953125 0.8453125 0.396875 0.8421875 0.3953125 0.840625 0.384375 0.84375 0.3765625 0.84375 0.36875 0.8515625 0.3484375 0.8640625 0.3328125 0.871875 0.328125 0.8984375 0.328125
3 0.7921875 0.3734375 0.8015625 0.375 0.8 0.390625 0.803125 0.39375 0.8 0.4109375 0.7953125 0.4125 0.790625 0.41875 0.7875 0.4171875 0.7875 0.3890625 0.7921875 0.375
3 0.834375 0.29921875 0.01171875 0.02109375
4 0.4484375 0.51875 0.4546875 0.5171875 0.4578125 0.51875 0.4578125 0.5296875 0.4546875 0.5328125 0.4484375 0.5328125 0.4484375 0.5203125
4 0.7859375 0.3734375 0.7890625 0.3765625 0.7890625 0.38125 0.7859375 0.3828125 0.778125 0.3796875 0.784375 0.3734375
4 0.9484375 0.39375 0.95 0.396875 0.9484375 0.3984375 0.934375 0.396875 0.9359375 0.39375 0.946875 0.39375
4 0.8109375 0.571875 0.8265625 0.5671875 0.8328125 0.56875 0.83125 0.5765625 0.8140625 0.58125 0.8109375 0.5796875 0.8109375 0.5734375
4 0.8734375 0.2734375 0.884375 0.275 0.8796875 0.278125 0.8734375 0.275
4 0.4046875 0.3546875 0.40625 0.35625 0.4046875 0.3609375 0.396875 0.3609375 0.396875 0.35625 0.403125 0.3546875
4 0.21796875 0.34921875 0.00859375 0.009375
4 0.7875 0.371875 0.7859375 0.378125 0.7796875 0.3765625 0.778125 0.3734375 0.7796875 0.3703125 0.7859375 0.371875
4 0.778125 0.3671875 0.784375 0.3671875 0.7890625 0.3703125 0.7859375 0.3734375 0.78125 0.3734375 0.778125 0.36875
4 0.85 0.3828125 0.865625 0.384375 0.865625 0.3875 0.853125 0.3875 0.85 0.384375