1 0.0484375 0.265625 0.05625 0.2734375 0.0578125 0.2828125 0.05625 0.2859375 0.0515625 0.2859375 0.046875 0.2921875 0.025 0.290625 0.0234375 0.2859375 0.025 0.2671875 0.028125 0.2640625 0.0453125 0.2640625 0.046875 0.265625
1 0.834375 0.228125 0.8375 0.234375 0.8375 0.2515625 0.834375 0.2578125 0.8296875 0.2546875 0.8203125 0.2578125 0.8171875 0.2453125 0.8171875 0.2375 0.8203125 0.2296875 0.8328125 0.228125
1 0.6625 0.2984375 0.6671875 0.3 0.6703125 0.30625 0.671875 0.3296875 0.66875 0.3359375 0.6578125 0.3375 0.65 0.3453125 0.625 0.34375 0.621875 0.3375 0.6234375 0.321875 0.6265625 0.3140625 0.6390625 0.2984375 0.6421875 0.296875 0.6609375 0.2984375
1 0 0.2484375 0.00625 0.25 0.009375 0.2671875 0.009375 0.271875 0.00625 0.2765625 0 0.2734375 0 0.25
1 0.0625 0.2796875 0.0796875 0.28125 0.0859375 0.284375 0.0859375 0.2875 0.0796875 0.290625 0.0765625 0.2953125 0.0734375 0.3140625 0.0703125 0.3125 0.0671875 0.303125 0.059375 0.296875 0.059375 0.2828125 0.0625 0.28125
1 0.0796875 0.390625 0.0765625 0.384375 0.075 0.3421875 0.0796875 0.334375 0.0796875 0.3296875 0.0875 0.321875 0.1125 0.3234375 0.1171875 0.325 0.1265625 0.334375 0.1328125 0.34375 0.134375 0.3515625 0.140625 0.3578125 0.146875 0.3703125 0.146875 0.3890625 0.1390625 0.4 0.134375 0.396875 0.1125 0.396875 0.1078125 0.3984375 0.1046875 0.4046875 0.0984375 0.4046875 0.0921875 0.3921875 0.0875 0.3875 0.08125 0.390625
1 0.0359375 0.325 0.040625 0.328125 0.0515625 0.3296875 0.059375 0.340625 0.0640625 0.3625 0.0734375 0.3890625 0.0734375 0.409375 0.065625 0.4109375 0.0625 0.4078125 0.028125 0.4078125 0.025 0.4125 0.0203125 0.4109375 0.01875 0.403125 0.009375 0.3953125 0.0109375 0.3375 0.015625 0.328125 0.0234375 0.325 0.034375 0.325
1 0.0484375 0.296875 0.0609375 0.3 0.0703125 0.3140625 0.0578125 0.3203125 0.053125 0.3265625 0.0375 0.3234375 0.03125 0.3203125 0.0296875 0.315625 0.03125 0.303125 0.034375 0.3 0.046875 0.296875
1 0.75234375 0.278125 0.034375 0.040625
1 0.703125 0.3359375 0.0484375 0.05546875
1 0.0796875 0.3171875 0.084375 0.31875 0.0859375 0.321875 0.078125 0.3296875 0.0734375 0.3421875 0.075 0.3578125 0.0734375 0.38125 0.0625 0.3421875 0.0546875 0.328125 0.05625 0.3234375 0.0625 0.31875 0.078125 0.3171875
1 0.76796875 0.2640625 0.0265625 0.03828125
1 0.84453125 0.234375 0.01328125 0.02890625
1 0 0.3140625 0.01875 0.3140625 0.028125 0.3203125 0.028125 0.3234375 0.0140625 0.328125 0.0109375 0.3328125 0.0078125 0.3578125 0.0078125 0.3859375 0.0015625 0.3875 0 0.3859375 0 0.315625
1 0.6359375 0.3953125 0.640625 0.396875 0.646875 0.403125 0.653125 0.4296875 0.65625 0.434375 0.6625 0.4359375 0.6609375 0.440625 0.65625 0.44375 0.65625 0.459375 0.659375 0.4734375 0.6578125 0.5015625 0.65 0.5015625 0.6453125 0.4984375 0.6046875 0.496875 0.6015625 0.4921875 0.603125 0.4421875 0.6 0.4375 0.6 0.43125 0.6046875 0.4265625 0.6078125 0.409375 0.6140625 0.396875 0.625 0.39375 0.634375 0.3953125
1 0.7921875 0.26875 0.790625 0.2609375 0.7921875 0.253125 0.803125 0.2390625 0.8140625 0.2390625 0.8171875 0.2421875 0.81875 0.2625 0.8125 0.2671875 0.79375 0.26875
1 0.1109375 0.296875 0.14375 0.2984375 0.1578125 0.3140625 0.159375 0.3234375 0.15 0.3390625 0.1515625 0.359375 0.15 0.3625 0.1453125 0.3625 0.125 0.3296875 0.11875 0.3234375 0.109375 0.31875 0.1078125 0.3046875 0.1109375 0.2984375
1 0.1921875 0.3234375 0.1984375 0.328125 0.2015625 0.3359375 0.20625 0.3390625 0.2109375 0.35 0.2140625 0.3609375 0.2140625 0.3796875 0.2125 0.3828125 0.20625 0.3828125 0.2 0.378125 0.2 0.3640625 0.1953125 0.35 0.190625 0.3453125 0.1875 0.35 0.1828125 0.3796875 0.178125 0.3859375 0.1734375 0.3828125 0.1703125 0.375 0.159375 0.3734375 0.15625 0.3703125 0.153125 0.3625 0.153125 0.34375 0.1515625 0.3421875 0.1578125 0.3296875 0.1640625 0.3234375 0.190625 0.3234375
1 0.71875 0.271875 0.7234375 0.2796875 0.7328125 0.284375 0.7328125 0.2953125 0.7265625 0.3046875 0.7265625 0.3109375 0.7234375 0.3125 0.71875 0.3078125 0.70625 0.30625 0.6890625 0.3078125 0.6859375 0.303125 0.6859375 0.296875 0.696875 0.275 0.7 0.271875 0.7171875 0.271875
1 0 0.284375 0.0078125 0.2828125 0.01875 0.284375 0.021875 0.2890625 0.0171875 0.3 0.01875 0.3109375 0.003125 0.3125 0 0.2859375
1 0.6796875 0.340625 0.6890625 0.35625 0.690625 0.3890625 0.678125 0.4109375 0.6671875 0.403125 0.6609375 0.4046875 0.65 0.403125 0.6421875 0.3953125 0.640625 0.390625 0.6421875 0.3625 0.6484375 0.3578125 0.653125 0.3453125 0.6625 0.3390625 0.678125 0.340625
1 0.0875 0.2875 0.0890625 0.2890625 0.10625 0.2890625 0.109375 0.2921875 0.10625 0.30625 0.10625 0.3203125 0.09375 0.3203125 0.0890625 0.3171875 0.075 0.3140625 0.078125 0.29375 0.0828125 0.2890625 0.0859375 0.2890625
1 0.0453125 0.29375 0.046875 0.296875 0.0359375 0.2984375 0.0296875 0.303125 0.028125 0.315625 0.0203125 0.3125 0.0171875 0.3078125 0.0171875 0.3 0.0203125 0.29375 0.021875 0.2921875 0.04375 0.29375
3 0.45 0.3328125 0.4609375 0.3296875 0.465625 0.340625 0.475 0.3296875 0.475 0.3453125 0.4765625 0.346875 0.475 0.3625 0.46875 0.3625 0.45625 0.3578125 0.4515625 0.3625 0.4453125 0.3640625 0.4421875 0.359375 0.4421875 0.3546875 0.45 0.334375
3 0.1359375 0.4390625 0.1390625 0.44375 0.140625 0.4546875 0.1390625 0.4703125 0.146875 0.484375 0.1484375 0.49375 0.146875 0.5078125 0.14375 0.5109375 0.1390625 0.5109375 0.128125 0.4953125 0.11875 0.5015625 0.1125 0.5015625 0.1078125 0.4984375 0.1046875 0.490625 0.1015625 0.4625 0.103125 0.45 0.1078125 0.4484375 0.1109375 0.4515625 0.1109375 0.459375 0.1140625 0.465625 0.11875 0.4671875 0.121875 0.4609375 0.121875 0.4484375 0.134375 0.440625
3 0.3 0.3171875 0.303125 0.3265625 0.3109375 0.328125 0.3125 0.3421875 0.309375 0.3484375 0.3015625 0.34375 0.296875 0.3453125 0.2921875 0.34375 0.2921875 0.3296875 0.2953125 0.31875 0.2984375 0.3171875
3 0.725 0.725 0.7421875 0.7390625 0.74375 0.746875 0.75 0.7546875 0.753125 0.771875 0.7703125 0.7890625 0.7703125 0.796875 0.7640625 0.8 0.7671875 0.80625 0.765625 0.821875 0.7734375 0.8234375 0.778125 0.828125 0.7828125 0.8203125 0.778125 0.80625 0.7796875 0.7546875 0.784375 0.7515625 0.7828125 0.7484375 0.7859375 0.7484375 0.790625 0.75625 0.8 0.7640625 0.8015625 0.7625 0.8 0.746875 0.809375 0.7265625 0.80625 0.7484375 0.8140625 0.7578125 0.8203125 0.778125 0.8203125 0.79375 0.8171875 0.8 0.83125 0.8140625 0.8359375 0.825 0.8359375 0.828125 0.83125 0.8328125 0.8375 0.853125 0.8375 0.8796875 0.834375 0.890625 0.828125 0.896875 0.8171875 0.8953125 0.8015625 0.8796875 0.7984375 0.8734375 0.7984375 0.8515625 0.7921875 0.8375 0.78125 0.84375 0.771875 0.840625 0.7640625 0.8328125 0.7578125 0.83125 0.746875 0.8234375 0.7390625 0.821875 0.7265625 0.8234375 0.7234375 0.8203125 0.7203125 0.809375 0.7203125 0.7875 0.721875 0.7859375 0.721875 0.7765625 0.71875 0.7734375 0.7203125 0.7625 0.715625 0.7578125 0.71875 0.7515625 0.7171875 0.7265625 0.7234375 0.725
3 0.403125 0.3734375 0.4109375 0.371875 0.409375 0.390625 0.4125 0.4015625 0.4171875 0.4078125 0.4203125 0.3921875 0.4265625 0.3890625 0.4296875 0.3984375 0.4296875 0.415625 0.43125 0.4171875 0.43125 0.425 0.4265625 0.4265625 0.4171875 0.421875 0.4140625 0.4171875 0.4109375 0.41875 0.4046875 0.415625 0.4015625 0.409375 0.403125 0.375
3 0.165625 0.26875 0.16875 0.271875 0.16875 0.290625 0.1703125 0.2921875 0.16875 0.29375 0.159375 0.2921875 0.159375 0.2734375 0.1640625 0.26875
4 0.2078125 0.3625 0.209375 0.3703125 0.2015625 0.3703125 0.2015625 0.3640625 0.20625 0.3625
4 0.65703125 0.3953125 0.015625 0.00703125
4 0.6328125 0.48125 0.6421875 0.484375 0.6421875 0.4875 0.6265625 0.4890625 0.6234375 0.4875 0.6234375 0.484375 0.63125 0.4828125
4 0.0421875 0.39375 0.0578125 0.39375 0.0578125 0.396875 0.0546875 0.3984375 0.04375 0.3984375 0.0421875 0.3953125
4 0.63125 0.3328125 0.634375 0.334375 0.6328125 0.3390625 0.6265625 0.3359375 0.6296875 0.3328125
4 0.13046875 0.384375 0.01484375 0.00859375
4 0.0515625 0.39375 0.0546875 0.3984375 0.05 0.4 0.0453125 0.3984375 0.05 0.39375