5 0.2421875 0.234375 0.2640625 0.2421875 0.278125 0.2515625 0.278125 0.2671875 0.2828125 0.2796875 0.2828125 0.3109375 0.284375 0.3125 0.2828125 0.325 0.253125 0.328125 0.2484375 0.33125 0.2453125 0.3234375 0.2375 0.315625 0.23125 0.315625 0.2296875 0.3125 0.228125 0.3015625 0.221875 0.2890625 0.221875 0.26875 0.21875 0.2640625 0.2203125 0.2375 0.2234375 0.234375 0.240625 0.234375
1 0.871875 0.259375 0.8765625 0.2578125 0.89375 0.259375 0.9 0.2703125 0.9 0.278125 0.896875 0.2859375 0.8703125 0.2859375 0.86875 0.271875 0.871875 0.2609375
1 0.1328125 0.2625 0.1375 0.2953125 0.1265625 0.3 0.121875 0.296875 0.1203125 0.2921875 0.1203125 0.2734375 0.1265625 0.2640625 0.13125 0.2625
1 0.2140625 0.265625 0.2203125 0.26875 0.2203125 0.2875 0.2234375 0.29375 0.2234375 0.303125 0.2125 0.303125 0.2015625 0.2921875 0.2015625 0.2734375 0.20625 0.2671875 0.2125 0.2671875
1 0.940625 0.3390625 0.95625 0.3296875 0.9671875 0.328125 0.9828125 0.3296875 0.9890625 0.340625 0.9921875 0.3515625 0.9921875 0.378125 0.9890625 0.3953125 0.9796875 0.396875 0.9734375 0.4046875 0.9734375 0.4078125 0.9703125 0.409375 0.9609375 0.403125 0.940625 0.4015625 0.9328125 0.3984375 0.934375 0.3765625 0.9296875 0.371875 0.9296875 0.36875 0.9359375 0.3484375 0.940625 0.340625
1 0.9984375 0.303125 0.9984375 0.3796875 0.996875 0.38125 0.99375 0.3796875 0.99375 0.35 0.990625 0.3453125 0.990625 0.340625 0.98125 0.328125 0.9734375 0.3265625 0.975 0.3171875 0.9796875 0.309375 0.9890625 0.303125 0.996875 0.303125
1 0.203125 0.2984375 0.2125 0.3046875 0.2171875 0.3171875 0.2203125 0.334375 0.2203125 0.346875 0.2171875 0.353125 0.2125 0.3515625 0.2078125 0.3453125 0.1984375 0.3453125 0.1921875 0.3515625 0.184375 0.353125 0.18125 0.3421875 0.1734375 0.3296875 0.171875 0.3203125 0.18125 0.309375 0.1828125 0.3015625 0.2015625 0.2984375
1 0.1671875 0.2796875 0.175 0.2796875 0.18125 0.2875 0.1828125 0.3 0.178125 0.3109375 0.171875 0.3171875 0.16875 0.3265625 0.165625 0.328125 0.15625 0.328125 0.146875 0.31875 0.146875 0.2984375 0.15625 0.2828125 0.1609375 0.284375 0.1671875 0.28125
1 0.9390625 0.2875 0.9453125 0.296875 0.934375 0.3046875 0.925 0.3203125 0.9125 0.31875 0.9109375 0.290625 0.9203125 0.284375 0.934375 0.284375 0.9375 0.2875
1 0.865625 0.3140625 0.8734375 0.328125 0.8734375 0.353125 0.8703125 0.3578125 0.8578125 0.3609375 0.853125 0.3703125 0.8484375 0.3703125 0.8453125 0.3671875 0.825 0.3671875 0.821875 0.3703125 0.8171875 0.3703125 0.8140625 0.3671875 0.8140625 0.3484375 0.821875 0.328125 0.83125 0.3171875 0.8421875 0.3125 0.8640625 0.3140625
1 0.196875 0.2328125 0.20625 0.2390625 0.2125 0.2546875 0.2125 0.2625 0.209375 0.265625 0.196875 0.26875 0.190625 0.26875 0.1828125 0.2640625 0.18125 0.2484375 0.184375 0.234375 0.1953125 0.2328125
1 0.990625 0.296875 0.990625 0.3015625 0.9859375 0.303125 0.971875 0.31875 0.9671875 0.309375 0.9609375 0.303125 0.9546875 0.3015625 0.9578125 0.2953125 0.9640625 0.2921875 0.975 0.2921875 0.9859375 0.29375 0.9890625 0.296875
1 0.9796875 0.2796875 0.9875 0.2765625 0.9984375 0.2765625 0.996875 0.2953125 0.9765625 0.2921875 0.975 0.2890625 0.9796875 0.28125
1 0.9140625 0.321875 0.928125 0.325 0.9359375 0.3390625 0.928125 0.3671875 0.915625 0.3859375 0.8984375 0.38125 0.8859375 0.38125 0.8765625 0.3859375 0.8734375 0.38125 0.8734375 0.3578125 0.8765625 0.35 0.8859375 0.3390625 0.89375 0.325 0.9015625 0.321875 0.9125 0.321875
1 0.315625 0.2796875 0.325 0.284375 0.3328125 0.3 0.334375 0.31875 0.328125 0.328125 0.321875 0.325 0.3203125 0.3171875 0.3171875 0.3140625 0.3125 0.3171875 0.309375 0.328125 0.3 0.3265625 0.29375 0.3171875 0.2953125 0.284375 0.3 0.2796875 0.3140625 0.2796875
1 0.69375 0.3375 0.696875 0.3390625 0.7015625 0.3484375 0.703125 0.3640625 0.7015625 0.390625 0.696875 0.3953125 0.6921875 0.39375 0.690625 0.3953125 0.684375 0.4109375 0.68125 0.4109375 0.6703125 0.4 0.6546875 0.3984375 0.646875 0.4125 0.640625 0.409375 0.6359375 0.3828125 0.6359375 0.3703125 0.64375 0.334375 0.653125 0.328125 0.6640625 0.325 0.68125 0.325 0.6890625 0.3296875 0.6921875 0.3375
1 0.9 0.290625 0.9078125 0.29375 0.909375 0.3171875 0.90625 0.3203125 0.8953125 0.321875 0.8875 0.3296875 0.884375 0.3375 0.8765625 0.346875 0.875 0.3453125 0.875 0.328125 0.8671875 0.3109375 0.8734375 0.2984375 0.878125 0.29375 0.8984375 0.290625
1 0.95625 0.303125 0.965625 0.309375 0.96875 0.3234375 0.965625 0.3265625 0.953125 0.328125 0.9390625 0.3375 0.9265625 0.321875 0.928125 0.3171875 0.9375 0.3046875 0.9546875 0.303125
3 0.8078125 0.28125 0.8140625 0.2828125 0.8140625 0.296875 0.8109375 0.30625 0.809375 0.3078125 0.8046875 0.30625 0.80625 0.2828125
3 0.6828125 0.5125 0.6875 0.521875 0.6921875 0.521875 0.696875 0.51875 0.7046875 0.5234375 0.703125 0.528125 0.7046875 0.5375 0.7140625 0.5546875 0.715625 0.565625 0.7125 0.584375 0.709375 0.5875 0.7046875 0.5859375 0.703125 0.5828125 0.696875 0.60625 0.69375 0.609375 0.6890625 0.60625 0.6859375 0.5875 0.6859375 0.5640625 0.6890625 0.5578125 0.6875 0.5453125 0.6890625 0.528125 0.684375 0.521875 0.6828125 0.5140625
3 0.15703125 0.3921875 0.01328125 0.04140625
3 0.725 0.3609375 0.728125 0.3625 0.7296875 0.3734375 0.7234375 0.4 0.71875 0.396875 0.715625 0.3890625 0.7171875 0.3640625 0.7234375 0.3609375
4 0.9359375 0.3890625 0.9515625 0.3890625 0.9546875 0.3921875 0.9546875 0.3953125 0.9359375 0.3953125 0.9328125 0.39375 0.9359375 0.390625
4 0.1703125 0.3 0.175 0.3015625 0.175 0.3078125 0.16875 0.3078125 0.1703125 0.3015625
4 0.203125 0.321875 0.20625 0.3234375 0.20625 0.328125 0.203125 0.33125 0.1984375 0.3296875 0.1984375 0.3234375 0.2015625 0.321875
4 0.821875 0.353125 0.8328125 0.353125 0.83125 0.3578125 0.825 0.3578125 0.821875 0.3546875
4 0.659375 0.36875 0.6671875 0.36875 0.66875 0.3734375 0.6671875 0.378125 0.659375 0.378125 0.659375 0.3703125