1 0.890625 0.2578125 0.8953125 0.2640625 0.8953125 0.275 0.8890625 0.2859375 0.8703125 0.2859375 0.86875 0.284375 0.86875 0.271875 0.871875 0.259375 0.8890625 0.2578125
1 0.26875 0.459375 0.2796875 0.465625 0.3109375 0.475 0.3421875 0.4953125 0.346875 0.5078125 0.346875 0.540625 0.34375 0.55 0.3375 0.55625 0.3296875 0.55625 0.321875 0.546875 0.3140625 0.546875 0.278125 0.5625 0.2625 0.5734375 0.259375 0.5875 0.2546875 0.5921875 0.2453125 0.5953125 0.2421875 0.5953125 0.2375 0.590625 0.234375 0.5796875 0.2140625 0.5734375 0.2015625 0.5640625 0.1984375 0.5578125 0.2 0.5078125 0.20625 0.4859375 0.2171875 0.475 0.240625 0.4640625 0.25625 0.459375 0.2671875 0.459375
1 0.8421875 0.35 0.8484375 0.3515625 0.853125 0.35625 0.8546875 0.3625 0.8578125 0.3921875 0.85625 0.428125 0.853125 0.4296875 0.8390625 0.428125 0.834375 0.434375 0.83125 0.446875 0.828125 0.4484375 0.8234375 0.446875 0.8171875 0.440625 0.7921875 0.440625 0.7859375 0.44375 0.7796875 0.4375 0.7796875 0.41875 0.7828125 0.4109375 0.7828125 0.4015625 0.7890625 0.390625 0.7875 0.3796875 0.79375 0.3765625 0.8 0.3640625 0.8046875 0.359375 0.8171875 0.353125 0.840625 0.3515625
1 0.2265625 0.275 0.2359375 0.275 0.2484375 0.2796875 0.24375 0.3140625 0.240625 0.31875 0.2296875 0.3203125 0.225 0.315625 0.2203125 0.315625 0.21875 0.3125 0.21875 0.2875 0.2234375 0.278125 0.2265625 0.2765625
1 0.3765625 0.2984375 0.390625 0.303125 0.3953125 0.3078125 0.4015625 0.3203125 0.4078125 0.325 0.409375 0.3390625 0.4125 0.3453125 0.4109375 0.371875 0.4078125 0.3734375 0.396875 0.3703125 0.3828125 0.3734375 0.3796875 0.3765625 0.3765625 0.3765625 0.371875 0.3671875 0.3640625 0.3625 0.35 0.3640625 0.346875 0.3609375 0.3421875 0.346875 0.3421875 0.321875 0.34375 0.3078125 0.346875 0.3 0.353125 0.296875 0.375 0.2984375
1 0.171875 0.225 0.1796875 0.23125 0.18125 0.2375 0.18125 0.253125 0.1796875 0.25625 0.175 0.2578125 0.171875 0.25625 0.1671875 0.240625 0.1578125 0.234375 0.1578125 0.2296875 0.1625 0.225 0.1703125 0.225
1 0.9984375 0.3015625 0.9984375 0.375 0.9890625 0.3765625 0.9796875 0.3734375 0.96875 0.3734375 0.9640625 0.375 0.9578125 0.3828125 0.95 0.38125 0.95 0.3546875 0.95625 0.3359375 0.95625 0.3234375 0.9625 0.3234375 0.9671875 0.3140625 0.98125 0.3 0.996875 0.3015625
1 0.2125 0.2484375 0.221875 0.2578125 0.225 0.2671875 0.225 0.2765625 0.21875 0.284375 0.2171875 0.296875 0.20625 0.303125 0.2015625 0.296875 0.19375 0.29375 0.1921875 0.259375 0.196875 0.2484375 0.2109375 0.2484375
1 0.31171875 0.30625 0.04296875 0.046875
1 0.2515625 0.284375 0.253125 0.2875 0.2671875 0.2859375 0.2765625 0.29375 0.2875 0.3171875 0.2859375 0.3359375 0.284375 0.3375 0.2796875 0.3359375 0.25625 0.3375 0.2515625 0.33125 0.2453125 0.3296875 0.24375 0.3265625 0.2453125 0.296875 0.25 0.2859375
1 0.2015625 0.2296875 0.209375 0.234375 0.2140625 0.2421875 0.2140625 0.246875 0.196875 0.246875 0.1921875 0.253125 0.190625 0.2671875 0.1875 0.2671875 0.1859375 0.2640625 0.1859375 0.259375 0.1828125 0.2546875 0.1828125 0.24375 0.1890625 0.2375 0.1921875 0.2296875 0.2 0.2296875
1 0.140625 0.4734375 0.1578125 0.4828125 0.16875 0.484375 0.1765625 0.4890625 0.1828125 0.4890625 0.196875 0.4953125 0.1953125 0.5484375 0.1890625 0.553125 0.1796875 0.553125 0.1734375 0.546875 0.165625 0.546875 0.14375 0.5515625 0.1359375 0.55625 0.128125 0.5578125 0.121875 0.5625 0.10625 0.5671875 0.1015625 0.5734375 0.0984375 0.584375 0.0890625 0.5921875 0.078125 0.5921875 0.0734375 0.5796875 0.0671875 0.5734375 0.05 0.5703125 0.0453125 0.5671875 0.040625 0.55625 0.040625 0.5390625 0.0390625 0.5375 0.0453125 0.509375 0.05625 0.4890625 0.0765625 0.4734375 0.0890625 0.46875 0.128125 0.46875 0.13125 0.471875 0.1390625 0.4734375
1 0.240625 0.2546875 0.2515625 0.259375 0.253125 0.2625 0.2484375 0.278125 0.2359375 0.2734375 0.2296875 0.2734375 0.2265625 0.26875 0.2265625 0.2578125 0.23125 0.2546875 0.2390625 0.2546875
1 0.1640625 0.2375 0.171875 0.2546875 0.171875 0.2625 0.16875 0.2671875 0.153125 0.2671875 0.1515625 0.265625 0.15 0.2390625 0.15625 0.234375 0.1609375 0.234375 0.1625 0.2375
1 0.059375 0.7859375 0.0734375 0.79375 0.084375 0.8125 0.0890625 0.8515625 0.0953125 0.859375 0.1 0.871875 0.1 0.915625 0.09375 0.9296875 0.0765625 0.9546875 0.0671875 0.9640625 0.059375 0.984375 0.0609375 0.9953125 0.05625 0.9984375 0.003125 0.9984375 0 0.996875 0 0.796875 0.0171875 0.79375 0.0421875 0.784375 0.0578125 0.7859375
1 0.2828125 0.30625 0.278125 0.2953125 0.26875 0.2859375 0.265625 0.284375 0.2546875 0.2859375 0.2515625 0.2828125 0.2515625 0.2703125 0.25625 0.2625 0.2796875 0.2625 0.2828125 0.265625 0.290625 0.2828125 0.2890625 0.3078125 0.284375 0.30625
1 0.9765625 0.2921875 0.9875 0.2796875 0.9984375 0.278125 0.9984375 0.3 0.9765625 0.3015625 0.9765625 0.29375
1 0.434375 0.5515625 0.4484375 0.5578125 0.4640625 0.559375 0.4828125 0.56875 0.4890625 0.575 0.4953125 0.603125 0.49375 0.6328125 0.490625 0.640625 0.48125 0.6515625 0.478125 0.671875 0.4734375 0.68125 0.4640625 0.684375 0.459375 0.6828125 0.4578125 0.6734375 0.453125 0.671875 0.440625 0.678125 0.4359375 0.6828125 0.4328125 0.6828125 0.39375 0.7109375 0.3875 0.7125 0.38125 0.71875 0.3765625 0.740625 0.3703125 0.7484375 0.3625 0.753125 0.35625 0.7515625 0.3484375 0.740625 0.334375 0.7453125 0.325 0.7453125 0.3140625 0.740625 0.3 0.73125 0.2875 0.71875 0.2859375 0.715625 0.2875 0.6734375 0.2921875 0.6671875 0.29375 0.65625 0.2984375 0.646875 0.3140625 0.6296875 0.33125 0.6171875 0.3375 0.6 0.34375 0.5953125 0.35 0.584375 0.3703125 0.5640625 0.3859375 0.5546875 0.403125 0.5484375 0.4265625 0.5484375 0.4328125 0.5515625
3 0.834375 0.30625 0.834375 0.2890625 0.8375 0.284375 0.8421875 0.2890625 0.8421875 0.3015625 0.840625 0.30625 0.8359375 0.30625
3 0.846875 0.284375 0.8515625 0.284375 0.8546875 0.2875 0.8546875 0.296875 0.8484375 0.3015625 0.846875 0.2859375
4 0.2890625 0.6984375 0.29375 0.6984375 0.3015625 0.703125 0.3078125 0.7125 0.3078125 0.7171875 0.3046875 0.7171875 0.29375 0.7109375 0.2890625 0.7
4 0.396875 0.35625 0.403125 0.3546875 0.40625 0.35625 0.4046875 0.3609375 0.396875 0.3609375 0.396875 0.3578125
4 0.7921875 0.43125 0.790625 0.4265625 0.7921875 0.4234375 0.8 0.4234375 0.80625 0.4265625 0.80625 0.43125 0.79375 0.43125
4 0.05 0.553125 0.05 0.5671875 0.0453125 0.5671875 0.0421875 0.5609375 0.0421875 0.5546875 0.0484375 0.553125
4 0.98125 0.3671875 0.9828125 0.3625 0.9890625 0.3640625 0.9890625 0.3671875 0.9828125 0.3671875
4 0.209375 0.5234375 0.2125 0.5265625 0.2125 0.540625 0.209375 0.54375 0.203125 0.5375 0.203125 0.528125 0.2078125 0.5234375