1 0.94375 0.3390625 0.953125 0.3421875 0.9578125 0.35 0.9609375 0.3640625 0.9609375 0.4046875 0.9578125 0.4203125 0.953125 0.421875 0.9484375 0.4171875 0.9453125 0.4203125 0.94375 0.4328125 0.940625 0.4375 0.934375 0.4359375 0.928125 0.4296875 0.915625 0.4296875 0.909375 0.4265625 0.8984375 0.4265625 0.89375 0.4328125 0.8890625 0.4328125 0.8875 0.4 0.9 0.3765625 0.9046875 0.359375 0.9109375 0.35 0.921875 0.3390625 0.9421875 0.3390625
1 0.2484375 0.2890625 0.253125 0.2890625 0.2578125 0.2921875 0.26875 0.2890625 0.2734375 0.2921875 0.2875 0.3171875 0.2890625 0.325 0.2875 0.3328125 0.284375 0.3359375 0.2796875 0.3359375 0.2765625 0.33125 0.2734375 0.33125 0.2703125 0.3359375 0.2578125 0.3375 0.2515625 0.3296875 0.2453125 0.3296875 0.2421875 0.3203125 0.2421875 0.3046875 0.24375 0.296875 0.2484375 0.290625
1 0.2015625 0.6875 0.2109375 0.6921875 0.2203125 0.7015625 0.2234375 0.7109375 0.2234375 0.7234375 0.2375 0.74375 0.2515625 0.771875 0.2515625 0.7859375 0.2578125 0.803125 0.259375 0.815625 0.259375 0.8453125 0.2515625 0.85625 0.2453125 0.88125 0.2421875 0.8875 0.228125 0.8984375 0.2171875 0.8984375 0.2109375 0.89375 0.1984375 0.8984375 0.196875 0.9015625 0.1921875 0.903125 0.171875 0.9203125 0.1578125 0.928125 0.1515625 0.9359375 0.146875 0.9375 0.13125 0.9515625 0.0984375 0.9734375 0.0859375 0.9859375 0.065625 0.9984375 0.046875 0.9984375 0.0453125 0.996875 0.0046875 0.9984375 0 0.996875 0 0.8640625 0.003125 0.8625 0.003125 0.85625 0 0.853125 0 0.834375 0.015625 0.8203125 0.05625 0.7640625 0.08125 0.7390625 0.09375 0.7328125 0.103125 0.725 0.1390625 0.7078125 0.16875 0.7 0.1875 0.6890625 0.2 0.6875
1 0.2546875 0.2640625 0.26875 0.2640625 0.2796875 0.26875 0.2796875 0.2734375 0.2734375 0.2796875 0.2703125 0.290625 0.2546875 0.290625 0.2484375 0.2875 0.2484375 0.2734375 0.2546875 0.265625
1 0.3078125 0.2734375 0.3171875 0.2875 0.3125 0.303125 0.3109375 0.31875 0.3078125 0.321875 0.2921875 0.321875 0.2734375 0.2875 0.2734375 0.2828125 0.2828125 0.26875 0.296875 0.2671875 0.30625 0.2734375
1 0.24375 0.2484375 0.246875 0.25 0.253125 0.2625 0.253125 0.2671875 0.2484375 0.2734375 0.246875 0.284375 0.2421875 0.2875 0.2296875 0.2859375 0.225 0.2765625 0.2203125 0.2578125 0.221875 0.25 0.2265625 0.246875 0.2421875 0.2484375
1 0.1546875 0.2734375 0.1609375 0.2921875 0.1609375 0.3078125 0.1546875 0.3078125 0.15 0.3 0.15 0.29375 0.153125 0.290625 0.153125 0.275
1 0.88515625 0.27265625 0.03125 0.03046875
1 0.9953125 0.2625 0.9984375 0.2640625 0.9984375 0.2828125 0.99375 0.2875 0.990625 0.2859375 0.990625 0.26875 0.99375 0.2640625
1 0.759375 0.40625 0.7734375 0.409375 0.78125 0.41875 0.7953125 0.425 0.796875 0.453125 0.790625 0.4671875 0.790625 0.4765625 0.7875 0.4859375 0.78125 0.4875 0.7734375 0.484375 0.759375 0.4921875 0.753125 0.4984375 0.753125 0.50625 0.746875 0.5171875 0.740625 0.515625 0.734375 0.509375 0.7234375 0.50625 0.7109375 0.50625 0.70625 0.503125 0.6953125 0.50625 0.6921875 0.5046875 0.6859375 0.490625 0.6859375 0.484375 0.6921875 0.4625 0.70625 0.446875 0.70625 0.4375 0.715625 0.43125 0.721875 0.41875 0.7390625 0.4046875 0.7578125 0.40625
1 0.3515625 0.296875 0.3578125 0.3 0.365625 0.315625 0.3734375 0.3234375 0.375 0.3296875 0.375 0.340625 0.371875 0.3453125 0.3546875 0.3453125 0.353125 0.346875 0.3453125 0.3453125 0.34375 0.334375 0.33125 0.315625 0.33125 0.3125 0.328125 0.3109375 0.328125 0.303125 0.3328125 0.296875 0.35 0.296875
1 0.9953125 0.2875 0.9984375 0.2890625 0.9984375 0.3140625 0.9890625 0.3125 0.990625 0.2921875 0.99375 0.2890625
1 0.8859375 0.3140625 0.8953125 0.3171875 0.8984375 0.321875 0.9015625 0.359375 0.896875 0.375 0.8859375 0.3765625 0.8765625 0.390625 0.875 0.3875 0.8640625 0.384375 0.8484375 0.384375 0.84375 0.3875 0.8390625 0.3875 0.8375 0.3625 0.8421875 0.3453125 0.8515625 0.325 0.859375 0.31875 0.8703125 0.3140625 0.884375 0.3140625
3 0.3375 0.325 0.3421875 0.3390625 0.3421875 0.3625 0.3375 0.3625 0.33125 0.353125 0.3265625 0.3625 0.3234375 0.3625 0.3203125 0.35625 0.321875 0.3359375 0.325 0.3296875 0.3296875 0.3296875 0.3359375 0.325
3 0.29375 0.6265625 0.2953125 0.640625 0.290625 0.6515625 0.290625 0.6609375 0.296875 0.6734375 0.303125 0.6703125 0.3046875 0.6578125 0.3078125 0.65625 0.3203125 0.653125 0.3234375 0.6578125 0.3296875 0.6578125 0.3359375 0.6546875 0.3359375 0.675 0.3296875 0.6953125 0.3234375 0.7015625 0.3171875 0.7015625 0.3109375 0.6953125 0.3046875 0.6984375 0.2875 0.6984375 0.28125 0.7046875 0.2734375 0.7296875 0.265625 0.7359375 0.259375 0.7359375 0.25625 0.73125 0.253125 0.7234375 0.253125 0.70625 0.2578125 0.6921875 0.2578125 0.684375 0.2671875 0.675 0.265625 0.646875 0.2765625 0.628125 0.2828125 0.63125 0.2875 0.63125 0.2921875 0.628125
3 0.3140625 0.3515625 0.3109375 0.3375 0.3109375 0.321875 0.315625 0.3046875 0.3203125 0.3046875 0.3234375 0.309375 0.321875 0.328125 0.315625 0.3515625
3 0.7203125 0.3484375 0.7265625 0.353125 0.7265625 0.3578125 0.7328125 0.3640625 0.7375 0.3609375 0.7390625 0.35625 0.74375 0.35625 0.7453125 0.3625 0.74375 0.3890625 0.7375 0.3921875 0.734375 0.3859375 0.728125 0.3859375 0.7203125 0.396875 0.7171875 0.3953125 0.7140625 0.3875 0.7171875 0.3734375 0.7171875 0.3578125 0.7203125 0.35
3 0.0953125 0.446875 0.103125 0.4609375 0.1046875 0.471875 0.1140625 0.4875 0.1125 0.509375 0.109375 0.5125 0.1046875 0.5125 0.0984375 0.50625 0.0953125 0.5109375 0.0875 0.5109375 0.08125 0.5171875 0.0765625 0.5265625 0.071875 0.5296875 0.0671875 0.5296875 0.059375 0.5171875 0.0578125 0.496875 0.0546875 0.4875 0.0578125 0.484375 0.0671875 0.4828125 0.0703125 0.484375 0.075 0.496875 0.08125 0.490625 0.0828125 0.4734375 0.0796875 0.4703125 0.084375 0.4484375 0.0875 0.453125 0.090625 0.453125 0.09375 0.4484375
3 0.9328125 0.2875 0.9390625 0.2890625 0.940625 0.303125 0.9390625 0.3125 0.9265625 0.3109375 0.9328125 0.2890625
3 0.3265625 0.3140625 0.3375 0.325 0.3421875 0.3359375 0.3421875 0.3625 0.3375 0.3625 0.33125 0.3546875 0.328125 0.3609375 0.3234375 0.3625 0.3140625 0.35 0.3140625 0.334375 0.3203125 0.3203125 0.325 0.315625
4 0.9015625 0.4125 0.9125 0.4125 0.91875 0.415625 0.9171875 0.4203125 0.9046875 0.4203125 0.9015625 0.4140625
4 0.70625 0.490625 0.7171875 0.49375 0.715625 0.5015625 0.7015625 0.4984375 0.7 0.490625 0.7015625 0.4890625 0.7046875 0.490625
4 0.8578125 0.3703125 0.859375 0.371875 0.8578125 0.3765625 0.8484375 0.3765625 0.846875 0.3734375 0.8484375 0.3703125 0.85625 0.3703125