1 0.834375 0.23125 0.8390625 0.2484375 0.8375 0.2546875 0.8328125 0.2578125 0.825 0.25625 0.8203125 0.2375 0.8234375 0.2328125 0.8296875 0.2296875 0.8328125 0.23125
1 0.0875 0.321875 0.1171875 0.325 0.13125 0.3390625 0.1359375 0.3515625 0.1421875 0.359375 0.140625 0.36875 0.1421875 0.3953125 0.1390625 0.3984375 0.1375 0.396875 0.1140625 0.396875 0.109375 0.3984375 0.103125 0.4046875 0.0984375 0.4046875 0.09375 0.3953125 0.0875 0.3890625 0.0796875 0.390625 0.0765625 0.3828125 0.075 0.3421875 0.0828125 0.325 0.0859375 0.3234375
1 0.028125 0.3234375 0.0421875 0.3265625 0.05625 0.3359375 0.071875 0.384375 0.0734375 0.4078125 0.0703125 0.4109375 0.065625 0.4109375 0.059375 0.40625 0.0296875 0.4078125 0.0234375 0.4140625 0.0203125 0.4109375 0.01875 0.403125 0.0109375 0.3984375 0.009375 0.3953125 0.0109375 0.3390625 0.0140625 0.3296875 0.0265625 0.325
1 0.0671875 0.259375 0.0796875 0.259375 0.084375 0.265625 0.0859375 0.2734375 0.084375 0.2859375 0.0703125 0.2859375 0.0671875 0.2796875 0.0609375 0.2765625 0.0625 0.26875 0.0671875 0.2609375
1 0.0265625 0.2875 0.0359375 0.2890625 0.040625 0.29375 0.028125 0.296875 0.0234375 0.303125 0.0234375 0.3109375 0.0203125 0.3125 0.00625 0.3109375 0.0078125 0.29375 0.0140625 0.2890625 0.025 0.2875
1 0.15 0.2671875 0.153125 0.26875 0.1546875 0.2734375 0.1484375 0.2734375 0.1390625 0.278125 0.1296875 0.296875 0.1265625 0.2953125 0.125 0.2890625 0.1265625 0.278125 0.13125 0.26875 0.1484375 0.2671875
1 0.6984375 0.2875 0.709375 0.290625 0.7140625 0.296875 0.7140625 0.33125 0.7109375 0.3359375 0.7015625 0.3359375 0.6953125 0.3421875 0.684375 0.3375 0.6671875 0.3375 0.665625 0.3203125 0.6796875 0.2953125 0.6859375 0.2890625 0.696875 0.2875
1 0.38125 0.3203125 0.3875 0.3234375 0.3984375 0.3375 0.4 0.3609375 0.3953125 0.365625 0.3953125 0.3703125 0.3921875 0.3734375 0.3859375 0.3703125 0.3734375 0.36875 0.365625 0.375 0.359375 0.3671875 0.346875 0.3625 0.3375 0.3671875 0.3328125 0.3609375 0.33125 0.35 0.3328125 0.3421875 0.346875 0.325 0.3578125 0.31875 0.378125 0.31875 0.3796875 0.3203125
1 0.0734375 0.3796875 0.0625 0.3421875 0.05625 0.3328125 0.05625 0.3265625 0.0625 0.3171875 0.0765625 0.3171875 0.084375 0.321875 0.0734375 0.34375 0.075 0.35 0.075 0.3765625 0.0734375 0.378125
1 0 0.3140625 0.0234375 0.3140625 0.0328125 0.321875 0.0453125 0.328125 0.01875 0.3265625 0.0109375 0.3328125 0.00625 0.3734375 0.0078125 0.378125 0.00625 0.3875 0.003125 0.3875 0 0.3859375 0 0.315625
1 0.0421875 0.2921875 0.05625 0.2984375 0.0609375 0.3078125 0.0609375 0.3171875 0.053125 0.3296875 0.0328125 0.3203125 0.0234375 0.3125 0.025 0.2984375 0.03125 0.296875 0.0359375 0.2921875 0.040625 0.2921875
1 0.603125 0.703125 0.6046875 0.7046875 0.6234375 0.7046875 0.6296875 0.7078125 0.6453125 0.709375 0.65625 0.7125 0.6734375 0.721875 0.684375 0.7234375 0.69375 0.7296875 0.6984375 0.7296875 0.7203125 0.74375 0.73125 0.7625 0.734375 0.775 0.7359375 0.8265625 0.740625 0.8390625 0.7390625 0.8984375 0.7265625 0.9109375 0.70625 0.9171875 0.7015625 0.925 0.696875 0.9453125 0.6859375 0.9515625 0.678125 0.9515625 0.665625 0.946875 0.653125 0.921875 0.6203125 0.91875 0.5859375 0.91875 0.584375 0.9171875 0.5140625 0.915625 0.5 0.940625 0.4796875 0.94375 0.471875 0.940625 0.46875 0.9359375 0.4640625 0.91875 0.4390625 0.90625 0.43125 0.896875 0.425 0.884375 0.425 0.8546875 0.4234375 0.853125 0.425 0.8234375 0.4328125 0.8 0.4484375 0.775 0.475 0.7546875 0.4953125 0.746875 0.5203125 0.7296875 0.55625 0.709375 0.5734375 0.7046875 0.6015625 0.703125
1 0.784375 0.3796875 0.8 0.384375 0.809375 0.396875 0.8140625 0.396875 0.8171875 0.4 0.821875 0.425 0.821875 0.4625 0.8171875 0.478125 0.809375 0.478125 0.803125 0.4734375 0.784375 0.4734375 0.7734375 0.4828125 0.76875 0.48125 0.7609375 0.4578125 0.7625 0.434375 0.7484375 0.4328125 0.74375 0.4125 0.7375 0.4015625 0.7421875 0.39375 0.753125 0.384375 0.7640625 0.3828125 0.76875 0.3796875 0.7828125 0.3796875
1 0.7765625 0.2640625 0.7828125 0.26875 0.784375 0.275 0.7859375 0.3078125 0.775 0.31875 0.7640625 0.315625 0.765625 0.2796875 0.7625 0.2703125 0.7640625 0.2671875 0.775 0.2640625
1 0.121875 0.290625 0.1296875 0.30625 0.140625 0.31875 0.1390625 0.3484375 0.1359375 0.346875 0.134375 0.3390625 0.11875 0.3234375 0.103125 0.321875 0.0984375 0.31875 0.0984375 0.309375 0.09375 0.3015625 0.0890625 0.3046875 0.0875 0.3140625 0.084375 0.3140625 0.084375 0.296875 0.0890625 0.290625 0.0984375 0.2890625 0.11875 0.2890625 0.1203125 0.290625
1 0.0296875 0.2578125 0.04375 0.259375 0.0484375 0.278125 0.04375 0.2828125 0.025 0.2796875 0.0234375 0.26875 0.0296875 0.259375
1 0.1921875 0.3234375 0.20625 0.3390625 0.2140625 0.359375 0.2140625 0.3796875 0.209375 0.384375 0.2015625 0.3796875 0.18125 0.38125 0.175 0.384375 0.16875 0.3734375 0.15625 0.371875 0.153125 0.3390625 0.1609375 0.325 0.190625 0.3234375
1 0.1625 0.2765625 0.16875 0.2796875 0.1734375 0.296875 0.171875 0.3203125 0.1515625 0.31875 0.146875 0.321875 0.1328125 0.3078125 0.13125 0.296875 0.140625 0.278125 0.1453125 0.275 0.1609375 0.2765625
2 0.74140625 0.30234375 0.0484375 0.075
3 0.2984375 0.4765625 0.3015625 0.48125 0.3 0.4828125 0.3 0.5109375 0.30625 0.5328125 0.30625 0.5515625 0.3046875 0.553125 0.2984375 0.553125 0.29375 0.5375 0.2890625 0.5328125 0.284375 0.5328125 0.28125 0.5359375 0.2765625 0.534375 0.26875 0.5171875 0.2671875 0.4984375 0.2640625 0.4953125 0.2640625 0.4796875 0.265625 0.48125 0.265625 0.490625 0.2734375 0.5015625 0.271875 0.5078125 0.275 0.5125 0.2796875 0.484375 0.2859375 0.478125 0.2921875 0.4796875 0.296875 0.4765625
3 0.63125 0.5609375 0.634375 0.5671875 0.6296875 0.578125 0.6296875 0.5875 0.6328125 0.5921875 0.63125 0.6109375 0.6375 0.625 0.6421875 0.6453125 0.64375 0.671875 0.6421875 0.6734375 0.6359375 0.66875 0.628125 0.64375 0.621875 0.6359375 0.6140625 0.640625 0.6 0.6328125 0.603125 0.590625 0.6078125 0.58125 0.61875 0.5875 0.621875 0.584375 0.6296875 0.5625
3 0.715625 0.4296875 0.71875 0.4375 0.7171875 0.4453125 0.7125 0.453125 0.715625 0.4703125 0.7140625 0.4765625 0.71875 0.484375 0.7265625 0.4828125 0.7296875 0.4859375 0.734375 0.48125 0.728125 0.4578125 0.7296875 0.4546875 0.7359375 0.4546875 0.7390625 0.4515625 0.746875 0.434375 0.759375 0.4359375 0.7609375 0.4390625 0.7609375 0.4515625 0.7578125 0.453125 0.753125 0.4625 0.7515625 0.4921875 0.7484375 0.5015625 0.746875 0.503125 0.7375 0.5015625 0.728125 0.4890625 0.7234375 0.4890625 0.71875 0.4921875 0.7046875 0.490625 0.6984375 0.484375 0.7 0.4625 0.7078125 0.45 0.709375 0.4390625 0.7140625 0.43125
3 0.4796875 0.375 0.4859375 0.3765625 0.4859375 0.3828125 0.48125 0.3921875 0.48125 0.4015625 0.4859375 0.4078125 0.490625 0.4015625 0.4921875 0.39375 0.4984375 0.3921875 0.5046875 0.39375 0.50625 0.396875 0.5015625 0.43125 0.496875 0.43125 0.490625 0.421875 0.478125 0.4234375 0.475 0.4203125 0.475 0.403125 0.4796875 0.3875 0.4796875 0.3765625
3 0.0625 0.2875 0.065625 0.2875 0.071875 0.296875 0.071875 0.3109375 0.0703125 0.315625 0.065625 0.315625 0.0609375 0.30625 0.0609375 0.290625 0.0625 0.2890625
4 0.38984375 0.346875 0.01015625 0.01015625
4 0.0421875 0.39375 0.05625 0.39375 0.0546875 0.3984375 0.04375 0.3984375 0.040625 0.396875 0.0421875 0.3953125
4 0.29765625 0.5 0.00703125 0.0109375
4 0.8 0.459375 0.809375 0.459375 0.8078125 0.4703125 0.8 0.4703125 0.7984375 0.4671875 0.8 0.4609375
4 0.7296875 0.325 0.7328125 0.3265625 0.7328125 0.33125 0.725 0.33125 0.725 0.3265625 0.728125 0.325
4 0.134375 0.38125 0.1359375 0.3828125 0.134375 0.3875 0.121875 0.3875 0.121875 0.3828125 0.1328125 0.38125
4 0.046875 0.3984375 0.0484375 0.39375 0.05625 0.39375 0.0578125 0.396875 0.0484375 0.3984375
4 0.203125 0.3640625 0.20625 0.3671875 0.2046875 0.3703125 0.1984375 0.371875 0.1921875 0.371875 0.190625 0.36875 0.196875 0.3640625 0.2015625 0.3640625