2 0.49609375 0.51015625 0.165625 0.2015625
5 0.7734375 0.234375 0.7765625 0.2375 0.7765625 0.259375 0.771875 0.265625 0.7640625 0.2671875 0.753125 0.278125 0.746875 0.278125 0.7421875 0.2703125 0.7453125 0.246875 0.7484375 0.240625 0.753125 0.2375 0.771875 0.234375
5 0.1640625 0.296875 0.175 0.3 0.1859375 0.3203125 0.1859375 0.3609375 0.1796875 0.365625 0.1703125 0.365625 0.1640625 0.36875 0.140625 0.328125 0.1421875 0.3 0.1515625 0.296875 0.1625 0.296875
5 0.840625 0.203125 0.8421875 0.2046875 0.8421875 0.225 0.8375 0.2484375 0.828125 0.25625 0.821875 0.246875 0.809375 0.2421875 0.8078125 0.2375 0.809375 0.2140625 0.815625 0.2046875 0.8390625 0.203125
1 0.6921875 0.3515625 0.690625 0.3234375 0.69375 0.3125 0.703125 0.296875 0.709375 0.2921875 0.73125 0.29375 0.7359375 0.3125 0.7359375 0.3375 0.7265625 0.3484375 0.7265625 0.3515625 0.7234375 0.353125 0.7125 0.346875 0.6984375 0.346875 0.69375 0.35
1 0.1890625 0.3703125 0.20625 0.375 0.215625 0.390625 0.2234375 0.3953125 0.225 0.4078125 0.2328125 0.421875 0.2328125 0.43125 0.2234375 0.4546875 0.21875 0.4546875 0.215625 0.4578125 0.19375 0.4578125 0.1875 0.465625 0.184375 0.465625 0.1796875 0.4609375 0.175 0.45 0.16875 0.4453125 0.1640625 0.446875 0.15625 0.4453125 0.153125 0.4265625 0.1546875 0.415625 0.153125 0.4078125 0.1609375 0.3796875 0.165625 0.3734375 0.178125 0.36875 0.1875 0.3703125
1 0.971875 0.746875 0.9765625 0.7484375 0.9796875 0.753125 0.984375 0.746875 0.9828125 0.7171875 0.99375 0.7 0.9984375 0.696875 0.9984375 0.9515625 0.9953125 0.9484375 0.990625 0.934375 0.9734375 0.9203125 0.96875 0.9109375 0.95625 0.8953125 0.9546875 0.875 0.9515625 0.865625 0.9515625 0.8484375 0.9546875 0.8421875 0.94375 0.821875 0.94375 0.8 0.946875 0.7796875 0.9515625 0.775 0.9625 0.7484375 0.9703125 0.746875
1 0.75078125 0.30546875 0.0328125 0.05
1 0.7375 0.26875 0.7421875 0.2734375 0.7421875 0.2796875 0.7328125 0.290625 0.7140625 0.2890625 0.7125 0.271875 0.7359375 0.26875
1 0 0.2890625 0.0140625 0.296875 0.0171875 0.3 0.01875 0.3078125 0.025 0.3140625 0.0234375 0.328125 0.0265625 0.334375 0.028125 0.3484375 0.025 0.3578125 0.0203125 0.3578125 0.0125 0.353125 0 0.353125 0 0.290625
1 0.278125 0.421875 0.2875 0.425 0.3046875 0.4390625 0.3125 0.45 0.31875 0.465625 0.3328125 0.484375 0.3390625 0.5 0.3390625 0.525 0.3359375 0.53125 0.321875 0.5328125 0.309375 0.5375 0.2890625 0.5390625 0.2796875 0.55 0.2734375 0.546875 0.2703125 0.5296875 0.265625 0.5234375 0.24375 0.5125 0.240625 0.515625 0.2359375 0.515625 0.2328125 0.5109375 0.228125 0.48125 0.228125 0.45 0.2359375 0.4296875 0.24375 0.4234375 0.2765625 0.421875
1 0.703125 0.2671875 0.7078125 0.26875 0.7109375 0.2734375 0.7125 0.2890625 0.70625 0.2921875 0.6921875 0.309375 0.6875 0.328125 0.6671875 0.328125 0.6640625 0.325 0.6625 0.3171875 0.6625 0.303125 0.6734375 0.290625 0.6734375 0.2828125 0.678125 0.2734375 0.684375 0.26875 0.7015625 0.2671875
1 0.7796875 0.2671875 0.7828125 0.26875 0.7859375 0.275 0.7875 0.2984375 0.784375 0.3078125 0.775 0.315625 0.771875 0.3125 0.7671875 0.3125 0.7640625 0.2875 0.7578125 0.278125 0.7640625 0.26875 0.778125 0.2671875
1 0.134375 0.3296875 0.1421875 0.334375 0.1578125 0.359375 0.1609375 0.3765625 0.15625 0.3921875 0.1515625 0.3984375 0.1421875 0.3984375 0.1375 0.4015625 0.125 0.4015625 0.1203125 0.40625 0.1171875 0.4046875 0.1125 0.3953125 0.10625 0.3921875 0.103125 0.39375 0.0984375 0.3921875 0.096875 0.3578125 0.103125 0.334375 0.115625 0.3296875 0.1328125 0.3296875
3 0.31875 0.4140625 0.3234375 0.4125 0.3265625 0.4140625 0.328125 0.41875 0.328125 0.4375 0.33125 0.4578125 0.3296875 0.4703125 0.3265625 0.4734375 0.3234375 0.4703125 0.309375 0.4390625 0.3015625 0.434375 0.3015625 0.4234375 0.30625 0.4328125 0.31875 0.415625