5 0.95 0.3546875 0.9375 0.3484375 0.925 0.3484375 0.909375 0.325 0.90625 0.30625 0.90625 0.290625 0.909375 0.271875 0.915625 0.259375 0.9171875 0.25 0.946875 0.246875 0.9640625 0.246875 0.965625 0.2484375 0.975 0.246875 0.98125 0.259375 0.99375 0.25625 0.996875 0.2578125 0.996875 0.296875 0.9921875 0.3125 0.9890625 0.3171875 0.98125 0.3171875 0.971875 0.321875 0.9515625 0.353125
5 0.2484375 0.2703125 0.2703125 0.2796875 0.275 0.2828125 0.2765625 0.2875 0.2796875 0.378125 0.2703125 0.3859375 0.26875 0.3984375 0.2578125 0.39375 0.253125 0.396875 0.234375 0.4015625 0.2296875 0.409375 0.2234375 0.4046875 0.21875 0.390625 0.215625 0.3875 0.2109375 0.3875 0.20625 0.3828125 0.203125 0.371875 0.1984375 0.3359375 0.2015625 0.2765625 0.2078125 0.2734375 0.2265625 0.2703125 0.240625 0.26875 0.246875 0.2703125
1 0.3046875 0.3 0.3234375 0.328125 0.325 0.3625 0.3234375 0.365625 0.3171875 0.365625 0.3125 0.3609375 0.2984375 0.3609375 0.29375 0.3671875 0.290625 0.3671875 0.2796875 0.353125 0.278125 0.3078125 0.2828125 0.3 0.303125 0.3
1 0.19296875 0.24921875 0.02578125 0.03671875
1 0.153125 0.2203125 0.1609375 0.21875 0.165625 0.221875 0.1734375 0.2375 0.171875 0.2515625 0.1578125 0.2515625 0.1515625 0.2484375 0.1515625 0.2234375 0.153125 0.221875
1 0.846875 0.3140625 0.85 0.3171875 0.853125 0.328125 0.853125 0.3484375 0.846875 0.359375 0.846875 0.3671875 0.8453125 0.3703125 0.8265625 0.3734375 0.821875 0.38125 0.8140625 0.38125 0.809375 0.378125 0.7828125 0.3765625 0.78125 0.3703125 0.7828125 0.3515625 0.7921875 0.334375 0.8046875 0.31875 0.8125 0.3140625 0.8453125 0.3140625
1 0.9984375 0.321875 0.9984375 0.390625 0.99375 0.390625 0.9875 0.3859375 0.9640625 0.3859375 0.9546875 0.390625 0.95 0.3875 0.9515625 0.3609375 0.9703125 0.3265625 0.978125 0.321875 0.990625 0.3203125 0.996875 0.321875
1 0.8953125 0.328125 0.909375 0.3296875 0.9140625 0.334375 0.921875 0.3484375 0.9234375 0.3703125 0.921875 0.38125 0.9171875 0.3875 0.9015625 0.3828125 0.89375 0.3890625 0.8890625 0.396875 0.8796875 0.3921875 0.8671875 0.390625 0.8484375 0.3921875 0.846875 0.390625 0.846875 0.371875 0.85 0.359375 0.8703125 0.334375 0.89375 0.328125
1 0.5578125 0.546875 0.5703125 0.553125 0.596875 0.571875 0.6125 0.5890625 0.628125 0.634375 0.6296875 0.684375 0.625 0.6953125 0.6140625 0.7015625 0.609375 0.7078125 0.596875 0.7109375 0.5890625 0.715625 0.55 0.7203125 0.54375 0.73125 0.540625 0.7328125 0.5359375 0.73125 0.5296875 0.721875 0.5265625 0.6984375 0.50625 0.675 0.4828125 0.6546875 0.4765625 0.6546875 0.4703125 0.6609375 0.465625 0.6578125 0.4625 0.6515625 0.459375 0.6296875 0.45625 0.621875 0.45625 0.5984375 0.4609375 0.584375 0.4734375 0.575 0.4875 0.571875 0.51875 0.5546875 0.528125 0.553125 0.5328125 0.55 0.54375 0.55 0.5484375 0.546875 0.55625 0.546875
1 0.896875 0.29375 0.9046875 0.3 0.90625 0.325 0.9046875 0.3265625 0.8875 0.3265625 0.878125 0.33125 0.86875 0.3328125 0.859375 0.3421875 0.85625 0.340625 0.85625 0.325 0.859375 0.31875 0.859375 0.3125 0.8703125 0.2984375 0.8875 0.29375 0.8953125 0.29375
4 0.9640625 0.378125 0.965625 0.3734375 0.9765625 0.3734375 0.9796875 0.3765625 0.978125 0.3796875 0.965625 0.378125
4 0.2578125 0.378125 0.259375 0.3796875 0.2578125 0.3875 0.25 0.3875 0.2484375 0.384375 0.2484375 0.3796875 0.25625 0.378125
4 0.3109375 0.3515625 0.01640625 0.00703125
4 0.79375 0.365625 0.0125 0.00703125
4 0.60078125 0.665625 0.015625 0.0234375
4 0.86875 0.378125 0.86875 0.38125 0.8640625 0.384375 0.85625 0.3828125 0.853125 0.378125 0.8546875 0.3765625 0.8671875 0.378125
3 0 0.521875 0.0078125 0.525 0.0125 0.5296875 0.015625 0.5390625 0.015625 0.55 0.0125 0.559375 0 0.5640625 0 0.5234375
3 0.71875 0.3140625 0.721875 0.3203125 0.721875 0.3328125 0.7171875 0.340625 0.7109375 0.3421875 0.70625 0.3421875 0.70625 0.31875 0.7125 0.3140625 0.7171875 0.3140625
3 0.809375 0.29375 0.8125 0.2921875 0.8171875 0.29375 0.8171875 0.3078125 0.8140625 0.3125 0.8078125 0.315625 0.8078125 0.296875 0.809375 0.2953125