2 0.50390625 0.51015625 0.165625 0.2015625
5 0.234375 0.234375 0.2484375 0.2390625 0.253125 0.246875 0.25625 0.2703125 0.2515625 0.278125 0.2421875 0.2765625 0.234375 0.2671875 0.2265625 0.265625 0.221875 0.259375 0.221875 0.2375 0.225 0.234375 0.2328125 0.234375
5 0.846875 0.296875 0.8546875 0.2984375 0.8578125 0.303125 0.8578125 0.328125 0.834375 0.36875 0.828125 0.365625 0.81875 0.365625 0.8125 0.3609375 0.8125 0.3203125 0.8234375 0.3 0.834375 0.296875 0.8453125 0.296875
5 0.1765625 0.203125 0.1828125 0.2046875 0.1875 0.209375 0.190625 0.2375 0.1890625 0.2421875 0.1765625 0.246875 0.171875 0.25625 0.1625 0.2515625 0.1609375 0.2484375 0.15625 0.225 0.15625 0.2046875 0.1578125 0.203125 0.175 0.203125
1 0.2671875 0.29375 0.275 0.2921875 0.2921875 0.29375 0.303125 0.309375 0.3078125 0.3234375 0.30625 0.3515625 0.3 0.346875 0.2859375 0.346875 0.2765625 0.353125 0.271875 0.3515625 0.271875 0.3484375 0.2625 0.3375 0.2625 0.3125 0.2671875 0.2953125
1 0.8234375 0.3703125 0.8328125 0.3734375 0.8375 0.3796875 0.84375 0.3984375 0.8453125 0.4265625 0.8421875 0.4453125 0.8390625 0.446875 0.8296875 0.4453125 0.825 0.4484375 0.81875 0.4609375 0.8140625 0.465625 0.8109375 0.465625 0.8046875 0.4578125 0.7828125 0.4578125 0.7796875 0.4546875 0.775 0.4546875 0.7671875 0.4375 0.765625 0.421875 0.7734375 0.4078125 0.775 0.3953125 0.7828125 0.390625 0.7921875 0.375 0.815625 0.36875 0.821875 0.3703125
1 0 0.696875 0.0046875 0.7 0.015625 0.7171875 0.0140625 0.746875 0.01875 0.753125 0.021875 0.7484375 0.0265625 0.746875 0.0359375 0.7484375 0.04375 0.7640625 0.0453125 0.771875 0.0515625 0.7796875 0.0546875 0.8 0.0546875 0.821875 0.04375 0.8421875 0.046875 0.8484375 0.046875 0.865625 0.04375 0.875 0.0421875 0.8953125 0.0296875 0.9109375 0.025 0.9203125 0.0078125 0.934375 0.003125 0.9484375 0 0.9515625 0 0.6984375
1 0.234375 0.321875 0.2328125 0.3046875 0.2359375 0.2890625 0.240625 0.2828125 0.2453125 0.28125 0.2578125 0.2828125 0.2640625 0.290625 0.2609375 0.325 0.24375 0.3296875 0.2359375 0.321875
1 0.2671875 0.26875 0.2859375 0.271875 0.284375 0.2890625 0.28125 0.290625 0.265625 0.290625 0.25625 0.2796875 0.25625 0.2734375 0.2609375 0.26875 0.265625 0.26875
1 0.9984375 0.2890625 0.9984375 0.353125 0.9859375 0.353125 0.978125 0.3578125 0.9734375 0.3578125 0.9703125 0.3515625 0.971875 0.334375 0.975 0.328125 0.9734375 0.3140625 0.9796875 0.3078125 0.98125 0.3 0.9875 0.29375 0.9921875 0.29375 0.996875 0.290625
1 0.7453125 0.421875 0.7546875 0.4234375 0.7625 0.4296875 0.7703125 0.45 0.7703125 0.48125 0.7671875 0.503125 0.7625 0.515625 0.7578125 0.515625 0.7546875 0.5125 0.7328125 0.5234375 0.728125 0.5296875 0.725 0.546875 0.7203125 0.55 0.715625 0.5484375 0.709375 0.5390625 0.6890625 0.5375 0.6765625 0.5328125 0.6625 0.53125 0.659375 0.525 0.659375 0.5 0.665625 0.484375 0.6796875 0.465625 0.6859375 0.45 0.6953125 0.4375 0.7109375 0.425 0.7203125 0.421875 0.74375 0.421875
1 0.3078125 0.2671875 0.3140625 0.26875 0.321875 0.275 0.325 0.2828125 0.325 0.290625 0.3359375 0.303125 0.3359375 0.3171875 0.334375 0.325 0.33125 0.328125 0.3109375 0.328125 0.30625 0.309375 0.3 0.303125 0.2984375 0.2984375 0.2859375 0.2890625 0.2875 0.2734375 0.290625 0.26875 0.30625 0.2671875
1 0.228125 0.2671875 0.234375 0.26875 0.240625 0.2796875 0.234375 0.2875 0.23125 0.3125 0.2265625 0.3125 0.2234375 0.315625 0.2125 0.3046875 0.2109375 0.284375 0.215625 0.26875 0.2265625 0.2671875
1 0.8828125 0.3296875 0.8953125 0.334375 0.8984375 0.340625 0.9015625 0.3578125 0.9015625 0.3875 0.8984375 0.39375 0.8921875 0.3921875 0.8859375 0.3953125 0.8796875 0.40625 0.8734375 0.4015625 0.8609375 0.4015625 0.85625 0.3984375 0.846875 0.3984375 0.8421875 0.3921875 0.8375 0.371875 0.840625 0.359375 0.85625 0.334375 0.8640625 0.3296875 0.88125 0.3296875
3 0.671875 0.4140625 0.675 0.4125 0.6796875 0.4140625 0.6921875 0.4328125 0.696875 0.4234375 0.696875 0.434375 0.6890625 0.4390625 0.6796875 0.4578125 0.678125 0.465625 0.671875 0.4734375 0.6671875 0.465625 0.671875 0.415625