5 0.0796875 0.2484375 0.0890625 0.271875 0.0921875 0.290625 0.0921875 0.30625 0.0890625 0.325 0.0734375 0.3484375 0.0609375 0.3484375 0.0484375 0.3546875 0.0421875 0.3484375 0.028125 0.3234375 0.0171875 0.3171875 0.009375 0.3171875 0.00625 0.3125 0.0015625 0.296875 0.0015625 0.2578125 0.0046875 0.25625 0.0171875 0.259375 0.0234375 0.246875 0.078125 0.2484375
5 0.7234375 0.2828125 0.753125 0.26875 0.7953125 0.275 0.796875 0.2765625 0.796875 0.3015625 0.8 0.3125 0.8 0.3359375 0.79375 0.378125 0.7875 0.3875 0.7828125 0.3875 0.7796875 0.390625 0.775 0.4046875 0.76875 0.409375 0.7640625 0.4015625 0.75 0.3984375 0.740625 0.39375 0.7296875 0.3984375 0.728125 0.3859375 0.71875 0.378125 0.7203125 0.315625 0.7234375 0.284375
1 0.715625 0.3 0.7203125 0.3078125 0.71875 0.353125 0.7078125 0.3671875 0.7046875 0.3671875 0.7 0.3609375 0.6859375 0.3609375 0.68125 0.365625 0.675 0.365625 0.6734375 0.3375 0.6765625 0.325 0.69375 0.3 0.7140625 0.3
1 0.8125 0.2328125 0.8171875 0.2375 0.8171875 0.2625 0.809375 0.2671875 0.79375 0.265625 0.79375 0.2375 0.7984375 0.23125 0.8109375 0.2328125
1 0.8453125 0.2203125 0.846875 0.2484375 0.840625 0.2515625 0.8265625 0.2515625 0.825 0.2375 0.8328125 0.221875 0.8375 0.21875 0.84375 0.2203125
1 0.1515625 0.3140625 0.1859375 0.3140625 0.19375 0.31875 0.2109375 0.3421875 0.215625 0.3515625 0.2171875 0.3609375 0.215625 0.3765625 0.2125 0.378125 0.1890625 0.378125 0.184375 0.38125 0.1765625 0.38125 0.171875 0.3734375 0.153125 0.3703125 0.1515625 0.359375 0.1453125 0.3484375 0.1453125 0.328125 0.1484375 0.3171875 0.1515625 0.315625
1 0 0.321875 0.0078125 0.3203125 0.025 0.3234375 0.0421875 0.35 0.0484375 0.36875 0.0484375 0.3875 0.0453125 0.390625 0.034375 0.3859375 0.0109375 0.3859375 0.0046875 0.390625 0 0.390625 0 0.3234375
1 0.109375 0.328125 0.11875 0.3328125 0.128125 0.334375 0.1375 0.34375 0.1484375 0.359375 0.1515625 0.371875 0.1515625 0.390625 0.15 0.3921875 0.13125 0.390625 0.11875 0.3921875 0.1125 0.396875 0.109375 0.396875 0.1046875 0.3890625 0.096875 0.3828125 0.08125 0.3875 0.0765625 0.38125 0.075 0.3703125 0.0765625 0.3484375 0.084375 0.334375 0.0890625 0.3296875 0.1078125 0.328125
1 0.45 0.546875 0.4546875 0.55 0.465625 0.55 0.4703125 0.553125 0.4796875 0.5546875 0.5109375 0.571875 0.525 0.575 0.5375 0.584375 0.5421875 0.5984375 0.5421875 0.621875 0.5390625 0.6296875 0.5359375 0.6515625 0.5328125 0.6578125 0.528125 0.6609375 0.525 0.65625 0.515625 0.6546875 0.4921875 0.675 0.471875 0.6984375 0.46875 0.721875 0.465625 0.728125 0.459375 0.7328125 0.4546875 0.73125 0.4484375 0.7203125 0.409375 0.715625 0.4015625 0.7109375 0.3890625 0.7078125 0.384375 0.7015625 0.3734375 0.6953125 0.36875 0.684375 0.3703125 0.634375 0.3859375 0.5890625 0.4015625 0.571875 0.41875 0.559375 0.440625 0.546875 0.4484375 0.546875
1 0.1109375 0.29375 0.128125 0.2984375 0.1390625 0.3125 0.1390625 0.31875 0.1421875 0.325 0.1421875 0.340625 0.140625 0.3421875 0.1296875 0.3328125 0.1203125 0.33125 0.1109375 0.3265625 0.09375 0.3265625 0.0921875 0.325 0.09375 0.3 0.1015625 0.29375 0.109375 0.29375
4 0.028125 0.3765625 0.01640625 0.00703125
4 0.746875 0.378125 0.75 0.3796875 0.7484375 0.3875 0.7390625 0.3859375 0.7390625 0.3796875 0.7453125 0.378125
4 0.68125 0.3484375 0.69375 0.3515625 0.6921875 0.3546875 0.684375 0.3546875 0.68125 0.353125 0.68125 0.35
4 0.2 0.3640625 0.2046875 0.3625 0.2109375 0.3640625 0.20625 0.36875 0.2015625 0.36875 0.2 0.365625
4 0.3921875 0.6546875 0.4 0.6546875 0.4046875 0.6578125 0.4046875 0.675 0.4015625 0.6765625 0.39375 0.6734375 0.390625 0.66875 0.3921875 0.65625
4 0.1296875 0.378125 0.1328125 0.3765625 0.1453125 0.378125 0.1390625 0.384375 0.134375 0.384375 0.1296875 0.3796875
3 0.990625 0.525 0.9984375 0.521875 0.9984375 0.5640625 0.9875 0.5609375 0.9828125 0.55 0.9828125 0.5390625 0.9859375 0.5296875 0.990625 0.5265625
3 0.2859375 0.3140625 0.2921875 0.31875 0.2921875 0.3421875 0.28125 0.340625 0.2765625 0.3328125 0.278125 0.315625 0.284375 0.3140625
3 0.18125 0.29375 0.1859375 0.2921875 0.190625 0.296875 0.190625 0.315625 0.184375 0.3125 0.18125 0.3078125 0.18125 0.2953125