1 0.83125 0.2296875 0.8359375 0.2375 0.8375 0.2484375 0.8375 0.253125 0.8328125 0.259375 0.8265625 0.259375 0.8234375 0.253125 0.825 0.24375 0.8234375 0.2328125 0.8296875 0.2296875
1 0.71875 0.2625 0.73125 0.265625 0.73125 0.2765625 0.734375 0.28125 0.734375 0.2859375 0.7203125 0.2984375 0.71875 0.2875 0.715625 0.2921875 0.7125 0.2921875 0.7078125 0.284375 0.7 0.2796875 0.7 0.2734375 0.7046875 0.2671875 0.709375 0.2640625 0.7171875 0.2640625
1 0.09375 0.2875 0.1046875 0.3 0.115625 0.3203125 0.115625 0.340625 0.1109375 0.3421875 0.10625 0.3375 0.09375 0.3375 0.084375 0.34375 0.08125 0.34375 0.0734375 0.3359375 0.0703125 0.3375 0.0671875 0.3359375 0.0640625 0.3234375 0.0640625 0.3078125 0.06875 0.2890625 0.0921875 0.2875
1 0.8453125 0.225 0.846875 0.2453125 0.84375 0.2515625 0.8375 0.253125 0.8359375 0.2375 0.8296875 0.23125 0.8328125 0.225 0.84375 0.225
1 0.809375 0.265625 0.8078125 0.2515625 0.8015625 0.2421875 0.8015625 0.2359375 0.8046875 0.2328125 0.81875 0.2328125 0.8234375 0.240625 0.821875 0.2625 0.81875 0.265625 0.8109375 0.265625
1 0.7328125 0.2640625 0.7515625 0.2625 0.7578125 0.271875 0.7578125 0.2859375 0.740625 0.2875 0.7359375 0.284375 0.7328125 0.275 0.7328125 0.265625
1 0.8 0.2421875 0.80625 0.25 0.8078125 0.2640625 0.80625 0.271875 0.803125 0.2734375 0.790625 0.2734375 0.7890625 0.265625 0.7890625 0.24375 0.7984375 0.2421875
1 0.7765625 0.2421875 0.78125 0.2484375 0.7828125 0.2640625 0.7765625 0.2859375 0.759375 0.2828125 0.759375 0.271875 0.753125 0.2609375 0.75625 0.25 0.7625 0.24375 0.775 0.2421875
1 0.01875 0.253125 0.021875 0.2546875 0.028125 0.2703125 0.028125 0.290625 0.0140625 0.2875 0.0046875 0.2921875 0.0015625 0.290625 0 0.2828125 0 0.2546875 0.0171875 0.253125
1 0.75625 0.2875 0.7609375 0.2953125 0.7609375 0.3234375 0.7578125 0.3265625 0.753125 0.3265625 0.746875 0.3359375 0.74375 0.3328125 0.71875 0.3328125 0.7203125 0.3109375 0.7234375 0.3 0.7296875 0.2921875 0.734375 0.2890625 0.7546875 0.2875
1 0.703125 0.2828125 0.70625 0.284375 0.7109375 0.296875 0.7109375 0.315625 0.7078125 0.3265625 0.6984375 0.33125 0.6921875 0.3375 0.6640625 0.3359375 0.6625 0.334375 0.6625 0.3125 0.68125 0.2828125 0.7015625 0.2828125
3 0.18125 0.334375 0.1875 0.346875 0.184375 0.3734375 0.1796875 0.3734375 0.1765625 0.3671875 0.1703125 0.371875 0.1671875 0.3609375 0.16875 0.3390625 0.175 0.334375 0.1796875 0.334375
3 0.2984375 0.3609375 0.2953125 0.3484375 0.2953125 0.3375 0.303125 0.3390625 0.3125 0.3375 0.3140625 0.3421875 0.3125 0.3625 0.309375 0.3640625 0.3 0.3609375
3 0.4296875 0.31875 0.4328125 0.321875 0.434375 0.3375 0.440625 0.3390625 0.440625 0.3578125 0.4375 0.3609375 0.428125 0.3609375 0.421875 0.35625 0.41875 0.35625 0.4140625 0.3609375 0.4078125 0.359375 0.409375 0.34375 0.4171875 0.3359375 0.4203125 0.328125 0.4296875 0.3203125
3 0.2953125 0.446875 0.3 0.4484375 0.3078125 0.4578125 0.30625 0.4828125 0.3078125 0.4953125 0.3125 0.503125 0.315625 0.4953125 0.3140625 0.4921875 0.315625 0.4828125 0.3234375 0.4828125 0.3265625 0.4765625 0.3296875 0.50625 0.3234375 0.509375 0.3203125 0.5203125 0.3171875 0.521875 0.3125 0.515625 0.3 0.5171875 0.2921875 0.534375 0.2890625 0.5375 0.2828125 0.534375 0.28125 0.5140625 0.2875 0.490625 0.2859375 0.484375 0.2890625 0.4703125 0.2890625 0.45 0.29375 0.4484375
3 0.2984375 0.3609375 0.2953125 0.35 0.2953125 0.3203125 0.2984375 0.3171875 0.303125 0.321875 0.3 0.3359375 0.303125 0.3390625 0.3109375 0.3359375 0.3140625 0.3421875 0.3125 0.3625 0.309375 0.3640625 0.3 0.3609375
3 0.128125 0.296875 0.134375 0.2984375 0.1375 0.3109375 0.1359375 0.31875 0.128125 0.3171875 0.128125 0.2984375
4 0.678125 0.325 0.678125 0.328125 0.66875 0.3265625 0.6703125 0.3234375 0.6765625 0.325
4 0.0921875 0.328125 0.1 0.3265625 0.10625 0.328125 0.1046875 0.3328125 0.09375 0.3328125 0.0921875 0.3296875
4 0.0203125 0.2765625 0.021875 0.28125 0.0140625 0.28125 0.0125 0.2796875 0.0140625 0.278125 0.01875 0.278125