1 0.3390625 0.325 0.3484375 0.3375 0.3375 0.3421875 0.3328125 0.346875 0.328125 0.359375 0.328125 0.375 0.325 0.38125 0.3203125 0.38125 0.3125 0.3734375 0.284375 0.3703125 0.28125 0.3609375 0.28125 0.3515625 0.284375 0.34375 0.309375 0.3234375 0.3359375 0.3234375 0.3375 0.325
1 0.0234375 0.284375 0.0359375 0.29375 0.0421875 0.3171875 0.0359375 0.3140625 0.03125 0.303125 0.025 0.2984375 0 0.2953125 0.0015625 0.284375 0.021875 0.284375
1 0.8234375 0.2578125 0.8203125 0.2453125 0.809375 0.2359375 0.8171875 0.23125 0.825 0.23125 0.828125 0.234375 0.8296875 0.25625 0.825 0.2578125
1 0.090625 0.3171875 0.1015625 0.328125 0.1125 0.3515625 0.0984375 0.353125 0.0953125 0.35625 0.0875 0.3578125 0.0828125 0.3625 0.0796875 0.3765625 0.0765625 0.3796875 0.06875 0.3703125 0.0640625 0.371875 0.0609375 0.3703125 0.05625 0.35625 0.05625 0.334375 0.0609375 0.325 0.06875 0.31875 0.0890625 0.3171875
1 0.0984375 0.2890625 0.1015625 0.29375 0.1015625 0.303125 0.0984375 0.3140625 0.0953125 0.3171875 0.071875 0.315625 0.0703125 0.2984375 0.071875 0.2890625 0.0765625 0.2859375 0.090625 0.2859375 0.096875 0.2890625
1 0.0109375 0.3203125 0.01875 0.3265625 0.025 0.3421875 0.03125 0.3484375 0.0359375 0.3671875 0.0359375 0.38125 0.0328125 0.3859375 0.021875 0.38125 0.00625 0.3828125 0 0.378125 0 0.321875 0.009375 0.3203125
1 0.7859375 0.3109375 0.7921875 0.3140625 0.7953125 0.321875 0.8046875 0.334375 0.8046875 0.35625 0.8015625 0.359375 0.7859375 0.3578125 0.778125 0.36875 0.7734375 0.3671875 0.7703125 0.3625 0.7609375 0.359375 0.746875 0.3625 0.7453125 0.3359375 0.75625 0.3140625 0.7625 0.309375 0.771875 0.3078125 0.784375 0.3109375
1 0.696875 0.2984375 0.04296875 0.05625
1 0.1046875 0.2984375 0.1296875 0.3 0.140625 0.3140625 0.14375 0.328125 0.14375 0.3453125 0.1421875 0.346875 0.115625 0.3484375 0.0984375 0.3203125 0.1046875 0.3
1 0.190625 0.3140625 0.19375 0.3171875 0.2015625 0.31875 0.2125 0.3296875 0.225 0.359375 0.2234375 0.378125 0.209375 0.3765625 0.20625 0.378125 0.1921875 0.3765625 0.190625 0.378125 0.1875 0.3765625 0.178125 0.359375 0.1671875 0.3484375 0.1625 0.346875 0.1609375 0.3328125 0.1640625 0.3171875 0.16875 0.3140625 0.1890625 0.3140625
1 0.825 0.2859375 0.8328125 0.2875 0.8421875 0.29375 0.8453125 0.30625 0.84375 0.3265625 0.8328125 0.340625 0.8078125 0.3359375 0.8 0.321875 0.8 0.309375 0.8078125 0.290625 0.815625 0.2859375 0.8234375 0.2859375
1 0.046875 0.278125 0.0640625 0.278125 0.0703125 0.284375 0.06875 0.315625 0.0484375 0.31875 0.04375 0.315625 0.040625 0.303125 0.0421875 0.2875 0.046875 0.2796875
1 0.2859375 0.390625 0.3 0.396875 0.3109375 0.4078125 0.3203125 0.4265625 0.334375 0.440625 0.3390625 0.459375 0.3375 0.4734375 0.33125 0.4859375 0.3265625 0.4859375 0.3234375 0.4828125 0.3046875 0.4828125 0.2859375 0.4890625 0.28125 0.4875 0.275 0.4734375 0.2625 0.4671875 0.25 0.46875 0.246875 0.465625 0.24375 0.45 0.2390625 0.44375 0.2375 0.4359375 0.2390625 0.4171875 0.25 0.3921875 0.25625 0.3890625 0.284375 0.390625
1 0 0.296875 0.0234375 0.2984375 0.03125 0.303125 0.0453125 0.33125 0.0453125 0.3453125 0.0421875 0.3515625 0.0296875 0.3453125 0.025 0.340625 0.0203125 0.3265625 0.0140625 0.3203125 0.0015625 0.3171875 0 0.2984375
1 0.396875 0.3453125 0.4203125 0.3671875 0.425 0.3671875 0.4375 0.3734375 0.440625 0.3796875 0.4421875 0.3875 0.440625 0.40625 0.4359375 0.4109375 0.4234375 0.4125 0.4140625 0.421875 0.40625 0.4203125 0.4 0.4078125 0.3859375 0.40625 0.3609375 0.40625 0.3515625 0.415625 0.3453125 0.415625 0.3375 0.4 0.3296875 0.3953125 0.33125 0.3578125 0.334375 0.3484375 0.340625 0.3421875 0.375 0.340625 0.3890625 0.3421875 0.3953125 0.3453125
1 0.83984375 0.23828125 0.02109375 0.03125
1 0.3203125 0.4875 0.3453125 0.5 0.359375 0.51875 0.365625 0.53125 0.375 0.534375 0.3734375 0.546875 0.3828125 0.559375 0.390625 0.575 0.39375 0.5875 0.3921875 0.6265625 0.3890625 0.6328125 0.3859375 0.6359375 0.3765625 0.6375 0.3625 0.6453125 0.3421875 0.65 0.3375 0.6484375 0.3328125 0.653125 0.33125 0.6609375 0.328125 0.6625 0.321875 0.6609375 0.31875 0.65625 0.315625 0.6484375 0.3140625 0.634375 0.309375 0.628125 0.2953125 0.6203125 0.278125 0.60625 0.271875 0.6125 0.2640625 0.6125 0.2609375 0.609375 0.2546875 0.571875 0.25625 0.5703125 0.2546875 0.5578125 0.2578125 0.5484375 0.2578125 0.53125 0.2671875 0.5015625 0.275 0.49375 0.2953125 0.4875 0.309375 0.4859375 0.31875 0.4875
1 0.1640625 0.35 0.171875 0.3546875 0.19375 0.3921875 0.1953125 0.415625 0.1921875 0.4203125 0.1875 0.41875 0.178125 0.4203125 0.1734375 0.4125 0.1734375 0.40625 0.1625 0.375 0.15 0.3625 0.128125 0.3515625 0.13125 0.3484375 0.1609375 0.3484375 0.1625 0.35
2 0.128125 0.40859375 0.1 0.1265625
2 0.73359375 0.3015625 0.04921875 0.0796875
3 0.2109375 0.303125 0.2125 0.3078125 0.2109375 0.3234375 0.2046875 0.3203125 0.2015625 0.309375 0.203125 0.3015625 0.209375 0.303125
3 0.5203125 0.725 0.525 0.7265625 0.53125 0.7390625 0.53125 0.753125 0.528125 0.7609375 0.528125 0.76875 0.5296875 0.775 0.540625 0.7890625 0.5484375 0.81875 0.5453125 0.8421875 0.5421875 0.846875 0.534375 0.846875 0.5265625 0.840625 0.5203125 0.8296875 0.515625 0.8046875 0.5125 0.8015625 0.5078125 0.803125 0.5 0.8015625 0.496875 0.796875 0.496875 0.784375 0.49375 0.78125 0.49375 0.775 0.496875 0.771875 0.5015625 0.7515625 0.4984375 0.7421875 0.4984375 0.7328125 0.5015625 0.728125 0.50625 0.728125 0.5125 0.734375 0.5171875 0.734375 0.5203125 0.73125 0.5203125 0.7265625
4 0.3140625 0.46875 0.3234375 0.465625 0.3296875 0.4671875 0.328125 0.4734375 0.3234375 0.4734375 0.3203125 0.4765625 0.3140625 0.4765625 0.3140625 0.4703125
4 0.1640625 0.44375 0.1640625 0.4484375 0.1609375 0.4515625 0.1453125 0.4515625 0.1453125 0.446875 0.1625 0.44375
4 0.3828125 0.6078125 0.384375 0.615625 0.38125 0.6203125 0.3703125 0.6234375 0.3671875 0.6265625 0.3609375 0.6265625 0.3625 0.615625 0.38125 0.6078125
4 0.6875 0.3078125 0.690625 0.3109375 0.6875 0.3140625 0.6828125 0.3125 0.6828125 0.309375 0.6859375 0.3078125
4 0.4359375 0.39375 0.4421875 0.39375 0.440625 0.4015625 0.434375 0.4015625 0.4359375 0.3953125
4 0.759375 0.3421875 0.7609375 0.3484375 0.7546875 0.3484375 0.7515625 0.3453125 0.7515625 0.3421875 0.7578125 0.3421875
4 0.028125 0.3359375 0.0421875 0.334375 0.0421875 0.340625 0.0359375 0.34375 0.028125 0.3421875 0.028125 0.3375
4 0.2171875 0.3671875 0.2171875 0.3703125 0.2109375 0.3734375 0.203125 0.3734375 0.2015625 0.36875 0.215625 0.3671875
4 0.0203125 0.3640625 0.0234375 0.3671875 0.021875 0.371875 0.0078125 0.3703125 0.0109375 0.3640625 0.01875 0.3640625
4 0.1828125 0.409375 0.01640625 0.01171875
4 0.1390625 0.3328125 0.140625 0.334375 0.1390625 0.3390625 0.1296875 0.3375 0.1296875 0.334375 0.1375 0.3328125
4 0.1828125 0.40625 0.0171875 0.0109375