5 0.9046875 0.225 0.90625 0.2703125 0.8875 0.278125 0.8859375 0.284375 0.8796875 0.2921875 0.875 0.2921875 0.8703125 0.2875 0.8625 0.2875 0.85625 0.2828125 0.853125 0.26875 0.853125 0.246875 0.85625 0.225 0.8640625 0.221875 0.884375 0.221875 0.903125 0.225
5 0.2984375 0.2515625 0.3140625 0.259375 0.3203125 0.265625 0.3234375 0.275 0.3234375 0.2859375 0.31875 0.284375 0.3 0.2859375 0.290625 0.3015625 0.284375 0.2890625 0.2734375 0.278125 0.2734375 0.2546875 0.278125 0.25 0.2953125 0.25 0.296875 0.2515625
1 0.9984375 0.2703125 0.9984375 0.2875 0.9796875 0.2875 0.9796875 0.28125 0.984375 0.2734375 0.996875 0.2703125
1 0.8875 0.2984375 0.890625 0.303125 0.890625 0.3140625 0.8765625 0.321875 0.8671875 0.3109375 0.859375 0.3078125 0.859375 0.303125 0.8625 0.2984375 0.8671875 0.296875 0.884375 0.296875 0.8859375 0.2984375
1 0.9703125 0.271875 0.975 0.275 0.978125 0.28125 0.978125 0.2859375 0.9703125 0.296875 0.959375 0.2953125 0.9625 0.284375 0.9578125 0.278125 0.9484375 0.2734375 0.959375 0.2703125 0.96875 0.271875
1 0.9078125 0.2765625 0.9109375 0.278125 0.915625 0.275 0.9265625 0.275 0.9296875 0.278125 0.93125 0.2875 0.9296875 0.296875 0.921875 0.2984375 0.915625 0.3046875 0.9125 0.315625 0.9078125 0.3171875 0.89375 0.315625 0.89375 0.309375 0.8890625 0.296875 0.89375 0.284375 0.8984375 0.2796875 0.90625 0.278125
1 0.9578125 0.2984375 0.9625 0.303125 0.9640625 0.3171875 0.95 0.3296875 0.95 0.3328125 0.9328125 0.359375 0.928125 0.3703125 0.925 0.365625 0.9234375 0.35625 0.921875 0.325 0.9140625 0.3171875 0.915625 0.3078125 0.9234375 0.3 0.93125 0.296875 0.9546875 0.296875 0.95625 0.2984375
1 0.26875 0.278125 0.2828125 0.2890625 0.2859375 0.303125 0.29375 0.3171875 0.29375 0.328125 0.2890625 0.3265625 0.284375 0.3296875 0.28125 0.34375 0.2765625 0.3453125 0.271875 0.34375 0.2671875 0.346875 0.2625 0.3453125 0.2578125 0.3359375 0.2515625 0.3375 0.2484375 0.3359375 0.24375 0.3078125 0.2484375 0.28125 0.2546875 0.278125 0.2578125 0.2796875 0.2671875 0.278125
1 0.2203125 0.25625 0.225 0.2578125 0.2328125 0.2796875 0.23125 0.2984375 0.2203125 0.303125 0.2140625 0.303125 0.209375 0.2984375 0.203125 0.3 0.196875 0.2921875 0.196875 0.2625 0.203125 0.2578125 0.21875 0.25625
1 0.9078125 0.3171875 0.91875 0.321875 0.9203125 0.3265625 0.921875 0.371875 0.91875 0.3859375 0.9171875 0.3875 0.9078125 0.3859375 0.903125 0.39375 0.8984375 0.3953125 0.89375 0.390625 0.890625 0.390625 0.8890625 0.384375 0.8828125 0.378125 0.8734375 0.390625 0.865625 0.3921875 0.8625 0.396875 0.85625 0.396875 0.853125 0.3921875 0.853125 0.3734375 0.8578125 0.353125 0.865625 0.3453125 0.875 0.325 0.8921875 0.3171875 0.90625 0.3171875
1 0.2359375 0.2546875 0.24375 0.2546875 0.2515625 0.2578125 0.25625 0.2671875 0.2546875 0.271875 0.240625 0.271875 0.234375 0.2765625 0.2296875 0.259375 0.2359375 0.25625
1 0.1625 0.225 0.1671875 0.2296875 0.1703125 0.2390625 0.16875 0.2515625 0.1578125 0.2515625 0.1515625 0.246875 0.15 0.23125 0.1515625 0.2265625 0.1609375 0.225
1 0.9953125 0.31875 0.9984375 0.321875 0.9984375 0.3828125 0.984375 0.409375 0.9765625 0.4078125 0.9734375 0.4015625 0.9640625 0.3984375 0.95625 0.4015625 0.9453125 0.4 0.940625 0.40625 0.9359375 0.4078125 0.9328125 0.4046875 0.9328125 0.3734375 0.9359375 0.359375 0.9453125 0.346875 0.953125 0.3296875 0.959375 0.3234375 0.9703125 0.31875 0.99375 0.31875
1 0.5328125 0.5109375 0.55625 0.525 0.575 0.54375 0.578125 0.55 0.5828125 0.571875 0.590625 0.5875 0.59375 0.6375 0.5890625 0.653125 0.578125 0.665625 0.528125 0.6671875 0.521875 0.6734375 0.521875 0.6765625 0.5125 0.6890625 0.5078125 0.6890625 0.5015625 0.684375 0.4953125 0.6671875 0.49375 0.646875 0.4859375 0.6375 0.459375 0.6171875 0.4484375 0.6265625 0.4421875 0.6203125 0.4390625 0.6125 0.4375 0.565625 0.4421875 0.55 0.4421875 0.5375 0.4453125 0.5421875 0.45 0.5421875 0.453125 0.5390625 0.4625 0.5375 0.475 0.525 0.4921875 0.5171875 0.4984375 0.5171875 0.5109375 0.5125 0.53125 0.5109375
1 0.3203125 0.284375 0.325 0.2890625 0.3359375 0.3140625 0.3359375 0.3328125 0.334375 0.3359375 0.309375 0.3359375 0.3078125 0.3375 0.296875 0.328125 0.296875 0.3171875 0.2921875 0.3078125 0.2921875 0.3 0.3 0.2859375 0.31875 0.284375
1 0.25625 0.271875 0.2625 0.2765625 0.2515625 0.278125 0.246875 0.2828125 0.24375 0.3 0.2453125 0.3140625 0.24375 0.321875 0.234375 0.3125 0.2328125 0.3 0.234375 0.278125 0.240625 0.271875 0.2546875 0.271875
1 0.803125 0.3078125 0.8046875 0.309375 0.8203125 0.309375 0.8265625 0.3140625 0.83125 0.3421875 0.83125 0.35625 0.821875 0.3828125 0.8171875 0.3828125 0.8109375 0.378125 0.79375 0.38125 0.7859375 0.39375 0.7828125 0.39375 0.7765625 0.3859375 0.76875 0.384375 0.746875 0.3859375 0.7421875 0.375 0.74375 0.353125 0.759375 0.3359375 0.771875 0.3171875 0.7875 0.309375 0.8015625 0.3078125
1 0.2171875 0.24375 0.21875 0.253125 0.2140625 0.25625 0.203125 0.2578125 0.196875 0.265625 0.1953125 0.265625 0.19375 0.2578125 0.1953125 0.24375 0.2 0.2390625 0.215625 0.24375
1 0.971875 0.315625 0.971875 0.296875 0.978125 0.2890625 0.9984375 0.2890625 0.9984375 0.315625 0.9953125 0.3171875 0.9734375 0.315625
1 0.8484375 0.2796875 0.853125 0.2828125 0.859375 0.2953125 0.8578125 0.303125 0.8546875 0.3078125 0.8453125 0.3078125 0.83125 0.315625 0.8234375 0.3078125 0.81875 0.30625 0.8203125 0.290625 0.8296875 0.2796875 0.846875 0.2796875
1 0.8609375 0.309375 0.8703125 0.3140625 0.8734375 0.31875 0.8734375 0.3234375 0.865625 0.340625 0.85625 0.35 0.853125 0.3578125 0.853125 0.365625 0.85 0.3703125 0.84375 0.3703125 0.8390625 0.3671875 0.834375 0.3703125 0.8296875 0.36875 0.8328125 0.353125 0.83125 0.321875 0.840625 0.3125 0.859375 0.309375
1 0.95 0.2734375 0.959375 0.275 0.965625 0.2828125 0.9640625 0.296875 0.9328125 0.2953125 0.93125 0.2765625 0.9484375 0.2734375
3 0.88125 0.4171875 0.884375 0.421875 0.884375 0.4328125 0.8890625 0.4421875 0.8875 0.4609375 0.884375 0.4671875 0.878125 0.4671875 0.871875 0.4625 0.8625 0.4765625 0.859375 0.478125 0.85625 0.475 0.8546875 0.4640625 0.859375 0.4421875 0.8625 0.4375 0.8609375 0.428125 0.865625 0.4171875 0.8796875 0.4171875
3 0.68125 0.3203125 0.684375 0.3234375 0.6859375 0.3328125 0.684375 0.35625 0.6765625 0.35625 0.66875 0.359375 0.66875 0.3375 0.6734375 0.3375 0.6765625 0.334375 0.6796875 0.321875
3 0.175 0.2671875 0.184375 0.26875 0.1828125 0.290625 0.175 0.290625 0.1734375 0.2875 0.175 0.26875
3 0.73359375 0.36328125 0.01953125 0.05
4 0.834375 0.35 0.84375 0.3515625 0.8390625 0.35625 0.8359375 0.35625 0.834375 0.3515625
4 0.75078125 0.36953125 0.01328125 0.009375
4 0.32578125 0.32578125 0.01015625 0.00703125
4 0.7484375 0.365625 0.759375 0.3671875 0.7640625 0.3703125 0.7609375 0.3734375 0.75 0.3734375 0.7453125 0.3703125 0.746875 0.3671875
4 0.89375 0.3078125 0.9046875 0.3078125 0.9046875 0.3109375 0.9015625 0.3125 0.8953125 0.3125 0.89375 0.309375
4 0.31875 0.321875 0.321875 0.3203125 0.328125 0.321875 0.3265625 0.3265625 0.3203125 0.3265625 0.31875 0.3234375
4 0.9453125 0.3828125 0.9609375 0.384375 0.9625 0.3875 0.9609375 0.390625 0.95 0.390625 0.9453125 0.3875 0.9453125 0.384375
4 0.8734375 0.371875 0.8796875 0.3734375 0.878125 0.378125 0.8671875 0.378125 0.865625 0.3734375 0.871875 0.371875
4 0.5359375 0.6390625 0.55 0.6375 0.55 0.65625 0.5453125 0.6578125 0.5359375 0.6578125 0.534375 0.6453125 0.5359375 0.640625
4 0.825 0.29375 0.83125 0.296875 0.828125 0.3015625 0.825 0.3015625 0.8234375 0.3 0.825 0.2953125
4 0.846875 0.353125 0.846875 0.35625 0.8390625 0.359375 0.834375 0.35625 0.834375 0.353125 0.8359375 0.3515625 0.8453125 0.353125